created_at,entry_id,field1,field2,field3,field4,field5,field6,field7,field8
2021-09-01 00:57:01 UTC,5461,1,15,,0,0,0,0,528
2021-09-01 01:57:01 UTC,5462,2,17,,0,0,0,0,528
2021-09-01 02:57:01 UTC,5463,2,19,,4,0,0,0,528
2021-09-01 03:57:01 UTC,5464,1,20,,0,0,0,0,528
2021-09-01 04:57:01 UTC,5465,3,23,,0,0,0,0,528
2021-09-01 05:57:01 UTC,5466,14,37,,0,0,0,0,528
2021-09-01 06:57:01 UTC,5467,12,49,,4,0,0,0,528
2021-09-01 07:57:01 UTC,5468,26,75,,0,0,0,0,528
2021-09-01 08:57:01 UTC,5469,18,93,,0,0,0,0,528
2021-09-01 09:57:01 UTC,5470,28,121,,0,0,0,0,528
2021-09-01 10:57:01 UTC,5471,36,157,,0,0,0,0,528
2021-09-01 11:57:01 UTC,5472,35,192,,0,0,0,0,528
2021-09-01 12:57:01 UTC,5473,38,230,,0,0,0,0,528
2021-09-01 13:57:01 UTC,5474,43,273,,0,0,0,0,528
2021-09-01 14:57:01 UTC,5475,44,317,,0,0,0,0,528
2021-09-01 15:57:01 UTC,5476,61,378,,0,0,0,0,528
2021-09-01 16:57:01 UTC,5477,63,441,,0,0,0,0,528
2021-09-01 17:57:01 UTC,5478,58,499,,0,0,0,0,528
2021-09-01 18:57:01 UTC,5479,29,528,,0,0,0,0,528
2021-09-01 19:57:01 UTC,5480,25,553,,0,0,0,0,528
2021-09-01 20:57:01 UTC,5481,10,563,,4,0,0,0,528
2021-09-01 21:57:01 UTC,5482,,,563,,,,,
2021-09-01 22:57:01 UTC,5483,16,16,,0,0,0,0,572
2021-09-01 23:57:01 UTC,5484,6,22,,0,0,0,0,572
2021-09-02 00:57:01 UTC,5485,3,25,,0,0,0,0,572
2021-09-02 01:57:01 UTC,5486,6,31,,0,0,0,0,572
2021-09-02 02:57:01 UTC,5487,2,33,,4,0,0,0,572
2021-09-02 03:57:01 UTC,5488,3,36,,0,0,0,0,572
2021-09-02 04:57:01 UTC,5489,1,37,,0,0,0,0,572
2021-09-02 05:57:01 UTC,5490,8,45,,0,0,0,0,572
2021-09-02 06:57:01 UTC,5491,10,55,,4,0,0,0,572
2021-09-02 07:57:01 UTC,5492,13,69,,0,0,0,0,572
2021-09-02 08:57:01 UTC,5493,12,81,,0,0,0,0,572
2021-09-02 09:57:01 UTC,5494,16,97,,0,0,0,0,572
2021-09-02 10:57:01 UTC,5495,31,128,,0,0,0,0,572
2021-09-02 11:57:01 UTC,5496,26,154,,0,0,0,0,572
2021-09-02 12:57:01 UTC,5497,39,193,,0,0,0,0,572
2021-09-02 13:57:01 UTC,5498,50,243,,0,0,0,0,572
2021-09-02 14:57:01 UTC,5499,35,278,,0,0,0,0,572
2021-09-02 15:57:01 UTC,5500,45,323,,0,0,0,0,572
2021-09-02 16:57:01 UTC,5501,67,390,,0,0,0,0,572
2021-09-02 17:57:01 UTC,5502,63,453,,0,0,0,0,572
2021-09-02 18:57:01 UTC,5503,27,480,,0,0,0,0,572
2021-09-02 19:57:01 UTC,5504,22,502,,0,0,0,0,572
2021-09-02 20:57:01 UTC,5505,13,515,,4,0,0,0,572
2021-09-02 21:57:01 UTC,5506,,,515,,,,,
2021-09-02 22:57:01 UTC,5507,15,15,,0,0,0,0,520
2021-09-02 23:57:01 UTC,5508,9,24,,0,0,0,0,520
2021-09-03 00:57:01 UTC,5509,2,26,,0,0,0,0,520
2021-09-03 01:57:01 UTC,5510,1,27,,0,0,0,0,520
2021-09-03 02:57:01 UTC,5511,1,28,,0,0,0,0,520
2021-09-03 03:57:01 UTC,5512,2,30,,0,0,0,0,520
2021-09-03 04:57:01 UTC,5513,4,34,,0,0,0,0,520
2021-09-03 05:57:01 UTC,5514,10,44,,0,0,0,0,520
2021-09-03 06:57:01 UTC,5515,11,55,,0,0,0,0,520
2021-09-03 07:57:01 UTC,5516,12,67,,0,0,0,0,520
2021-09-03 08:57:01 UTC,5517,15,82,,0,0,0,0,520
2021-09-03 09:57:01 UTC,5518,21,103,,0,0,0,0,520
2021-09-03 10:57:01 UTC,5519,24,127,,0,0,0,0,520
2021-09-03 11:57:01 UTC,5520,30,157,,0,0,0,0,520
2021-09-03 12:57:01 UTC,5521,24,181,,0,0,0,0,520
2021-09-03 13:57:01 UTC,5522,55,236,,0,0,0,0,520
2021-09-03 14:57:01 UTC,5523,41,277,,0,0,0,0,520
2021-09-03 15:57:01 UTC,5524,48,325,,0,0,0,0,520
2021-09-03 16:57:01 UTC,5525,39,364,,0,0,0,0,520
2021-09-03 17:57:01 UTC,5526,39,403,,0,0,0,0,520
2021-09-03 18:57:01 UTC,5527,32,435,,0,0,0,0,520
2021-09-03 19:57:01 UTC,5528,14,449,,0,0,0,0,520
2021-09-03 20:57:01 UTC,5529,14,463,,4,0,0,0,520
2021-09-03 21:57:01 UTC,5530,,,463,,,,,
2021-09-03 22:57:01 UTC,5531,9,9,,0,0,0,0,471
2021-09-03 23:57:01 UTC,5532,3,12,,0,0,0,0,471
2021-09-04 00:57:01 UTC,5533,6,18,,0,0,0,0,471
2021-09-04 01:57:01 UTC,5534,2,20,,0,0,0,0,471
2021-09-04 02:57:01 UTC,5535,0,20,,0,0,0,0,471
2021-09-04 03:57:01 UTC,5536,1,21,,0,0,0,0,471
2021-09-04 04:57:01 UTC,5537,2,23,,0,0,0,0,471
2021-09-04 05:57:01 UTC,5538,6,29,,0,0,0,0,471
2021-09-04 06:57:01 UTC,5539,11,40,,4,0,0,0,471
2021-09-04 07:57:01 UTC,5540,14,54,,0,0,0,0,471
2021-09-04 08:57:01 UTC,5541,13,67,,0,0,0,0,471
2021-09-04 09:57:01 UTC,5542,12,79,,0,0,0,0,471
2021-09-04 10:57:01 UTC,5543,33,112,,0,0,0,0,471
2021-09-04 11:57:01 UTC,5544,37,149,,0,0,0,0,471
2021-09-04 12:57:01 UTC,5545,29,178,,0,0,0,0,471
2021-09-04 13:57:01 UTC,5546,33,211,,0,0,0,0,471
2021-09-04 14:57:01 UTC,5547,25,236,,0,0,0,0,471
2021-09-04 15:57:01 UTC,5548,33,269,,0,0,0,0,471
2021-09-04 16:57:01 UTC,5549,36,305,,0,0,0,0,471
2021-09-04 17:57:01 UTC,5550,39,344,,0,0,0,0,471
2021-09-04 18:57:01 UTC,5551,29,373,,0,0,0,0,471
2021-09-04 19:57:01 UTC,5552,15,388,,0,0,0,0,471
2021-09-04 20:57:01 UTC,5553,8,396,,4,0,0,0,471
2021-09-04 21:57:01 UTC,5554,,,396,,,,,
2021-09-04 22:57:01 UTC,5555,11,11,,0,0,0,0,408
2021-09-04 23:57:01 UTC,5556,14,25,,0,0,0,0,408
2021-09-05 00:57:01 UTC,5557,7,32,,0,0,0,0,408
2021-09-05 01:57:01 UTC,5558,4,36,,0,0,0,0,408
2021-09-05 02:57:01 UTC,5559,1,37,,0,0,0,0,408
2021-09-05 03:57:01 UTC,5560,3,40,,0,0,0,0,408
2021-09-05 04:57:01 UTC,5561,5,45,,0,0,0,0,408
2021-09-05 05:57:01 UTC,5562,12,57,,0,0,0,0,408
2021-09-05 06:57:01 UTC,5563,16,73,,4,0,0,0,408
2021-09-05 07:57:01 UTC,5564,17,90,,0,0,0,0,408
2021-09-05 08:57:01 UTC,5565,18,108,,0,0,0,0,408
2021-09-05 09:57:01 UTC,5566,44,152,,0,0,0,0,408
2021-09-05 10:57:01 UTC,5567,37,189,,0,0,0,0,408
2021-09-05 11:57:01 UTC,5568,37,226,,0,0,0,0,408
2021-09-05 12:57:01 UTC,5569,37,263,,0,0,0,0,408
2021-09-05 13:57:01 UTC,5570,70,333,,0,0,0,0,408
2021-09-05 14:57:01 UTC,5571,33,366,,0,0,0,0,408
2021-09-05 15:57:01 UTC,5572,31,397,,0,0,0,0,408
2021-09-05 16:57:01 UTC,5573,35,432,,0,0,0,0,408
2021-09-05 17:57:01 UTC,5574,24,456,,0,0,0,0,408
2021-09-05 18:57:01 UTC,5575,26,482,,0,0,0,0,408
2021-09-05 19:57:01 UTC,5576,10,492,,0,0,0,0,408
2021-09-05 20:57:01 UTC,5577,8,500,,4,0,0,0,408
2021-09-05 21:57:01 UTC,5578,,,500,,,,,
2021-09-05 22:57:01 UTC,5579,10,10,,0,0,0,0,511
2021-09-05 23:57:01 UTC,5580,10,20,,0,0,0,0,511
2021-09-06 00:57:01 UTC,5581,3,23,,0,0,0,0,511
2021-09-06 01:57:01 UTC,5582,3,26,,0,0,0,0,511
2021-09-06 02:57:01 UTC,5583,1,27,,0,0,0,0,511
2021-09-06 03:57:01 UTC,5584,5,32,,0,0,0,0,511
2021-09-06 04:57:01 UTC,5585,3,35,,0,0,0,0,511
2021-09-06 05:57:01 UTC,5586,13,48,,0,0,0,0,511
2021-09-06 06:57:01 UTC,5587,11,59,,4,0,0,0,511
2021-09-06 07:57:01 UTC,5588,23,82,,0,0,0,0,511
2021-09-06 08:57:01 UTC,5589,13,95,,0,0,0,0,511
2021-09-06 09:57:01 UTC,5590,17,112,,0,0,0,0,511
2021-09-06 10:57:01 UTC,5591,34,146,,0,0,0,0,511
2021-09-06 11:57:01 UTC,5592,23,169,,0,0,0,0,511
2021-09-06 12:57:01 UTC,5593,25,194,,0,0,0,0,511
2021-09-06 13:57:01 UTC,5594,46,240,,0,0,0,0,511
2021-09-06 14:57:01 UTC,5595,33,273,,0,0,0,0,511
2021-09-06 15:57:01 UTC,5596,49,322,,0,0,0,0,511
2021-09-06 16:57:01 UTC,5597,59,381,,0,0,0,0,511
2021-09-06 17:57:01 UTC,5598,52,433,,0,0,0,0,511
2021-09-06 18:57:01 UTC,5599,28,461,,0,0,0,0,511
2021-09-06 19:57:01 UTC,5600,14,475,,0,0,0,0,511
2021-09-06 20:57:01 UTC,5601,12,487,,4,0,0,0,511
2021-09-06 21:57:01 UTC,5602,,,487,,,,,
2021-09-06 22:57:01 UTC,5603,8,8,,0,0,0,0,502
2021-09-06 23:57:01 UTC,5604,6,14,,0,0,0,0,502
2021-09-07 00:57:01 UTC,5605,4,18,,0,0,0,0,502
2021-09-07 01:57:01 UTC,5606,3,21,,0,0,0,0,502
2021-09-07 02:57:01 UTC,5607,2,23,,0,0,0,0,502
2021-09-07 03:57:01 UTC,5608,2,25,,0,0,0,0,502
2021-09-07 04:57:01 UTC,5609,5,30,,0,0,0,0,502
2021-09-07 05:57:01 UTC,5610,12,42,,0,0,0,0,502
2021-09-07 06:57:01 UTC,5611,15,57,,4,0,0,0,502
2021-09-07 07:57:01 UTC,5612,21,78,,0,0,1,0,502
2021-09-07 08:57:01 UTC,5613,18,96,,0,0,1,0,502
2021-09-07 09:57:01 UTC,5614,21,117,,0,0,1,0,502
2021-09-07 10:57:01 UTC,5615,29,146,,0,0,1,0,502
2021-09-07 11:57:01 UTC,5616,33,179,,0,0,1,0,502
2021-09-07 12:57:01 UTC,5617,37,216,,0,0,1,0,502
2021-09-07 13:57:01 UTC,5618,45,261,,0,0,1,0,502
2021-09-07 14:57:01 UTC,5619,48,309,,0,0,1,0,502
2021-09-07 15:57:01 UTC,5620,45,354,,0,0,1,0,502
2021-09-07 16:57:01 UTC,5621,55,409,,0,0,1,0,502
2021-09-07 17:57:01 UTC,5622,48,457,,0,0,1,0,502
2021-09-07 18:57:01 UTC,5623,39,496,,0,0,1,0,502
2021-09-07 19:57:01 UTC,5624,26,522,,0,0,1,0,502
2021-09-07 20:57:01 UTC,5625,14,536,,4,0,1,0,502
2021-09-07 21:57:01 UTC,5626,,,536,,,,,
2021-09-07 22:57:01 UTC,5627,11,11,,0,0,0,0,548
2021-09-07 23:57:01 UTC,5628,5,16,,0,0,0,0,548
2021-09-08 00:57:01 UTC,5629,0,16,,0,0,0,0,548
2021-09-08 01:57:01 UTC,5630,1,17,,0,0,0,0,548
2021-09-08 02:57:01 UTC,5631,1,18,,0,0,0,0,548
2021-09-08 03:57:01 UTC,5632,2,20,,0,0,0,0,548
2021-09-08 04:57:01 UTC,5633,5,25,,0,0,0,0,548
2021-09-08 05:57:01 UTC,5634,13,38,,0,0,0,0,548
2021-09-08 06:57:01 UTC,5635,8,46,,4,0,0,0,548
2021-09-08 07:57:01 UTC,5636,26,72,,0,0,0,0,548
2021-09-08 08:57:01 UTC,5637,20,92,,0,0,0,0,548
2021-09-08 09:57:01 UTC,5638,28,120,,0,0,0,0,548
2021-09-08 10:57:01 UTC,5639,26,146,,0,0,0,0,548
2021-09-08 11:57:01 UTC,5640,35,181,,0,0,0,0,548
2021-09-08 12:57:01 UTC,5641,24,205,,0,0,0,0,548
2021-09-08 13:57:01 UTC,5642,30,235,,0,0,0,0,548
2021-09-08 14:57:01 UTC,5643,40,275,,0,0,0,0,548
2021-09-08 15:57:01 UTC,5644,51,326,,0,0,0,0,548
2021-09-08 16:57:01 UTC,5645,60,386,,0,0,0,0,548
2021-09-08 17:57:01 UTC,5646,40,426,,0,0,0,0,548
2021-09-08 18:57:01 UTC,5647,17,443,,0,0,0,0,548
2021-09-08 19:57:01 UTC,5648,12,455,,0,0,0,0,548
2021-09-08 20:57:01 UTC,5649,15,470,,4,0,0,0,548
2021-09-08 21:57:01 UTC,5650,,,470,,,,,
2021-09-08 22:57:01 UTC,5651,15,15,,0,0,0,0,485
2021-09-08 23:57:01 UTC,5652,5,20,,0,0,0,0,485
2021-09-09 00:57:01 UTC,5653,4,24,,0,0,0,0,485
2021-09-09 01:57:01 UTC,5654,1,25,,0,0,0,0,485
2021-09-09 02:57:01 UTC,5655,3,28,,4,0,0,0,485
2021-09-09 03:57:01 UTC,5656,2,30,,0,0,0,0,485
2021-09-09 04:57:01 UTC,5657,4,34,,0,0,0,0,485
2021-09-09 05:57:01 UTC,5658,12,46,,0,0,0,0,485
2021-09-09 06:57:01 UTC,5659,16,62,,4,0,0,0,485
2021-09-09 07:57:01 UTC,5660,29,91,,0,0,0,0,485
2021-09-09 08:57:01 UTC,5661,32,123,,0,0,0,0,485
2021-09-09 09:57:01 UTC,5662,30,153,,0,0,0,0,485
2021-09-09 10:57:01 UTC,5663,42,195,,0,0,0,0,485
2021-09-09 11:57:01 UTC,5664,29,224,,0,0,0,0,485
2021-09-09 12:57:01 UTC,5665,36,260,,0,0,0,0,485
2021-09-09 13:57:01 UTC,5666,41,301,,0,0,0,0,485
2021-09-09 14:57:01 UTC,5667,44,345,,0,0,0,0,485
2021-09-09 15:57:01 UTC,5668,58,403,,0,0,0,0,485
2021-09-09 16:57:01 UTC,5669,50,453,,0,0,0,0,485
2021-09-09 17:57:01 UTC,5670,37,490,,0,0,0,0,485
2021-09-09 18:57:01 UTC,5671,35,525,,0,0,0,0,485
2021-09-09 19:57:01 UTC,5672,31,556,,0,0,0,0,485
2021-09-09 20:57:01 UTC,5673,18,574,,4,0,0,0,485
2021-09-09 21:57:01 UTC,5674,,,574,,,,,
2021-09-09 22:57:01 UTC,5675,10,10,,0,0,0,0,586
2021-09-09 23:57:01 UTC,5676,3,13,,0,0,0,0,586
2021-09-10 00:57:01 UTC,5677,5,18,,0,0,0,0,586
2021-09-10 01:57:01 UTC,5678,5,23,,0,0,0,0,586
2021-09-10 02:57:01 UTC,5679,4,27,,4,0,0,0,586
2021-09-10 03:57:01 UTC,5680,3,30,,0,0,0,0,586
2021-09-10 04:57:01 UTC,5681,8,38,,0,0,0,0,586
2021-09-10 05:57:01 UTC,5682,8,46,,0,0,0,0,586
2021-09-10 06:57:01 UTC,5683,9,55,,4,0,0,0,586
2021-09-10 07:57:01 UTC,5684,24,80,,0,0,0,0,586
2021-09-10 08:57:01 UTC,5685,21,101,,0,0,0,0,586
2021-09-10 09:57:01 UTC,5686,20,121,,0,0,0,0,586
2021-09-10 10:57:01 UTC,5687,19,140,,0,0,0,0,586
2021-09-10 11:57:01 UTC,5688,34,174,,0,0,0,0,586
2021-09-10 12:57:01 UTC,5689,39,213,,0,0,0,0,586
2021-09-10 13:57:01 UTC,5690,44,257,,0,0,0,0,586
2021-09-10 14:57:01 UTC,5691,37,294,,0,0,0,0,586
2021-09-10 15:57:01 UTC,5692,35,329,,0,0,0,0,586
2021-09-10 16:57:01 UTC,5693,35,364,,0,0,0,0,586
2021-09-10 17:57:01 UTC,5694,25,389,,0,0,0,0,586
2021-09-10 18:57:01 UTC,5695,32,421,,0,0,0,0,586
2021-09-10 19:57:01 UTC,5696,15,436,,0,0,0,0,586
2021-09-10 20:57:01 UTC,5697,10,446,,4,0,0,0,586
2021-09-10 21:57:01 UTC,5698,,,446,,,,,
2021-09-10 22:57:01 UTC,5699,7,7,,0,0,0,0,462
2021-09-10 23:57:01 UTC,5700,3,10,,0,0,0,0,462
2021-09-11 00:57:01 UTC,5701,5,15,,0,0,0,0,462
2021-09-11 01:57:01 UTC,5702,4,19,,0,0,0,0,462
2021-09-11 02:57:01 UTC,5703,0,19,,0,0,0,0,462
2021-09-11 03:57:01 UTC,5704,1,20,,0,0,0,0,462
2021-09-11 04:57:01 UTC,5705,1,21,,0,0,0,0,462
2021-09-11 05:57:01 UTC,5706,10,31,,0,0,0,0,462
2021-09-11 06:57:01 UTC,5707,9,40,,4,0,0,0,462
2021-09-11 07:57:01 UTC,5708,15,55,,0,0,0,0,462
2021-09-11 08:57:01 UTC,5709,17,72,,0,0,0,0,462
2021-09-11 09:57:01 UTC,5710,21,93,,0,0,0,0,462
2021-09-11 10:57:01 UTC,5711,42,135,,0,0,0,0,462
2021-09-11 11:57:01 UTC,5712,45,180,,0,0,0,0,462
2021-09-11 12:57:01 UTC,5713,27,207,,0,0,0,0,462
2021-09-11 13:57:01 UTC,5714,29,236,,0,0,0,0,462
2021-09-11 14:57:01 UTC,5715,31,267,,0,0,0,0,462
2021-09-11 15:57:01 UTC,5716,28,295,,0,0,0,0,462
2021-09-11 16:57:01 UTC,5717,23,318,,0,0,0,0,462
2021-09-11 17:57:01 UTC,5718,30,348,,0,0,0,0,462
2021-09-11 18:57:01 UTC,5719,24,372,,0,0,0,0,462
2021-09-11 19:57:01 UTC,5720,12,384,,0,0,0,0,462
2021-09-11 20:57:01 UTC,5721,11,395,,4,0,0,0,462
2021-09-11 21:57:01 UTC,5722,,,395,,,,,
