created_at,entry_id,field1,field2,field3,field4,field5,field6,field7,field8
2021-06-01 00:57:01 UTC,1665,1,14,,0,0,0,0,1549
2021-06-01 01:57:01 UTC,1666,0,14,,0,0,0,0,1549
2021-06-01 02:57:01 UTC,1667,2,16,,4,0,0,0,1549
2021-06-01 03:57:01 UTC,1668,3,19,,0,0,0,0,1549
2021-06-01 04:57:01 UTC,1669,6,25,,0,0,0,0,1549
2021-06-01 05:57:01 UTC,1670,15,40,,0,0,0,0,1549
2021-06-01 06:57:01 UTC,1671,30,70,,4,0,0,0,1549
2021-06-01 07:57:01 UTC,1672,20,91,,0,0,0,0,1549
2021-06-01 08:57:01 UTC,1673,42,133,,0,0,0,0,1549
2021-06-01 09:57:01 UTC,1674,43,176,,0,0,0,0,1549
2021-06-01 10:57:01 UTC,1675,86,262,,0,0,0,0,1549
2021-06-01 11:57:01 UTC,1676,75,337,,0,0,0,0,1549
2021-06-01 12:57:01 UTC,1677,274,611,,0,0,0,0,1549
2021-06-01 13:57:01 UTC,1678,303,914,,0,0,0,0,1549
2021-06-01 14:57:01 UTC,1679,120,1034,,0,0,0,0,1549
2021-06-01 15:57:01 UTC,1680,93,1127,,0,0,0,0,1549
2021-06-01 16:57:01 UTC,1681,73,1200,,0,0,0,0,1549
2021-06-01 17:57:01 UTC,1682,74,1274,,0,0,0,0,1549
2021-06-01 18:57:01 UTC,1683,58,1332,,0,0,0,0,1549
2021-06-01 19:57:01 UTC,1684,41,1373,,0,0,0,0,1549
2021-06-01 20:57:01 UTC,1685,32,1405,,4,0,0,0,1549
2021-06-01 21:57:01 UTC,1686,,,1405,,,,,
2021-06-01 22:57:01 UTC,1687,11,11,,0,0,0,0,1442
2021-06-01 23:57:01 UTC,1688,2,13,,0,0,0,0,1442
2021-06-02 00:57:01 UTC,1689,2,15,,0,0,0,0,1442
2021-06-02 01:57:01 UTC,1690,0,15,,0,0,0,0,1442
2021-06-02 02:57:01 UTC,1691,0,15,,4,0,0,0,1442
2021-06-02 03:57:01 UTC,1692,3,18,,0,0,0,0,1442
2021-06-02 04:57:01 UTC,1693,6,24,,0,0,0,0,1442
2021-06-02 05:57:01 UTC,1694,15,39,,0,0,0,0,1442
2021-06-02 06:57:01 UTC,1695,25,64,,4,0,0,0,1442
2021-06-02 07:57:01 UTC,1696,30,94,,0,0,0,0,1442
2021-06-02 08:57:01 UTC,1697,42,136,,0,0,0,0,1442
2021-06-02 09:57:01 UTC,1698,52,188,,0,0,0,0,1442
2021-06-02 10:57:01 UTC,1699,71,259,,0,0,0,0,1442
2021-06-02 11:57:01 UTC,1700,53,312,,0,0,0,0,1442
2021-06-02 12:57:01 UTC,1701,27,339,,0,0,0,0,1442
2021-06-02 13:57:01 UTC,1702,38,377,,0,0,0,0,1442
2021-06-02 14:57:01 UTC,1703,30,407,,0,0,0,0,1442
2021-06-02 15:57:01 UTC,1704,31,438,,0,0,0,0,1442
2021-06-02 16:57:01 UTC,1705,45,483,,0,0,0,0,1442
2021-06-02 17:57:01 UTC,1706,54,537,,0,0,0,0,1442
2021-06-02 18:57:01 UTC,1707,39,576,,0,0,0,0,1442
2021-06-02 19:57:01 UTC,1708,32,608,,0,0,0,0,1442
2021-06-02 20:57:01 UTC,1709,18,626,,4,0,0,0,1442
2021-06-02 21:57:01 UTC,1710,,,626,,,,,
2021-06-02 22:57:01 UTC,1711,10,10,,0,0,0,0,647
2021-06-02 23:57:01 UTC,1712,2,12,,0,0,0,0,647
2021-06-03 00:57:01 UTC,1713,1,13,,0,0,0,0,647
2021-06-03 01:57:01 UTC,1714,0,13,,0,0,0,0,647
2021-06-03 02:57:01 UTC,1715,2,15,,4,0,0,0,647
2021-06-03 03:57:01 UTC,1716,3,18,,0,0,0,0,647
2021-06-03 04:57:01 UTC,1717,10,28,,0,0,0,0,647
2021-06-03 05:57:01 UTC,1718,19,47,,0,0,0,0,647
2021-06-03 06:57:01 UTC,1719,31,78,,4,0,0,0,647
2021-06-03 07:57:01 UTC,1720,25,104,,0,0,0,0,647
2021-06-03 08:57:01 UTC,1721,30,134,,0,0,0,0,647
2021-06-03 09:57:01 UTC,1722,27,161,,0,0,0,0,647
2021-06-03 10:57:01 UTC,1723,48,209,,0,0,0,0,647
2021-06-03 11:57:01 UTC,1724,107,316,,0,0,0,0,647
2021-06-03 12:57:01 UTC,1725,410,726,,0,0,0,0,647
2021-06-03 13:57:01 UTC,1726,393,1119,,0,0,0,0,647
2021-06-03 14:57:01 UTC,1727,219,1338,,0,0,0,0,647
2021-06-03 15:57:01 UTC,1728,231,1569,,0,0,0,0,647
2021-06-03 16:57:01 UTC,1729,78,1647,,0,0,0,0,647
2021-06-03 17:57:01 UTC,1730,71,1718,,0,0,0,0,647
2021-06-03 18:57:01 UTC,1731,49,1767,,0,0,0,0,647
2021-06-03 19:57:01 UTC,1732,26,1793,,0,0,0,1,647
2021-06-03 20:57:01 UTC,1733,18,1811,,0,0,0,1,647
2021-06-03 21:57:01 UTC,1734,,,1811,,,,,
2021-06-03 22:57:01 UTC,1735,15,15,,0,0,0,0,1831
2021-06-03 23:57:01 UTC,1736,2,17,,0,0,0,0,1831
2021-06-04 00:57:01 UTC,1737,2,19,,0,0,0,0,1831
2021-06-04 01:57:01 UTC,1738,0,19,,0,0,0,0,1831
2021-06-04 02:57:01 UTC,1739,2,21,,4,0,0,0,1831
2021-06-04 03:57:01 UTC,1740,2,23,,0,0,0,0,1831
2021-06-04 04:57:01 UTC,1741,12,35,,0,0,0,0,1831
2021-06-04 05:57:01 UTC,1742,17,52,,0,0,0,0,1831
2021-06-04 06:57:01 UTC,1743,45,97,,4,0,0,0,1831
2021-06-04 07:57:01 UTC,1744,34,132,,0,0,0,0,1831
2021-06-04 08:57:01 UTC,1745,47,179,,0,0,0,0,1831
2021-06-04 09:57:01 UTC,1746,43,222,,0,0,0,0,1831
2021-06-04 10:57:01 UTC,1747,46,268,,0,0,0,0,1831
2021-06-04 11:57:01 UTC,1748,203,471,,0,0,0,0,1831
2021-06-04 12:57:01 UTC,1749,216,687,,0,0,0,0,1831
2021-06-04 13:57:01 UTC,1750,339,1026,,0,0,0,0,1831
2021-06-04 14:57:01 UTC,1751,62,1088,,0,0,0,0,1831
2021-06-04 15:57:01 UTC,1752,67,1155,,0,0,0,0,1831
2021-06-04 16:57:01 UTC,1753,75,1230,,0,0,0,0,1831
2021-06-04 17:57:01 UTC,1754,59,1289,,0,0,0,0,1831
2021-06-04 18:57:01 UTC,1755,58,1347,,0,0,0,0,1831
2021-06-04 19:57:01 UTC,1756,18,1365,,0,0,0,0,1831
2021-06-04 20:57:01 UTC,1757,23,1388,,4,0,0,0,1831
2021-06-04 21:57:01 UTC,1758,,,1388,,,,,
2021-06-04 22:57:01 UTC,1759,20,20,,0,0,0,0,1419
2021-06-04 23:57:01 UTC,1760,1,21,,0,0,0,0,1419
2021-06-05 00:57:01 UTC,1761,0,21,,0,0,0,0,1419
2021-06-05 01:57:01 UTC,1762,1,22,,0,0,0,0,1419
2021-06-05 02:57:01 UTC,1763,2,24,,4,0,0,0,1419
2021-06-05 03:57:01 UTC,1764,4,28,,0,0,0,0,1419
2021-06-05 04:57:01 UTC,1765,5,33,,0,0,0,0,1419
2021-06-05 05:57:01 UTC,1766,9,42,,0,0,0,0,1419
2021-06-05 06:57:01 UTC,1767,9,51,,4,0,0,0,1419
2021-06-05 07:57:01 UTC,1768,22,73,,0,0,0,0,1419
2021-06-05 08:57:01 UTC,1769,23,96,,0,0,0,0,1419
2021-06-05 09:57:01 UTC,1770,27,123,,0,0,0,0,1419
2021-06-05 10:57:01 UTC,1771,26,149,,0,0,0,0,1419
2021-06-05 11:57:01 UTC,1772,29,178,,0,0,0,0,1419
2021-06-05 12:57:01 UTC,1773,22,200,,0,0,0,0,1419
2021-06-05 13:57:01 UTC,1774,31,231,,0,0,0,0,1419
2021-06-05 14:57:01 UTC,1775,27,258,,0,0,0,0,1419
2021-06-05 15:57:01 UTC,1776,36,294,,0,0,0,0,1419
2021-06-05 16:57:01 UTC,1777,31,325,,0,0,0,0,1419
2021-06-05 17:57:01 UTC,1778,36,361,,0,0,0,0,1419
2021-06-05 18:57:01 UTC,1779,35,396,,0,0,0,0,1419
2021-06-05 19:57:01 UTC,1780,16,412,,0,0,0,0,1419
2021-06-05 20:57:01 UTC,1781,12,424,,4,0,0,0,1419
2021-06-05 21:57:01 UTC,1782,,,424,,,,,
2021-06-05 22:57:01 UTC,1783,12,12,,0,0,0,0,443
2021-06-05 23:57:01 UTC,1784,5,17,,0,0,0,0,443
2021-06-06 00:57:01 UTC,1785,0,17,,0,0,0,0,443
2021-06-06 01:57:01 UTC,1786,2,19,,0,0,0,0,443
2021-06-06 02:57:01 UTC,1787,0,19,,4,0,0,0,443
2021-06-06 03:57:01 UTC,1788,1,20,,0,0,0,0,443
2021-06-06 04:57:01 UTC,1789,4,24,,0,0,0,0,443
2021-06-06 05:57:01 UTC,1790,7,31,,0,0,0,0,443
2021-06-06 06:57:01 UTC,1791,17,48,,4,0,0,0,443
2021-06-06 07:57:01 UTC,1792,16,64,,0,0,0,0,443
2021-06-06 08:57:01 UTC,1793,38,102,,0,0,0,0,443
2021-06-06 09:57:01 UTC,1794,34,136,,0,0,0,0,443
2021-06-06 10:57:01 UTC,1795,31,167,,0,0,0,0,443
2021-06-06 11:57:01 UTC,1796,34,201,,0,0,0,0,443
2021-06-06 12:57:01 UTC,1797,14,215,,0,0,0,0,443
2021-06-06 13:57:01 UTC,1798,30,245,,0,0,0,0,443
2021-06-06 14:57:01 UTC,1799,30,275,,0,0,0,0,443
2021-06-06 15:57:01 UTC,1800,22,297,,0,0,0,0,443
2021-06-06 16:57:01 UTC,1801,12,309,,0,0,0,0,443
2021-06-06 17:57:01 UTC,1802,10,319,,0,0,0,0,443
2021-06-06 18:57:01 UTC,1803,11,330,,4,0,0,0,443
2021-06-06 19:57:01 UTC,1804,11,341,,0,0,0,0,443
2021-06-06 20:57:01 UTC,1805,7,348,,4,0,0,0,443
2021-06-06 21:57:01 UTC,1806,,,348,,,,,
2021-06-06 22:57:01 UTC,1807,3,3,,0,0,0,0,359
2021-06-06 23:57:01 UTC,1808,3,6,,0,0,0,0,359
2021-06-07 00:57:01 UTC,1809,1,7,,0,0,0,0,359
2021-06-07 01:57:01 UTC,1810,1,8,,0,0,0,0,359
2021-06-07 02:57:01 UTC,1811,0,8,,4,0,0,0,359
2021-06-07 03:57:01 UTC,1812,2,10,,0,0,0,0,359
2021-06-07 04:57:01 UTC,1813,4,14,,0,0,0,0,359
2021-06-07 05:57:01 UTC,1814,9,23,,0,0,0,0,359
2021-06-07 06:57:01 UTC,1815,7,30,,4,0,0,0,359
2021-06-07 07:57:01 UTC,1816,25,55,,0,0,0,0,359
2021-06-07 08:57:01 UTC,1817,28,83,,0,0,0,0,359
2021-06-07 09:57:01 UTC,1818,24,107,,0,0,0,0,359
2021-06-07 10:57:01 UTC,1819,33,140,,0,0,0,0,359
2021-06-07 11:57:01 UTC,1820,61,201,,0,0,0,0,359
2021-06-07 12:57:01 UTC,1821,99,300,,0,0,0,0,359
2021-06-07 13:57:01 UTC,1822,332,632,,0,0,0,0,359
2021-06-07 14:57:01 UTC,1823,172,804,,0,0,0,0,359
2021-06-07 15:57:01 UTC,1824,117,921,,0,0,0,0,359
2021-06-07 16:57:01 UTC,1825,48,969,,0,0,0,0,359
2021-06-07 17:57:01 UTC,1826,65,1034,,0,0,0,0,359
2021-06-07 18:57:01 UTC,1827,33,1067,,0,0,0,0,359
2021-06-07 19:57:01 UTC,1828,21,1088,,0,0,0,0,359
2021-06-07 20:57:01 UTC,1829,14,1102,,4,0,0,0,359
2021-06-07 21:57:01 UTC,1830,,,1102,,,,,
2021-06-07 22:57:01 UTC,1831,16,16,,0,0,0,0,1111
2021-06-07 23:57:01 UTC,1832,4,20,,0,0,0,0,1111
2021-06-08 00:57:01 UTC,1833,0,20,,0,0,0,0,1111
2021-06-08 01:57:01 UTC,1834,0,20,,0,0,0,0,1111
2021-06-08 02:57:01 UTC,1835,0,20,,4,0,0,0,1111
2021-06-08 03:57:01 UTC,1836,1,21,,0,0,0,0,1111
2021-06-08 04:57:01 UTC,1837,6,27,,0,0,0,0,1111
2021-06-08 05:57:01 UTC,1838,19,46,,0,0,0,0,1111
2021-06-08 06:57:01 UTC,1839,17,63,,4,0,0,0,1111
2021-06-08 07:57:01 UTC,1840,29,92,,0,0,0,0,1111
2021-06-08 08:57:01 UTC,1841,24,116,,0,0,0,0,1111
2021-06-08 09:57:01 UTC,1842,31,147,,0,0,0,0,1111
2021-06-08 10:57:01 UTC,1843,22,169,,0,0,0,0,1111
2021-06-08 11:57:01 UTC,1844,12,181,,0,0,0,0,1111
2021-06-08 12:57:01 UTC,1845,1,182,,0,0,0,0,1111
2021-06-08 13:57:01 UTC,1846,9,191,,0,0,0,0,1111
2021-06-08 14:57:01 UTC,1847,12,203,,4,0,0,0,1111
2021-06-08 15:57:01 UTC,1848,25,228,,0,0,0,0,1111
2021-06-08 16:57:01 UTC,1849,32,260,,0,0,0,0,1111
2021-06-08 17:57:01 UTC,1850,27,287,,0,0,0,0,1111
2021-06-08 18:57:01 UTC,1851,18,305,,4,0,0,0,1111
2021-06-08 19:57:01 UTC,1852,10,315,,0,0,0,0,1111
2021-06-08 20:57:01 UTC,1853,16,331,,4,0,0,0,1111
2021-06-08 21:57:01 UTC,1854,,,331,,,,,
