created_at,entry_id,field1,field2,field3,field4,field5,field6,field7,field8
2021-05-01 00:57:01 UTC,2713,4,16,,0,0,0,0,604
2021-05-01 01:57:01 UTC,2714,2,18,,0,0,0,0,604
2021-05-01 02:57:01 UTC,2715,1,19,,4,0,0,0,604
2021-05-01 03:57:01 UTC,2716,4,23,,0,0,0,0,604
2021-05-01 04:57:01 UTC,2717,7,30,,0,0,0,0,604
2021-05-01 05:57:01 UTC,2718,9,39,,0,0,0,0,604
2021-05-01 06:57:01 UTC,2719,20,59,,4,0,0,0,604
2021-05-01 07:57:01 UTC,2720,18,77,,0,0,0,0,604
2021-05-01 08:57:01 UTC,2721,19,96,,0,0,0,0,604
2021-05-01 09:57:01 UTC,2722,28,124,,0,0,0,0,604
2021-05-01 10:57:01 UTC,2723,19,143,,0,0,0,0,604
2021-05-01 11:57:01 UTC,2724,17,160,,0,0,0,0,604
2021-05-01 12:57:01 UTC,2725,25,185,,0,0,0,0,604
2021-05-01 13:57:01 UTC,2726,11,196,,0,0,0,0,604
2021-05-01 14:57:01 UTC,2727,13,209,,4,0,0,0,604
2021-05-01 15:57:01 UTC,2728,19,228,,0,0,1,0,604
2021-05-01 16:57:01 UTC,2729,16,244,,0,0,1,0,604
2021-05-01 17:57:01 UTC,2730,23,267,,0,0,1,0,604
2021-05-01 18:57:01 UTC,2731,15,282,,4,0,1,0,604
2021-05-01 19:57:01 UTC,2732,15,297,,0,0,1,0,604
2021-05-01 20:57:01 UTC,2733,6,303,,4,0,1,0,604
2021-05-01 21:57:01 UTC,2734,,,303,,,,,
2021-05-01 22:57:01 UTC,2735,6,6,,0,0,0,0,309
2021-05-01 23:57:01 UTC,2736,1,7,,0,0,0,0,309
2021-05-02 00:57:01 UTC,2737,2,9,,0,0,0,0,309
2021-05-02 01:57:01 UTC,2738,0,9,,0,0,0,0,309
2021-05-02 02:57:01 UTC,2739,0,9,,4,0,0,0,309
2021-05-02 03:57:01 UTC,2740,1,10,,0,0,0,0,309
2021-05-02 04:57:01 UTC,2741,4,14,,0,0,0,0,309
2021-05-02 05:57:01 UTC,2742,7,21,,0,0,0,0,309
2021-05-02 06:57:01 UTC,2743,23,44,,4,0,0,0,309
2021-05-02 07:57:01 UTC,2744,36,83,,0,0,0,0,309
2021-05-02 08:57:01 UTC,2745,29,112,,0,0,0,0,309
2021-05-02 09:57:01 UTC,2746,40,152,,0,0,0,0,309
2021-05-02 10:57:01 UTC,2747,44,196,,4,0,0,0,309
2021-05-02 11:57:01 UTC,2748,29,225,,0,0,0,0,309
2021-05-02 12:57:01 UTC,2749,32,257,,0,0,0,0,309
2021-05-02 13:57:01 UTC,2750,31,288,,0,0,0,0,309
2021-05-02 14:57:01 UTC,2751,34,322,,4,0,0,0,309
2021-05-02 15:57:01 UTC,2752,45,367,,0,0,0,0,309
2021-05-02 16:57:01 UTC,2753,32,399,,0,0,0,0,309
2021-05-02 17:57:01 UTC,2754,20,419,,0,0,0,0,309
2021-05-02 18:57:01 UTC,2755,25,444,,4,0,0,0,309
2021-05-02 19:57:01 UTC,2756,20,464,,0,0,0,0,309
2021-05-02 20:57:01 UTC,2757,15,479,,4,0,0,0,309
2021-05-02 21:57:01 UTC,2758,,,479,,,,,
2021-05-02 22:57:01 UTC,2759,6,6,,0,0,0,0,485
2021-05-02 23:57:01 UTC,2760,0,6,,0,0,0,0,485
2021-05-03 00:57:01 UTC,2761,4,10,,0,0,0,0,485
2021-05-03 01:57:01 UTC,2762,3,13,,0,0,0,0,485
2021-05-03 02:57:01 UTC,2763,1,14,,4,0,0,0,485
2021-05-03 03:57:01 UTC,2764,1,15,,0,0,0,0,485
2021-05-03 04:57:01 UTC,2765,8,23,,0,0,0,0,485
2021-05-03 05:57:01 UTC,2766,9,32,,0,0,0,0,485
2021-05-03 06:57:01 UTC,2767,15,47,,4,0,0,0,485
2021-05-03 07:57:01 UTC,2768,20,69,,0,0,0,0,485
2021-05-03 08:57:01 UTC,2769,20,89,,0,0,0,0,485
2021-05-03 09:57:01 UTC,2770,24,113,,0,0,0,0,485
2021-05-03 10:57:01 UTC,2771,29,142,,4,0,0,0,485
2021-05-03 11:57:01 UTC,2772,39,181,,0,0,0,0,485
2021-05-03 12:57:01 UTC,2773,51,232,,0,0,0,0,485
2021-05-03 13:57:01 UTC,2774,78,310,,0,0,0,0,485
2021-05-03 14:57:01 UTC,2775,37,347,,0,0,0,0,485
2021-05-03 15:57:01 UTC,2776,69,416,,0,0,0,0,485
2021-05-03 16:57:01 UTC,2777,51,467,,0,0,0,0,485
2021-05-03 17:57:01 UTC,2778,70,537,,0,0,0,0,485
2021-05-03 18:57:01 UTC,2779,38,575,,4,0,0,0,485
2021-05-03 19:57:01 UTC,2780,14,589,,0,0,0,0,485
2021-05-03 20:57:01 UTC,2781,13,602,,4,0,0,0,485
2021-05-03 21:57:01 UTC,2782,,,602,,,,,
2021-05-03 22:57:01 UTC,2783,4,4,,0,0,0,0,610
2021-05-03 23:57:01 UTC,2784,1,5,,0,0,0,0,610
2021-05-04 00:57:01 UTC,2785,0,5,,0,0,0,0,610
2021-05-04 01:57:01 UTC,2786,1,6,,0,0,0,0,610
2021-05-04 02:57:01 UTC,2787,1,7,,4,0,0,0,610
2021-05-04 03:57:01 UTC,2788,3,10,,0,0,0,0,610
2021-05-04 04:57:01 UTC,2789,6,16,,0,0,0,0,610
2021-05-04 05:57:01 UTC,2790,14,30,,0,0,0,0,610
2021-05-04 06:57:01 UTC,2791,14,44,,4,0,0,0,610
2021-05-04 07:57:01 UTC,2792,24,68,,0,0,0,0,610
2021-05-04 08:57:01 UTC,2793,32,100,,0,0,0,0,610
2021-05-04 09:57:01 UTC,2794,27,127,,0,0,0,0,610
2021-05-04 10:57:01 UTC,2795,24,151,,4,0,0,0,610
2021-05-04 11:57:01 UTC,2796,26,178,,0,0,0,0,610
2021-05-04 12:57:01 UTC,2797,33,211,,0,0,0,0,610
2021-05-04 13:57:01 UTC,2798,23,234,,0,0,0,0,610
2021-05-04 14:57:01 UTC,2799,15,249,,4,0,0,0,610
2021-05-04 15:57:01 UTC,2800,14,263,,0,0,0,0,610
2021-05-04 16:57:01 UTC,2801,22,285,,0,0,0,0,610
2021-05-04 17:57:01 UTC,2802,29,314,,0,0,0,0,610
2021-05-04 18:57:01 UTC,2803,12,326,,4,0,0,0,610
2021-05-04 19:57:01 UTC,2804,13,339,,0,0,0,0,610
2021-05-04 20:57:01 UTC,2805,14,353,,4,0,0,0,610
2021-05-04 21:57:01 UTC,2806,,,353,,,,,
2021-05-04 22:57:01 UTC,2807,4,4,,0,0,0,0,357
2021-05-04 23:57:01 UTC,2808,1,5,,0,0,0,0,357
2021-05-05 00:57:01 UTC,2809,1,6,,0,0,0,0,357
2021-05-05 01:57:01 UTC,2810,0,6,,0,0,0,0,357
2021-05-05 02:57:01 UTC,2811,0,6,,4,0,0,0,357
2021-05-05 03:57:01 UTC,2812,3,9,,0,0,0,0,357
2021-05-05 04:57:01 UTC,2813,7,16,,0,0,0,0,357
2021-05-05 05:57:01 UTC,2814,17,33,,0,0,0,0,357
2021-05-05 06:57:01 UTC,2815,18,51,,4,0,0,0,357
2021-05-05 07:57:01 UTC,2816,30,86,,0,0,0,0,357
2021-05-05 08:57:01 UTC,2817,29,115,,0,0,0,0,357
2021-05-05 09:57:01 UTC,2818,35,150,,0,0,0,0,357
2021-05-05 10:57:01 UTC,2819,29,179,,4,0,0,0,357
2021-05-05 11:57:01 UTC,2820,37,216,,0,0,0,0,357
2021-05-05 12:57:01 UTC,2821,50,266,,0,0,0,0,357
2021-05-05 13:57:01 UTC,2822,57,323,,0,0,0,0,357
2021-05-05 14:57:01 UTC,2823,90,413,,0,0,0,0,357
2021-05-05 15:57:01 UTC,2824,50,463,,0,0,0,0,357
2021-05-05 16:57:01 UTC,2825,56,519,,0,0,0,0,357
2021-05-05 17:57:01 UTC,2826,71,590,,0,0,0,0,357
2021-05-05 18:57:01 UTC,2827,33,623,,4,0,0,0,357
2021-05-05 19:57:01 UTC,2828,36,659,,0,0,0,0,357
2021-05-05 20:57:01 UTC,2829,19,678,,4,0,0,0,357
2021-05-05 21:57:01 UTC,2830,,,678,,,,,
2021-05-05 22:57:01 UTC,2831,5,5,,0,0,0,0,685
2021-05-05 23:57:01 UTC,2832,3,8,,0,0,0,0,685
2021-05-06 00:57:01 UTC,2833,1,9,,0,0,0,0,685
2021-05-06 01:57:01 UTC,2834,0,9,,0,0,0,0,685
2021-05-06 02:57:01 UTC,2835,1,10,,4,0,0,0,685
2021-05-06 03:57:01 UTC,2836,5,15,,0,0,0,0,685
2021-05-06 04:57:01 UTC,2837,5,20,,0,0,0,0,685
2021-05-06 05:57:01 UTC,2838,20,40,,0,0,0,0,685
2021-05-06 06:57:01 UTC,2839,20,60,,4,0,0,0,685
2021-05-06 07:57:01 UTC,2840,11,72,,0,0,0,0,685
2021-05-06 08:57:01 UTC,2841,31,103,,0,0,0,0,685
2021-05-06 09:57:01 UTC,2842,17,120,,0,0,0,0,685
2021-05-06 10:57:01 UTC,2843,36,156,,0,0,0,0,685
2021-05-06 11:57:01 UTC,2844,58,214,,0,0,0,0,685
2021-05-06 12:57:01 UTC,2845,70,284,,0,0,0,0,685
2021-05-06 13:57:01 UTC,2846,66,350,,0,0,0,0,685
2021-05-06 14:57:01 UTC,2847,59,409,,0,0,0,0,685
2021-05-06 15:57:01 UTC,2848,77,486,,0,0,0,0,685
2021-05-06 16:57:01 UTC,2849,74,560,,0,0,0,0,685
2021-05-06 17:57:01 UTC,2850,70,630,,0,0,0,0,685
2021-05-06 18:57:01 UTC,2851,45,675,,0,0,0,0,685
2021-05-06 19:57:01 UTC,2852,31,706,,0,0,0,0,685
2021-05-06 20:57:01 UTC,2853,24,730,,4,0,0,0,685
2021-05-06 21:57:01 UTC,2854,,,730,,,,,
2021-05-06 22:57:01 UTC,2855,4,4,,0,0,0,0,740
2021-05-06 23:57:01 UTC,2856,0,4,,0,0,0,0,740
2021-05-07 00:57:01 UTC,2857,1,5,,0,0,0,0,740
2021-05-07 01:57:01 UTC,2858,0,5,,0,0,0,0,740
2021-05-07 02:57:01 UTC,2859,2,7,,4,0,0,0,740
2021-05-07 03:57:01 UTC,2860,3,10,,0,0,0,0,740
2021-05-07 04:57:01 UTC,2861,3,13,,0,0,0,0,740
2021-05-07 05:57:01 UTC,2862,22,35,,0,0,0,0,740
2021-05-07 06:57:01 UTC,2863,32,67,,4,0,0,0,740
2021-05-07 07:57:01 UTC,2864,20,88,,0,0,0,0,740
2021-05-07 08:57:01 UTC,2865,24,112,,0,0,0,0,740
2021-05-07 09:57:01 UTC,2866,24,136,,0,0,0,0,740
2021-05-07 10:57:01 UTC,2867,30,166,,0,0,0,0,740
2021-05-07 11:57:01 UTC,2868,61,227,,0,0,0,0,740
2021-05-07 12:57:01 UTC,2869,98,325,,0,0,0,0,740
2021-05-07 13:57:01 UTC,2870,59,384,,0,0,0,0,740
2021-05-07 14:57:01 UTC,2871,71,455,,0,0,0,0,740
2021-05-07 15:57:01 UTC,2872,56,511,,0,0,0,0,740
2021-05-07 16:57:01 UTC,2873,81,592,,0,0,0,0,740
2021-05-07 17:57:01 UTC,2874,71,663,,0,0,0,0,740
2021-05-07 18:57:01 UTC,2875,41,704,,0,0,0,0,740
2021-05-07 19:57:01 UTC,2876,23,727,,0,0,0,0,740
2021-05-07 20:57:01 UTC,2877,28,755,,4,0,0,0,740
2021-05-07 21:57:01 UTC,2878,,,755,,,,,
2021-05-07 22:57:01 UTC,2879,11,11,,0,0,0,0,763
2021-05-07 23:57:01 UTC,2880,2,13,,0,0,0,0,763
2021-05-08 00:57:01 UTC,2881,4,17,,0,0,0,0,763
2021-05-08 01:57:01 UTC,2882,1,18,,0,0,0,0,763
2021-05-08 02:57:01 UTC,2883,2,20,,4,0,0,0,763
2021-05-08 03:57:01 UTC,2884,2,22,,0,0,0,0,763
2021-05-08 04:57:01 UTC,2885,5,27,,0,0,0,0,763
2021-05-08 05:57:01 UTC,2886,9,36,,0,0,0,0,763
2021-05-08 06:57:01 UTC,2887,21,57,,4,0,0,0,763
2021-05-08 07:57:01 UTC,2888,27,86,,0,0,0,0,763
2021-05-08 08:57:01 UTC,2889,34,120,,0,0,0,0,763
2021-05-08 09:57:01 UTC,2890,44,164,,0,0,0,0,763
2021-05-08 10:57:01 UTC,2891,50,214,,0,0,0,0,763
2021-05-08 11:57:01 UTC,2892,87,301,,0,0,0,0,763
2021-05-08 12:57:01 UTC,2893,140,441,,0,0,0,0,763
2021-05-08 13:57:01 UTC,2894,222,663,,0,0,0,0,763
2021-05-08 14:57:01 UTC,2895,86,749,,0,0,0,0,763
2021-05-08 15:57:01 UTC,2896,68,817,,0,0,0,0,763
2021-05-08 16:57:01 UTC,2897,60,877,,0,0,0,0,763
2021-05-08 17:57:01 UTC,2898,52,929,,0,0,0,0,763
2021-05-08 18:57:01 UTC,2899,34,963,,0,0,0,0,763
2021-05-08 19:57:01 UTC,2900,32,995,,0,0,0,0,763
2021-05-08 20:57:01 UTC,2901,16,1011,,4,0,0,0,763
2021-05-08 21:57:01 UTC,2902,,,1011,,,,,
2021-05-08 22:57:01 UTC,2903,4,4,,0,0,0,0,1030
2021-05-08 23:57:01 UTC,2904,3,7,,0,0,0,0,1030
2021-05-09 00:57:01 UTC,2905,1,8,,0,0,0,0,1030
2021-05-09 01:57:01 UTC,2906,1,9,,0,0,0,0,1030
2021-05-09 02:57:01 UTC,2907,0,9,,4,0,0,0,1030
2021-05-09 03:57:01 UTC,2908,2,11,,0,0,0,0,1030
2021-05-09 04:57:01 UTC,2909,4,15,,0,0,0,0,1030
2021-05-09 05:57:01 UTC,2910,13,28,,0,0,0,0,1030
2021-05-09 06:57:01 UTC,2911,17,45,,4,0,0,0,1030
2021-05-09 07:57:01 UTC,2912,39,85,,0,0,0,0,1030
2021-05-09 08:57:01 UTC,2913,51,136,,0,0,0,0,1030
2021-05-09 09:57:01 UTC,2914,53,189,,0,0,0,0,1030
2021-05-09 10:57:01 UTC,2915,66,255,,0,0,0,0,1030
2021-05-09 11:57:01 UTC,2916,44,299,,0,0,0,0,1030
2021-05-09 12:57:01 UTC,2917,80,379,,0,0,0,0,1030
2021-05-09 13:57:01 UTC,2918,76,455,,0,0,0,0,1030
2021-05-09 14:57:01 UTC,2919,52,507,,0,0,0,0,1030
2021-05-09 15:57:01 UTC,2920,43,550,,0,0,0,0,1030
2021-05-09 16:57:01 UTC,2921,48,598,,0,0,0,0,1030
2021-05-09 17:57:01 UTC,2922,50,648,,0,0,0,0,1030
2021-05-09 18:57:01 UTC,2923,34,682,,0,0,0,0,1030
2021-05-09 19:57:01 UTC,2924,29,711,,0,0,0,0,1030
2021-05-09 20:57:01 UTC,2925,18,729,,4,0,0,0,1030
2021-05-09 21:57:01 UTC,2926,,,729,,,,,
2021-05-09 22:57:01 UTC,2927,8,8,,0,0,0,0,747
2021-05-09 23:57:01 UTC,2928,2,10,,0,0,0,0,747
2021-05-10 00:57:01 UTC,2929,3,13,,0,0,0,0,747
2021-05-10 01:57:01 UTC,2930,4,17,,0,0,0,0,747
2021-05-10 02:57:01 UTC,2931,2,19,,4,0,0,0,747
2021-05-10 03:57:01 UTC,2932,1,20,,0,0,0,0,747
2021-05-10 04:57:01 UTC,2933,9,29,,0,0,0,0,747
2021-05-10 05:57:01 UTC,2934,10,39,,0,0,0,0,747
2021-05-10 06:57:01 UTC,2935,23,62,,4,0,0,0,747
2021-05-10 07:57:01 UTC,2936,29,94,,0,0,0,0,747
2021-05-10 08:57:01 UTC,2937,34,128,,0,0,0,0,747
2021-05-10 09:57:01 UTC,2938,33,161,,0,0,0,0,747
2021-05-10 10:57:01 UTC,2939,37,198,,0,0,0,0,747
2021-05-10 11:57:01 UTC,2940,43,241,,0,0,0,0,747
2021-05-10 12:57:01 UTC,2941,58,299,,0,0,0,0,747
2021-05-10 13:57:01 UTC,2942,109,408,,0,0,0,0,747
2021-05-10 14:57:01 UTC,2943,69,477,,0,0,0,0,747
2021-05-10 15:57:01 UTC,2944,70,547,,0,0,0,0,747
2021-05-10 16:57:01 UTC,2945,69,616,,0,0,0,0,747
2021-05-10 17:57:01 UTC,2946,74,690,,0,0,0,0,747
2021-05-10 18:57:01 UTC,2947,40,730,,0,0,0,0,747
2021-05-10 19:57:01 UTC,2948,30,760,,0,0,0,0,747
2021-05-10 20:57:01 UTC,2949,20,780,,4,0,0,0,747
2021-05-10 21:57:01 UTC,2950,,,780,,,,,
2021-05-10 22:57:01 UTC,2951,3,3,,0,0,0,0,788
2021-05-10 23:57:01 UTC,2952,3,6,,0,0,0,0,788
2021-05-11 00:57:01 UTC,2953,2,8,,0,0,0,0,788
2021-05-11 01:57:01 UTC,2954,0,8,,0,0,0,0,788
2021-05-11 02:57:01 UTC,2955,1,9,,4,0,0,0,788
2021-05-11 03:57:01 UTC,2956,3,12,,0,0,0,0,788
2021-05-11 04:57:01 UTC,2957,5,17,,0,0,0,0,788
2021-05-11 05:57:01 UTC,2958,14,31,,0,0,0,0,788
2021-05-11 06:57:01 UTC,2959,27,58,,4,0,0,0,788
2021-05-11 07:57:01 UTC,2960,21,79,,0,0,0,0,788
2021-05-11 08:57:01 UTC,2961,22,101,,0,0,0,0,788
2021-05-11 09:57:01 UTC,2962,28,129,,0,0,0,0,788
2021-05-11 10:57:01 UTC,2963,39,168,,0,0,0,0,788
2021-05-11 11:57:01 UTC,2964,125,293,,0,0,0,0,788
2021-05-11 12:57:01 UTC,2965,112,405,,0,0,0,0,788
2021-05-11 13:57:01 UTC,2966,37,442,,0,0,0,0,788
2021-05-11 14:57:01 UTC,2967,22,464,,0,0,0,0,788
2021-05-11 15:57:01 UTC,2968,20,484,,0,0,0,0,788
2021-05-11 16:57:01 UTC,2969,15,499,,0,0,0,0,788
2021-05-11 17:57:01 UTC,2970,23,522,,0,0,0,0,788
2021-05-11 18:57:01 UTC,2971,15,537,,4,0,0,0,788
2021-05-11 19:57:01 UTC,2972,16,555,,0,0,0,0,788
2021-05-11 20:57:01 UTC,2973,11,566,,4,0,0,0,788
2021-05-11 21:57:01 UTC,2974,,,566,,,,,
