created_at,entry_id,field1,field2,field3,field4,field5,field6,field7,field8
2021-07-01 00:57:01 UTC,3973,5,30,,0,0,0,0,1182
2021-07-01 01:57:01 UTC,3974,1,31,,0,0,0,0,1182
2021-07-01 02:57:01 UTC,3975,3,34,,0,0,0,0,1182
2021-07-01 03:57:01 UTC,3976,2,36,,0,0,0,0,1182
2021-07-01 04:57:01 UTC,3977,9,45,,0,0,0,0,1182
2021-07-01 05:57:01 UTC,3978,17,62,,0,0,0,0,1182
2021-07-01 06:57:01 UTC,3979,25,87,,0,0,0,0,1182
2021-07-01 07:57:01 UTC,3980,23,110,,0,0,0,0,1182
2021-07-01 08:57:01 UTC,3981,20,130,,0,0,0,0,1182
2021-07-01 09:57:01 UTC,3982,19,149,,0,0,0,0,1182
2021-07-01 10:57:01 UTC,3983,34,183,,0,0,0,0,1182
2021-07-01 11:57:01 UTC,3984,42,225,,0,0,0,0,1182
2021-07-01 12:57:01 UTC,3985,214,439,,0,0,0,0,1182
2021-07-01 13:57:01 UTC,3986,214,653,,0,0,0,0,1182
2021-07-01 14:57:01 UTC,3987,136,789,,0,0,0,0,1182
2021-07-01 15:57:01 UTC,3988,120,909,,0,0,0,0,1182
2021-07-01 16:57:01 UTC,3989,68,977,,0,0,0,0,1182
2021-07-01 17:57:01 UTC,3990,63,1040,,0,0,0,0,1182
2021-07-01 18:57:01 UTC,3991,50,1090,,0,0,0,0,1182
2021-07-01 19:57:01 UTC,3992,32,1122,,0,0,0,0,1182
2021-07-01 20:57:01 UTC,3993,22,1144,,4,0,0,0,1182
2021-07-01 21:57:01 UTC,3994,,,1144,,,,,
2021-07-01 22:57:01 UTC,3995,24,24,,0,0,0,0,1158
2021-07-01 23:57:01 UTC,3996,9,33,,0,0,0,0,1158
2021-07-02 00:57:01 UTC,3997,7,40,,0,0,0,0,1158
2021-07-02 01:57:01 UTC,3998,3,43,,0,0,0,0,1158
2021-07-02 02:57:01 UTC,3999,1,44,,0,0,0,0,1158
2021-07-02 03:57:01 UTC,4000,4,48,,0,0,0,0,1158
2021-07-02 04:57:01 UTC,4001,6,54,,0,0,0,0,1158
2021-07-02 05:57:01 UTC,4002,22,76,,0,0,0,0,1158
2021-07-02 06:57:01 UTC,4003,27,103,,0,0,0,0,1158
2021-07-02 07:57:01 UTC,4004,24,127,,0,0,0,0,1158
2021-07-02 08:57:01 UTC,4005,28,155,,0,0,0,0,1158
2021-07-02 09:57:01 UTC,4006,21,176,,0,0,0,0,1158
2021-07-02 10:57:01 UTC,4007,32,208,,0,0,0,0,1158
2021-07-02 11:57:01 UTC,4008,60,268,,0,0,0,0,1158
2021-07-02 12:57:01 UTC,4009,53,321,,0,0,0,0,1158
2021-07-02 13:57:01 UTC,4010,242,563,,0,0,0,0,1158
2021-07-02 14:57:01 UTC,4011,298,861,,0,0,0,0,1158
2021-07-02 15:57:01 UTC,4012,177,1038,,0,0,0,0,1158
2021-07-02 16:57:01 UTC,4013,72,1110,,0,0,0,0,1158
2021-07-02 17:57:01 UTC,4014,61,1171,,0,0,0,0,1158
2021-07-02 18:57:01 UTC,4015,58,1229,,0,0,0,0,1158
2021-07-02 19:57:01 UTC,4016,32,1261,,0,0,0,0,1158
2021-07-02 20:57:01 UTC,4017,16,1277,,4,0,0,0,1158
2021-07-02 21:57:01 UTC,4018,,,1277,,,,,
2021-07-02 22:57:01 UTC,4019,12,12,,0,0,0,0,1305
2021-07-02 23:57:01 UTC,4020,16,28,,0,0,0,0,1305
2021-07-03 00:57:01 UTC,4021,8,36,,0,0,0,0,1305
2021-07-03 01:57:01 UTC,4022,6,42,,0,0,0,0,1305
2021-07-03 02:57:01 UTC,4023,3,45,,0,0,0,0,1305
2021-07-03 03:57:01 UTC,4024,4,49,,0,0,0,0,1305
2021-07-03 04:57:01 UTC,4025,7,56,,0,0,0,0,1305
2021-07-03 05:57:01 UTC,4026,15,71,,0,0,0,0,1305
2021-07-03 06:57:01 UTC,4027,11,82,,0,0,0,0,1305
2021-07-03 07:57:01 UTC,4028,22,104,,0,0,0,0,1305
2021-07-03 08:57:01 UTC,4029,27,131,,0,0,0,0,1305
2021-07-03 09:57:01 UTC,4030,20,151,,0,0,0,0,1305
2021-07-03 10:57:01 UTC,4031,41,192,,0,0,0,0,1305
2021-07-03 11:57:01 UTC,4032,70,262,,0,0,0,0,1305
2021-07-03 12:57:01 UTC,4033,107,369,,0,0,0,0,1305
2021-07-03 13:57:01 UTC,4034,75,444,,0,0,0,0,1305
2021-07-03 14:57:01 UTC,4035,30,474,,0,0,0,0,1305
2021-07-03 15:57:01 UTC,4036,32,506,,0,0,0,0,1305
2021-07-03 16:57:01 UTC,4037,34,540,,0,0,0,0,1305
2021-07-03 17:57:01 UTC,4038,52,592,,0,0,0,0,1305
2021-07-03 18:57:01 UTC,4039,35,627,,0,0,0,0,1305
2021-07-03 19:57:01 UTC,4040,28,655,,0,0,0,0,1305
2021-07-03 20:57:01 UTC,4041,22,677,,4,0,0,0,1305
2021-07-03 21:57:01 UTC,4042,,,677,,,,,
2021-07-03 22:57:01 UTC,4043,21,21,,0,0,0,0,692
2021-07-03 23:57:01 UTC,4044,7,28,,0,0,0,0,692
2021-07-04 00:57:01 UTC,4045,6,34,,0,0,0,0,692
2021-07-04 01:57:01 UTC,4046,5,39,,0,0,0,0,692
2021-07-04 02:57:01 UTC,4047,2,41,,0,0,0,0,692
2021-07-04 03:57:01 UTC,4048,3,44,,0,0,0,0,692
2021-07-04 04:57:01 UTC,4049,10,54,,0,0,0,0,692
2021-07-04 05:57:01 UTC,4050,10,64,,0,0,0,0,692
2021-07-04 06:57:01 UTC,4051,20,84,,0,0,0,0,692
2021-07-04 07:57:01 UTC,4052,19,103,,0,0,0,0,692
2021-07-04 08:57:01 UTC,4053,29,132,,0,0,0,0,692
2021-07-04 09:57:01 UTC,4054,21,153,,0,0,0,0,692
2021-07-04 10:57:01 UTC,4055,24,177,,0,0,0,0,692
2021-07-04 11:57:01 UTC,4056,24,201,,0,0,0,0,692
2021-07-04 12:57:01 UTC,4057,34,235,,0,0,0,0,692
2021-07-04 13:57:01 UTC,4058,24,259,,0,0,0,0,692
2021-07-04 14:57:01 UTC,4059,18,277,,0,0,0,0,692
2021-07-04 15:57:01 UTC,4060,22,299,,0,0,0,0,692
2021-07-04 16:57:01 UTC,4061,30,329,,0,0,0,0,692
2021-07-04 17:57:01 UTC,4062,35,364,,0,0,0,0,692
2021-07-04 18:57:01 UTC,4063,32,396,,0,0,0,0,692
2021-07-04 19:57:01 UTC,4064,23,419,,0,0,0,0,692
2021-07-04 20:57:01 UTC,4065,17,436,,4,0,0,0,692
2021-07-04 21:57:01 UTC,4066,,,436,,,,,
2021-07-04 22:57:01 UTC,4067,16,16,,0,0,0,0,452
2021-07-04 23:57:01 UTC,4068,3,19,,0,0,0,0,452
2021-07-05 00:57:01 UTC,4069,2,21,,0,0,0,0,452
2021-07-05 01:57:01 UTC,4070,3,24,,0,0,0,0,452
2021-07-05 02:57:01 UTC,4071,1,25,,0,0,0,0,452
2021-07-05 03:57:01 UTC,4072,3,28,,0,0,0,0,452
2021-07-05 04:57:01 UTC,4073,4,32,,0,0,0,0,452
2021-07-05 05:57:01 UTC,4074,12,44,,0,0,0,0,452
2021-07-05 06:57:01 UTC,4075,20,64,,0,0,0,0,452
2021-07-05 07:57:01 UTC,4076,29,93,,0,0,0,0,452
2021-07-05 08:57:01 UTC,4077,30,123,,0,0,0,0,452
2021-07-05 09:57:01 UTC,4078,53,176,,0,0,0,0,452
2021-07-05 10:57:01 UTC,4079,139,315,,0,0,0,0,452
2021-07-05 11:57:01 UTC,4080,222,537,,0,0,0,0,452
2021-07-05 12:57:01 UTC,4081,597,1134,,0,0,0,0,452
2021-07-05 13:57:01 UTC,4082,476,1610,,0,0,0,0,452
2021-07-05 14:57:01 UTC,4083,333,1943,,0,0,0,0,452
2021-07-05 15:57:01 UTC,4084,133,2076,,0,0,0,0,452
2021-07-05 16:57:01 UTC,4085,72,2148,,0,0,0,0,452
2021-07-05 17:57:01 UTC,4086,62,2210,,0,0,0,0,452
2021-07-05 18:57:01 UTC,4087,37,2247,,0,0,0,0,452
2021-07-05 19:57:01 UTC,4088,33,2280,,0,0,0,0,452
2021-07-05 20:57:01 UTC,4089,22,2302,,0,0,0,0,452
2021-07-05 21:57:01 UTC,4090,,,2302,,,,,
2021-07-05 22:57:01 UTC,4091,13,13,,0,0,0,0,2314
2021-07-05 23:57:01 UTC,4092,6,19,,0,0,0,0,2314
2021-07-06 00:57:01 UTC,4093,1,20,,0,0,0,0,2314
2021-07-06 01:57:01 UTC,4094,2,22,,0,0,0,0,2314
2021-07-06 02:57:01 UTC,4095,1,23,,0,0,0,0,2314
2021-07-06 03:57:01 UTC,4096,2,25,,0,0,0,0,2314
2021-07-06 04:57:01 UTC,4097,9,34,,0,0,0,0,2314
2021-07-06 05:57:01 UTC,4098,14,48,,0,0,0,0,2314
2021-07-06 06:57:01 UTC,4099,22,70,,0,0,0,0,2314
2021-07-06 07:57:01 UTC,4100,22,92,,0,0,0,0,2314
2021-07-06 08:57:01 UTC,4101,17,109,,0,0,0,0,2314
2021-07-06 09:57:01 UTC,4102,20,129,,0,0,0,0,2314
2021-07-06 10:57:01 UTC,4103,35,164,,0,0,0,0,2314
2021-07-06 11:57:01 UTC,4104,65,229,,0,0,0,0,2314
2021-07-06 12:57:01 UTC,4105,37,266,,0,0,0,0,2314
2021-07-06 13:57:01 UTC,4106,45,311,,0,0,0,0,2314
2021-07-06 14:57:01 UTC,4107,72,383,,0,0,0,0,2314
2021-07-06 15:57:01 UTC,4108,40,423,,0,0,0,0,2314
2021-07-06 16:57:01 UTC,4109,69,492,,0,0,0,0,2314
2021-07-06 17:57:01 UTC,4110,63,555,,0,0,0,0,2314
2021-07-06 18:57:01 UTC,4111,54,609,,0,0,0,0,2314
2021-07-06 19:57:01 UTC,4112,26,635,,0,0,0,0,2314
2021-07-06 20:57:01 UTC,4113,18,653,,0,0,0,0,2314
2021-07-06 21:57:01 UTC,4114,,,653,,,,,
2021-07-06 22:57:01 UTC,4115,30,30,,0,0,0,0,672
2021-07-06 23:57:01 UTC,4116,10,40,,0,0,0,0,672
2021-07-07 00:57:01 UTC,4117,3,43,,0,0,0,0,672
2021-07-07 01:57:01 UTC,4118,4,47,,0,0,0,0,672
2021-07-07 02:57:01 UTC,4119,1,48,,0,0,0,0,672
2021-07-07 03:57:01 UTC,4120,0,48,,0,0,0,0,672
2021-07-07 04:57:01 UTC,4121,3,51,,0,0,0,0,672
2021-07-07 05:57:01 UTC,4122,12,63,,0,0,0,0,672
2021-07-07 06:57:01 UTC,4123,14,77,,0,0,0,0,672
2021-07-07 07:57:01 UTC,4124,24,101,,0,0,0,0,672
2021-07-07 08:57:01 UTC,4125,20,121,,0,0,0,0,672
2021-07-07 09:57:01 UTC,4126,19,140,,0,0,0,0,672
2021-07-07 10:57:01 UTC,4127,21,161,,0,0,0,0,672
2021-07-07 11:57:01 UTC,4128,88,249,,0,0,0,0,672
2021-07-07 12:57:01 UTC,4129,148,397,,0,0,0,0,672
2021-07-07 13:57:01 UTC,4130,141,538,,0,0,0,0,672
2021-07-07 14:57:01 UTC,4131,30,568,,0,0,0,0,672
2021-07-07 15:57:01 UTC,4132,42,610,,0,0,0,0,672
2021-07-07 16:57:01 UTC,4133,46,656,,0,0,0,0,672
2021-07-07 17:57:01 UTC,4134,75,731,,0,0,0,0,672
2021-07-07 18:57:01 UTC,4135,44,775,,0,0,0,0,672
2021-07-07 19:57:01 UTC,4136,25,800,,0,0,0,0,672
2021-07-07 20:57:01 UTC,4137,24,824,,0,0,0,0,672
2021-07-07 21:57:01 UTC,4138,,,824,,,,,
2021-07-07 22:57:01 UTC,4139,14,14,,0,0,0,0,847
2021-07-07 23:57:01 UTC,4140,10,24,,0,0,0,0,847
2021-07-08 00:57:01 UTC,4141,5,29,,0,0,0,0,847
2021-07-08 01:57:01 UTC,4142,2,31,,0,0,0,0,847
2021-07-08 02:57:01 UTC,4143,1,32,,0,0,0,0,847
2021-07-08 03:57:01 UTC,4144,4,36,,0,0,0,0,847
2021-07-08 04:57:01 UTC,4145,6,42,,0,0,0,0,847
2021-07-08 05:57:01 UTC,4146,10,52,,0,0,0,0,847
2021-07-08 06:57:01 UTC,4147,17,69,,0,0,0,0,847
2021-07-08 07:57:01 UTC,4148,13,82,,0,0,1,0,847
2021-07-08 08:57:01 UTC,4149,23,105,,0,0,1,0,847
2021-07-08 09:57:01 UTC,4150,11,116,,0,0,1,0,847
2021-07-08 10:57:01 UTC,4151,25,141,,0,0,1,0,847
2021-07-08 11:57:01 UTC,4152,246,387,,0,0,1,0,847
2021-07-08 12:57:01 UTC,4153,171,558,,0,0,1,0,847
2021-07-08 13:57:01 UTC,4154,61,619,,0,0,1,0,847
2021-07-08 14:57:01 UTC,4155,32,651,,0,0,1,0,847
2021-07-08 15:57:01 UTC,4156,42,693,,0,0,1,0,847
2021-07-08 16:57:01 UTC,4157,54,747,,0,0,1,0,847
2021-07-08 17:57:01 UTC,4158,58,805,,0,0,1,0,847
2021-07-08 18:57:01 UTC,4159,43,848,,0,0,1,0,847
2021-07-08 19:57:01 UTC,4160,25,873,,0,0,1,0,847
2021-07-08 20:57:01 UTC,4161,11,884,,0,0,1,0,847
2021-07-08 21:57:01 UTC,4162,,,884,,,,,
2021-07-08 22:57:01 UTC,4163,18,18,,0,0,0,0,896
2021-07-08 23:57:01 UTC,4164,7,25,,0,0,0,0,896
2021-07-09 00:57:01 UTC,4165,1,26,,0,0,0,0,896
2021-07-09 01:57:01 UTC,4166,2,28,,0,0,0,0,896
2021-07-09 02:57:01 UTC,4167,3,31,,0,0,0,0,896
2021-07-09 03:57:01 UTC,4168,3,34,,0,0,0,0,896
2021-07-09 04:57:01 UTC,4169,6,40,,0,0,0,0,896
2021-07-09 05:57:01 UTC,4170,14,54,,0,0,0,0,896
2021-07-09 06:57:01 UTC,4171,20,74,,0,0,0,0,896
2021-07-09 07:57:01 UTC,4172,21,95,,0,0,0,0,896
2021-07-09 08:57:01 UTC,4173,24,119,,0,0,0,0,896
2021-07-09 09:57:01 UTC,4174,22,141,,0,0,0,0,896
2021-07-09 10:57:01 UTC,4175,41,182,,0,0,0,0,896
2021-07-09 11:57:01 UTC,4176,39,221,,0,0,0,0,896
2021-07-09 12:57:01 UTC,4177,131,352,,0,0,0,0,896
2021-07-09 13:57:01 UTC,4178,78,430,,0,0,0,0,896
2021-07-09 14:57:01 UTC,4179,64,494,,0,0,0,0,896
2021-07-09 15:57:01 UTC,4180,60,554,,0,0,0,0,896
2021-07-09 16:57:01 UTC,4181,60,614,,0,0,0,0,896
2021-07-09 17:57:01 UTC,4182,59,673,,0,0,0,0,896
2021-07-09 18:57:01 UTC,4183,45,718,,0,0,0,0,896
2021-07-09 19:57:01 UTC,4184,24,742,,0,0,0,0,896
2021-07-09 20:57:01 UTC,4185,15,757,,4,0,0,0,896
2021-07-09 21:57:01 UTC,4186,,,757,,,,,
