created_at,entry_id,field1,field2,field3,field4,field5,field6,field7,field8
2021-08-01 00:57:01 UTC,4717,4,24,,0,0,0,0,613
2021-08-01 01:57:01 UTC,4718,0,24,,0,0,0,0,613
2021-08-01 02:57:01 UTC,4719,2,26,,0,0,0,0,613
2021-08-01 03:57:01 UTC,4720,4,30,,0,0,0,0,613
2021-08-01 04:57:01 UTC,4721,4,34,,0,0,0,0,613
2021-08-01 05:57:01 UTC,4722,6,40,,0,0,0,0,613
2021-08-01 06:57:01 UTC,4723,8,48,,0,0,0,0,613
2021-08-01 07:57:01 UTC,4724,20,68,,0,0,0,0,613
2021-08-01 08:57:01 UTC,4725,22,90,,0,0,0,0,613
2021-08-01 09:57:01 UTC,4726,27,117,,0,0,0,0,613
2021-08-01 10:57:01 UTC,4727,64,181,,0,0,0,0,613
2021-08-01 11:57:01 UTC,4728,83,264,,0,0,0,0,613
2021-08-01 12:57:01 UTC,4729,63,327,,0,0,0,0,613
2021-08-01 13:57:01 UTC,4730,273,600,,0,0,0,0,613
2021-08-01 14:57:01 UTC,4731,57,657,,0,0,0,0,613
2021-08-01 15:57:01 UTC,4732,35,692,,0,0,0,0,613
2021-08-01 16:57:01 UTC,4733,18,710,,0,0,0,0,613
2021-08-01 17:57:01 UTC,4734,32,742,,0,0,0,0,613
2021-08-01 18:57:01 UTC,4735,16,758,,0,0,0,0,613
2021-08-01 19:57:01 UTC,4736,18,776,,0,0,0,0,613
2021-08-01 20:57:01 UTC,4737,12,788,,0,0,0,0,613
2021-08-01 21:57:01 UTC,4738,,,788,,,,,
2021-08-01 22:57:01 UTC,4739,13,13,,0,0,0,0,803
2021-08-01 23:57:01 UTC,4740,6,19,,0,0,0,0,803
2021-08-02 00:57:01 UTC,4741,2,21,,0,0,0,0,803
2021-08-02 01:57:01 UTC,4742,0,21,,0,0,0,0,803
2021-08-02 02:57:01 UTC,4743,1,22,,0,0,0,0,803
2021-08-02 03:57:01 UTC,4744,3,25,,0,0,0,0,803
2021-08-02 04:57:01 UTC,4745,5,30,,0,0,0,0,803
2021-08-02 05:57:01 UTC,4746,13,43,,0,0,0,0,803
2021-08-02 06:57:01 UTC,4747,9,52,,0,0,0,0,803
2021-08-02 07:57:01 UTC,4748,13,65,,0,0,0,0,803
2021-08-02 08:57:01 UTC,4749,28,93,,0,0,0,0,803
2021-08-02 09:57:01 UTC,4750,25,118,,0,0,0,0,803
2021-08-02 10:57:01 UTC,4751,27,145,,0,0,0,0,803
2021-08-02 11:57:01 UTC,4752,34,179,,0,0,0,0,803
2021-08-02 12:57:01 UTC,4753,34,213,,0,0,0,0,803
2021-08-02 13:57:01 UTC,4754,114,327,,0,0,0,0,803
2021-08-02 14:57:01 UTC,4755,40,367,,0,0,0,0,803
2021-08-02 15:57:01 UTC,4756,28,395,,0,0,0,0,803
2021-08-02 16:57:01 UTC,4757,42,437,,0,0,0,0,803
2021-08-02 17:57:01 UTC,4758,57,494,,0,0,0,0,803
2021-08-02 18:57:01 UTC,4759,46,540,,0,0,0,0,803
2021-08-02 19:57:01 UTC,4760,21,561,,0,0,0,0,803
2021-08-02 20:57:01 UTC,4761,19,580,,4,0,0,0,803
2021-08-02 21:57:01 UTC,4762,,,580,,,,,
2021-08-02 22:57:01 UTC,4763,10,10,,0,0,0,0,596
2021-08-02 23:57:01 UTC,4764,10,20,,0,0,0,0,596
2021-08-03 00:57:01 UTC,4765,3,23,,0,0,0,0,596
2021-08-03 01:57:01 UTC,4766,2,25,,0,0,0,0,596
2021-08-03 02:57:01 UTC,4767,3,28,,0,0,0,0,596
2021-08-03 03:57:01 UTC,4768,4,32,,0,0,0,0,596
2021-08-03 04:57:01 UTC,4769,7,39,,0,0,0,0,596
2021-08-03 05:57:01 UTC,4770,4,43,,0,0,0,0,596
2021-08-03 06:57:01 UTC,4771,8,51,,0,0,0,0,596
2021-08-03 07:57:01 UTC,4772,13,64,,0,0,0,0,596
2021-08-03 08:57:01 UTC,4773,20,84,,0,0,0,0,596
2021-08-03 09:57:01 UTC,4774,25,109,,0,0,0,0,596
2021-08-03 10:57:01 UTC,4775,25,134,,0,0,0,0,596
2021-08-03 11:57:01 UTC,4776,68,202,,0,0,0,0,596
2021-08-03 12:57:01 UTC,4777,59,261,,0,0,0,0,596
2021-08-03 13:57:01 UTC,4778,56,317,,0,0,0,0,596
2021-08-03 14:57:01 UTC,4779,39,356,,0,0,0,0,596
2021-08-03 15:57:01 UTC,4780,39,395,,0,0,0,0,596
2021-08-03 16:57:01 UTC,4781,47,442,,0,0,0,0,596
2021-08-03 17:57:01 UTC,4782,49,491,,0,0,0,0,596
2021-08-03 18:57:01 UTC,4783,32,523,,0,0,0,0,596
2021-08-03 19:57:01 UTC,4784,26,549,,0,0,0,0,596
2021-08-03 20:57:01 UTC,4785,16,565,,4,0,0,0,596
2021-08-03 21:57:01 UTC,4786,,,565,,,,,
2021-08-03 22:57:01 UTC,4787,18,18,,0,0,0,0,581
2021-08-03 23:57:01 UTC,4788,9,27,,0,0,0,0,581
2021-08-04 00:57:01 UTC,4789,4,31,,0,0,0,0,581
2021-08-04 01:57:01 UTC,4790,3,34,,0,0,0,0,581
2021-08-04 02:57:01 UTC,4791,3,37,,0,0,0,0,581
2021-08-04 03:57:01 UTC,4792,3,40,,0,0,0,0,581
2021-08-04 04:57:01 UTC,4793,6,46,,0,0,0,0,581
2021-08-04 05:57:01 UTC,4794,12,58,,0,0,0,0,581
2021-08-04 06:57:01 UTC,4795,13,71,,4,0,0,0,581
2021-08-04 07:57:01 UTC,4796,12,83,,0,0,0,0,581
2021-08-04 08:57:01 UTC,4797,16,99,,0,0,0,0,581
2021-08-04 09:57:01 UTC,4798,24,123,,0,0,0,0,581
2021-08-04 10:57:01 UTC,4799,28,151,,0,0,0,0,581
2021-08-04 11:57:01 UTC,4800,25,176,,0,0,0,0,581
2021-08-04 12:57:01 UTC,4801,29,205,,0,0,0,0,581
2021-08-04 13:57:01 UTC,4802,40,245,,0,0,0,0,581
2021-08-04 14:57:01 UTC,4803,42,287,,0,0,0,0,581
2021-08-04 15:57:01 UTC,4804,49,336,,0,0,0,0,581
2021-08-04 16:57:01 UTC,4805,44,380,,0,0,0,0,581
2021-08-04 17:57:01 UTC,4806,55,435,,0,0,0,0,581
2021-08-04 18:57:01 UTC,4807,45,480,,0,0,0,0,581
2021-08-04 19:57:01 UTC,4808,23,503,,0,0,0,0,581
2021-08-04 20:57:01 UTC,4809,18,521,,0,0,0,0,581
2021-08-04 21:57:01 UTC,4810,,,521,,,,,
2021-08-04 22:57:01 UTC,4811,8,8,,0,0,0,0,534
2021-08-04 23:57:01 UTC,4812,8,16,,0,0,0,0,534
2021-08-05 00:57:01 UTC,4813,1,17,,0,0,0,0,534
2021-08-05 01:57:01 UTC,4814,2,19,,0,0,0,0,534
2021-08-05 02:57:01 UTC,4815,1,20,,0,0,0,0,534
2021-08-05 03:57:01 UTC,4816,3,23,,0,0,0,0,534
2021-08-05 04:57:01 UTC,4817,9,32,,0,0,0,0,534
2021-08-05 05:57:01 UTC,4818,14,46,,0,0,0,0,534
2021-08-05 06:57:01 UTC,4819,16,62,,0,0,0,0,534
2021-08-05 07:57:01 UTC,4820,13,75,,0,0,0,0,534
2021-08-05 08:57:01 UTC,4821,24,99,,0,0,0,0,534
2021-08-05 09:57:01 UTC,4822,13,112,,0,0,0,0,534
2021-08-05 10:57:01 UTC,4823,32,144,,0,0,0,0,534
2021-08-05 11:57:01 UTC,4824,21,165,,0,0,0,0,534
2021-08-05 12:57:01 UTC,4825,27,192,,0,0,0,0,534
2021-08-05 13:57:01 UTC,4826,47,239,,0,0,0,0,534
2021-08-05 14:57:01 UTC,4827,39,278,,0,0,0,0,534
2021-08-05 15:57:01 UTC,4828,42,320,,0,0,0,0,534
2021-08-05 16:57:01 UTC,4829,55,375,,0,0,0,0,534
2021-08-05 17:57:01 UTC,4830,55,430,,0,0,0,0,534
2021-08-05 18:57:01 UTC,4831,39,469,,0,0,0,0,534
2021-08-05 19:57:01 UTC,4832,22,491,,0,0,0,0,534
2021-08-05 20:57:01 UTC,4833,14,505,,4,0,0,0,534
2021-08-05 21:57:01 UTC,4834,,,505,,,,,
2021-08-05 22:57:01 UTC,4835,9,9,,0,0,0,0,513
2021-08-05 23:57:01 UTC,4836,9,18,,0,0,0,0,513
2021-08-06 00:57:01 UTC,4837,7,25,,0,0,0,0,513
2021-08-06 01:57:01 UTC,4838,5,30,,0,0,0,0,513
2021-08-06 02:57:01 UTC,4839,4,34,,0,0,0,0,513
2021-08-06 03:57:01 UTC,4840,2,36,,0,0,0,0,513
2021-08-06 04:57:01 UTC,4841,7,43,,0,0,0,0,513
2021-08-06 05:57:01 UTC,4842,15,58,,0,0,0,0,513
2021-08-06 06:57:01 UTC,4843,10,68,,0,0,0,0,513
2021-08-06 07:57:01 UTC,4844,19,87,,0,0,0,0,513
2021-08-06 08:57:01 UTC,4845,17,104,,0,0,0,0,513
2021-08-06 09:57:01 UTC,4846,33,137,,0,0,0,0,513
2021-08-06 10:57:01 UTC,4847,26,163,,0,0,0,0,513
2021-08-06 11:57:01 UTC,4848,40,203,,0,0,0,0,513
2021-08-06 12:57:01 UTC,4849,78,281,,0,0,0,0,513
2021-08-06 13:57:01 UTC,4850,118,399,,0,0,0,0,513
2021-08-06 14:57:01 UTC,4851,61,460,,0,0,0,0,513
2021-08-06 15:57:01 UTC,4852,39,499,,0,0,0,0,513
2021-08-06 16:57:01 UTC,4853,43,542,,0,0,0,0,513
2021-08-06 17:57:01 UTC,4854,49,591,,0,0,0,0,513
2021-08-06 18:57:01 UTC,4855,32,623,,0,0,0,0,513
2021-08-06 19:57:01 UTC,4856,24,647,,0,0,0,0,513
2021-08-06 20:57:01 UTC,4857,20,667,,4,0,0,0,513
2021-08-06 21:57:01 UTC,4858,,,667,,,,,
2021-08-06 22:57:01 UTC,4859,16,16,,0,0,0,0,682
2021-08-06 23:57:01 UTC,4860,5,21,,0,0,0,0,682
2021-08-07 00:57:01 UTC,4861,5,26,,0,0,0,0,682
2021-08-07 01:57:01 UTC,4862,5,31,,0,0,0,0,682
2021-08-07 02:57:01 UTC,4863,1,32,,0,0,0,0,682
2021-08-07 03:57:01 UTC,4864,5,37,,0,0,0,0,682
2021-08-07 04:57:01 UTC,4865,5,42,,0,0,0,0,682
2021-08-07 05:57:01 UTC,4866,3,45,,0,0,0,0,682
2021-08-07 06:57:01 UTC,4867,8,53,,0,0,0,0,682
2021-08-07 07:57:01 UTC,4868,12,65,,0,0,0,0,682
2021-08-07 08:57:01 UTC,4869,17,82,,0,0,0,0,682
2021-08-07 09:57:01 UTC,4870,25,107,,0,0,0,0,682
2021-08-07 10:57:01 UTC,4871,33,140,,0,0,0,0,682
2021-08-07 11:57:01 UTC,4872,27,167,,0,0,0,0,682
2021-08-07 12:57:01 UTC,4873,32,199,,0,0,0,0,682
2021-08-07 13:57:01 UTC,4874,21,220,,0,0,0,0,682
2021-08-07 14:57:01 UTC,4875,17,237,,0,0,0,0,682
2021-08-07 15:57:01 UTC,4876,24,261,,0,0,0,0,682
2021-08-07 16:57:01 UTC,4877,32,293,,0,0,0,0,682
2021-08-07 17:57:01 UTC,4878,37,330,,0,0,0,0,682
2021-08-07 18:57:01 UTC,4879,25,355,,0,0,0,0,682
2021-08-07 19:57:01 UTC,4880,21,376,,0,0,0,0,682
2021-08-07 20:57:01 UTC,4881,24,400,,4,0,0,0,682
2021-08-07 21:57:01 UTC,4882,,,400,,,,,
2021-08-07 22:57:01 UTC,4883,11,11,,0,0,0,0,411
2021-08-07 23:57:01 UTC,4884,8,19,,0,0,0,0,411
2021-08-08 00:57:01 UTC,4885,4,23,,0,0,0,0,411
2021-08-08 01:57:01 UTC,4886,4,27,,0,0,0,0,411
2021-08-08 02:57:01 UTC,4887,6,33,,0,0,0,0,411
2021-08-08 03:57:01 UTC,4888,2,35,,0,0,0,0,411
2021-08-08 04:57:01 UTC,4889,6,41,,0,0,0,0,411
2021-08-08 05:57:01 UTC,4890,7,48,,0,0,0,0,411
2021-08-08 06:57:01 UTC,4891,6,54,,0,0,0,0,411
2021-08-08 07:57:01 UTC,4892,15,69,,0,0,0,0,411
2021-08-08 08:57:01 UTC,4893,19,88,,0,0,0,0,411
2021-08-08 09:57:01 UTC,4894,22,110,,0,0,0,0,411
2021-08-08 10:57:01 UTC,4895,24,134,,0,0,0,0,411
2021-08-08 11:57:01 UTC,4896,22,156,,0,0,0,0,411
2021-08-08 12:57:01 UTC,4897,22,178,,0,0,0,0,411
2021-08-08 13:57:01 UTC,4898,24,202,,0,0,0,0,411
2021-08-08 14:57:01 UTC,4899,22,224,,0,0,0,0,411
2021-08-08 15:57:01 UTC,4900,49,273,,0,0,0,0,411
2021-08-08 16:57:01 UTC,4901,27,300,,0,0,0,0,411
2021-08-08 17:57:01 UTC,4902,18,318,,0,0,0,0,411
2021-08-08 18:57:01 UTC,4903,26,344,,0,0,0,0,411
2021-08-08 19:57:01 UTC,4904,18,362,,0,0,0,0,411
2021-08-08 20:57:01 UTC,4905,11,373,,0,0,0,0,411
2021-08-08 21:57:01 UTC,4906,,,373,,,,,
2021-08-08 22:57:01 UTC,4907,11,11,,0,0,0,0,391
2021-08-08 23:57:01 UTC,4908,6,17,,0,0,0,0,391
2021-08-09 00:57:01 UTC,4909,4,21,,0,0,0,0,391
2021-08-09 01:57:01 UTC,4910,3,24,,0,0,0,0,391
2021-08-09 02:57:01 UTC,4911,1,25,,0,0,0,0,391
2021-08-09 03:57:01 UTC,4912,3,28,,0,0,0,0,391
2021-08-09 04:57:01 UTC,4913,4,32,,0,0,0,0,391
2021-08-09 05:57:01 UTC,4914,3,35,,0,0,0,0,391
2021-08-09 06:57:01 UTC,4915,11,46,,0,0,0,0,391
2021-08-09 07:57:01 UTC,4916,7,53,,0,0,0,0,391
2021-08-09 08:57:01 UTC,4917,13,66,,0,0,0,0,391
2021-08-09 09:57:01 UTC,4918,18,84,,0,0,0,0,391
2021-08-09 10:57:01 UTC,4919,33,117,,0,0,0,0,391
2021-08-09 11:57:01 UTC,4920,31,148,,0,0,0,0,391
2021-08-09 12:57:01 UTC,4921,39,187,,0,0,0,0,391
2021-08-09 13:57:01 UTC,4922,25,212,,0,0,0,0,391
2021-08-09 14:57:01 UTC,4923,26,238,,0,0,0,0,391
2021-08-09 15:57:01 UTC,4924,25,263,,0,0,0,0,391
2021-08-09 16:57:01 UTC,4925,42,305,,0,0,0,0,391
2021-08-09 17:57:01 UTC,4926,32,337,,0,0,0,0,391
2021-08-09 18:57:01 UTC,4927,22,359,,0,0,0,0,391
2021-08-09 19:57:01 UTC,4928,15,374,,0,0,0,0,391
2021-08-09 20:57:01 UTC,4929,15,389,,0,0,0,0,391
2021-08-09 21:57:01 UTC,4930,,,389,,,,,
2021-08-09 22:57:01 UTC,4931,7,7,,0,0,0,0,400
2021-08-09 23:57:01 UTC,4932,5,12,,0,0,0,0,400
2021-08-10 00:57:01 UTC,4933,2,14,,0,0,0,0,400
2021-08-10 01:57:01 UTC,4934,0,14,,0,0,0,0,400
2021-08-10 02:57:01 UTC,4935,1,15,,0,0,0,0,400
2021-08-10 03:57:01 UTC,4936,1,16,,0,0,0,0,400
2021-08-10 04:57:01 UTC,4937,3,19,,0,0,0,0,400
2021-08-10 05:57:01 UTC,4938,6,25,,0,0,0,0,400
2021-08-10 06:57:01 UTC,4939,5,30,,0,0,0,0,400
2021-08-10 07:57:01 UTC,4940,4,34,,0,0,0,0,400
2021-08-10 08:57:01 UTC,4941,10,44,,0,0,0,0,400
2021-08-10 09:57:01 UTC,4942,12,56,,0,0,0,0,400
2021-08-10 10:57:01 UTC,4943,14,70,,0,0,0,0,400
2021-08-10 11:57:01 UTC,4944,10,80,,0,0,0,0,400
2021-08-10 12:57:01 UTC,4945,28,108,,0,0,0,0,400
2021-08-10 13:57:01 UTC,4946,25,133,,0,0,0,0,400
2021-08-10 14:57:01 UTC,4947,25,158,,0,0,0,0,400
2021-08-10 15:57:01 UTC,4948,24,182,,0,0,0,0,400
2021-08-10 16:57:01 UTC,4949,42,224,,0,0,0,0,400
2021-08-10 17:57:01 UTC,4950,9,233,,0,0,0,0,400
2021-08-10 18:57:01 UTC,4951,11,244,,0,0,0,0,400
2021-08-10 19:57:01 UTC,4952,9,253,,0,0,0,0,400
2021-08-10 20:57:01 UTC,4953,9,262,,0,0,0,0,400
2021-08-10 21:57:01 UTC,4954,,,262,,,,,
2021-08-10 22:57:01 UTC,4955,6,6,,0,0,0,0,268
2021-08-10 23:57:01 UTC,4956,3,9,,0,0,0,0,268
2021-08-11 00:57:01 UTC,4957,1,10,,0,0,0,0,268
2021-08-11 01:57:01 UTC,4958,0,10,,0,0,0,0,268
2021-08-11 02:57:01 UTC,4959,0,10,,0,0,0,0,268
2021-08-11 03:57:01 UTC,4960,0,10,,0,0,0,0,268
2021-08-11 04:57:01 UTC,4961,3,13,,0,0,0,0,268
2021-08-11 05:57:01 UTC,4962,6,19,,0,0,0,0,268
2021-08-11 06:57:01 UTC,4963,2,21,,0,0,0,0,268
2021-08-11 07:57:01 UTC,4964,5,26,,0,0,0,0,268
2021-08-11 08:57:01 UTC,4965,6,32,,0,0,0,0,268
2021-08-11 09:57:01 UTC,4966,12,44,,0,0,0,0,268
2021-08-11 10:57:01 UTC,4967,22,66,,0,0,0,0,268
2021-08-11 11:57:01 UTC,4968,19,85,,0,0,0,0,268
2021-08-11 12:57:01 UTC,4969,28,113,,0,0,0,0,268
2021-08-11 13:57:01 UTC,4970,81,194,,0,0,0,0,268
2021-08-11 14:57:01 UTC,4971,24,218,,0,0,0,0,268
2021-08-11 15:57:01 UTC,4972,29,247,,0,0,0,0,268
2021-08-11 16:57:01 UTC,4973,39,286,,0,0,0,0,268
2021-08-11 17:57:01 UTC,4974,37,323,,0,0,0,0,268
2021-08-11 18:57:01 UTC,4975,31,354,,0,0,0,0,268
2021-08-11 19:57:01 UTC,4976,11,365,,0,0,0,0,268
2021-08-11 20:57:01 UTC,4977,17,382,,0,0,0,0,268
2021-08-11 21:57:01 UTC,4978,,,382,,,,,
2021-08-11 22:57:01 UTC,4979,5,5,,0,0,0,0,396
2021-08-11 23:57:01 UTC,4980,3,8,,0,0,0,0,396
2021-08-12 00:57:01 UTC,4981,0,8,,0,0,0,0,396
2021-08-12 01:57:01 UTC,4982,2,10,,0,0,0,0,396
2021-08-12 02:57:01 UTC,4983,1,11,,0,0,0,0,396
2021-08-12 03:57:01 UTC,4984,3,14,,0,0,0,0,396
2021-08-12 04:57:01 UTC,4985,3,17,,0,0,0,0,396
2021-08-12 05:57:01 UTC,4986,13,30,,0,0,0,0,396
2021-08-12 06:57:01 UTC,4987,8,38,,0,0,0,0,396
2021-08-12 07:57:01 UTC,4988,12,50,,0,0,0,0,396
2021-08-12 08:57:01 UTC,4989,13,63,,0,0,0,0,396
2021-08-12 09:57:01 UTC,4990,18,81,,0,0,0,0,396
2021-08-12 10:57:01 UTC,4991,18,99,,0,0,0,0,396
2021-08-12 11:57:01 UTC,4992,22,121,,0,0,0,0,396
2021-08-12 12:57:01 UTC,4993,110,231,,0,0,0,0,396
2021-08-12 13:57:01 UTC,4994,100,331,,0,0,0,0,396
2021-08-12 14:57:01 UTC,4995,32,363,,0,0,0,0,396
2021-08-12 15:57:01 UTC,4996,25,388,,0,0,0,0,396
2021-08-12 16:57:01 UTC,4997,28,416,,0,0,0,0,396
2021-08-12 17:57:01 UTC,4998,41,457,,0,0,0,0,396
2021-08-12 18:57:01 UTC,4999,32,489,,0,0,0,0,396
2021-08-12 19:57:01 UTC,5000,22,511,,0,0,0,0,396
2021-08-12 20:57:01 UTC,5001,16,527,,0,0,0,0,396
2021-08-12 21:57:01 UTC,5002,,,527,,,,,
2021-08-12 22:57:01 UTC,5003,7,7,,0,0,0,0,552
2021-08-12 23:57:01 UTC,5004,3,10,,0,0,0,0,552
2021-08-13 00:57:01 UTC,5005,4,14,,0,0,0,0,552
2021-08-13 01:57:01 UTC,5006,5,19,,0,0,0,0,552
2021-08-13 02:57:01 UTC,5007,3,22,,0,0,0,0,552
2021-08-13 03:57:01 UTC,5008,3,25,,0,0,0,0,552
2021-08-13 04:57:01 UTC,5009,3,28,,0,0,0,0,552
2021-08-13 05:57:01 UTC,5010,8,36,,0,0,0,0,552
2021-08-13 06:57:01 UTC,5011,8,44,,0,0,0,0,552
2021-08-13 07:57:01 UTC,5012,7,51,,0,0,0,0,552
2021-08-13 08:57:01 UTC,5013,17,68,,0,0,0,0,552
2021-08-13 09:57:01 UTC,5014,12,80,,0,0,0,0,552
2021-08-13 10:57:01 UTC,5015,24,104,,0,0,0,0,552
2021-08-13 11:57:01 UTC,5016,31,135,,0,0,0,0,552
2021-08-13 12:57:01 UTC,5017,33,168,,0,0,0,0,552
2021-08-13 13:57:01 UTC,5018,43,211,,0,0,0,0,552
2021-08-13 14:57:01 UTC,5019,23,234,,0,0,0,0,552
2021-08-13 15:57:01 UTC,5020,32,266,,0,0,0,0,552
2021-08-13 16:57:01 UTC,5021,28,294,,0,0,0,0,552
2021-08-13 17:57:01 UTC,5022,28,322,,0,0,0,0,552
2021-08-13 18:57:01 UTC,5023,34,356,,0,0,0,0,552
2021-08-13 19:57:01 UTC,5024,21,377,,0,0,0,0,552
2021-08-13 20:57:01 UTC,5025,18,395,,0,0,0,0,552
2021-08-13 21:57:01 UTC,5026,,,395,,,,,
