created_at,entry_id,field1,field2,field3,field4,field5,field6,field7,field8
2021-04-01 00:57:01 UTC,1994,0,1,,847,799,738,2315,1256
2021-04-01 01:57:01 UTC,1995,0,1,,847,799,738,2315,1256
2021-04-01 02:57:01 UTC,1996,1,2,,847,799,738,2315,1256
2021-04-01 03:57:01 UTC,1997,0,2,,847,799,738,2315,1256
2021-04-01 04:57:01 UTC,1998,8,10,,847,799,738,2315,1256
2021-04-01 05:57:01 UTC,1999,19,29,,847,799,738,2315,1256
2021-04-01 06:57:01 UTC,2000,40,69,,847,799,738,2315,1256
2021-04-01 07:57:01 UTC,2001,66,140,,847,799,738,2315,1256
2021-04-01 08:57:01 UTC,2002,60,200,,847,799,738,2315,1256
2021-04-01 09:57:01 UTC,2003,66,266,,847,799,738,2315,1256
2021-04-01 10:57:01 UTC,2004,58,324,,847,799,738,2315,1256
2021-04-01 11:57:01 UTC,2005,58,384,,847,799,738,2315,1256
2021-04-01 12:57:01 UTC,2006,61,445,,847,799,738,2315,1256
2021-04-01 13:57:01 UTC,2007,82,527,,847,799,738,2315,1256
2021-04-01 14:57:01 UTC,2008,70,597,,847,799,738,2315,1256
2021-04-01 15:57:01 UTC,2009,87,684,,847,799,738,2315,1256
2021-04-01 16:57:01 UTC,2010,87,771,,847,799,738,2315,1256
2021-04-01 17:57:01 UTC,2011,51,822,,847,799,738,2315,1256
2021-04-01 18:57:01 UTC,2012,20,842,,847,799,738,2315,1256
2021-04-01 19:57:01 UTC,2013,9,851,,847,799,738,2315,1256
2021-04-01 20:57:01 UTC,2014,4,855,,847,799,738,2315,1256
2021-04-01 21:57:01 UTC,2015,,,855,,,,,
2021-04-01 22:57:01 UTC,2016,0,0,,857,0,0,0,0
2021-04-01 23:57:01 UTC,2017,0,0,,857,0,0,0,0
2021-04-02 00:57:01 UTC,2018,0,0,,857,0,0,0,0
2021-04-02 01:57:01 UTC,2019,0,0,,857,0,0,0,0
2021-04-02 02:57:01 UTC,2020,3,3,,857,0,0,0,0
2021-04-02 03:57:01 UTC,2021,0,3,,857,0,0,0,0
2021-04-02 04:57:01 UTC,2022,11,14,,857,0,0,0,0
2021-04-02 05:57:01 UTC,2023,18,32,,857,0,0,0,0
2021-04-02 06:57:01 UTC,2024,26,58,,857,0,0,0,0
2021-04-02 07:57:01 UTC,2025,54,115,,857,0,0,0,0
2021-04-02 08:57:01 UTC,2026,40,155,,857,0,0,0,0
2021-04-02 09:57:01 UTC,2027,65,220,,857,0,0,0,0
2021-04-02 10:57:01 UTC,2028,63,283,,857,0,0,0,0
2021-04-02 11:57:01 UTC,2029,62,349,,857,0,0,0,0
2021-04-02 12:57:01 UTC,2030,73,422,,857,0,0,0,0
2021-04-02 13:57:01 UTC,2031,67,489,,857,0,0,0,0
2021-04-02 14:57:01 UTC,2032,80,569,,857,0,0,0,0
2021-04-02 15:57:01 UTC,2033,73,645,,857,0,0,0,0
2021-04-02 16:57:01 UTC,2034,72,717,,857,0,0,0,0
2021-04-02 17:57:01 UTC,2035,49,766,,857,0,0,0,0
2021-04-02 18:57:01 UTC,2036,24,790,,857,0,0,0,0
2021-04-02 19:57:01 UTC,2037,9,799,,857,0,0,0,0
2021-04-02 20:57:01 UTC,2038,11,810,,857,0,0,0,0
2021-04-02 21:57:01 UTC,2039,,,810,,,,,
2021-04-02 22:57:01 UTC,2040,0,0,,811,857,0,0,0
2021-04-02 23:57:01 UTC,2041,0,0,,811,857,0,0,0
2021-04-03 00:57:01 UTC,2042,0,0,,811,857,0,0,0
2021-04-03 01:57:01 UTC,2043,0,0,,811,857,0,0,0
2021-04-03 02:57:01 UTC,2044,0,0,,811,857,0,0,0
2021-04-03 03:57:01 UTC,2045,0,0,,811,857,0,0,0
2021-04-03 04:57:01 UTC,2046,4,4,,811,857,0,0,0
2021-04-03 05:57:01 UTC,2047,18,22,,811,857,0,0,0
2021-04-03 06:57:01 UTC,2048,36,58,,811,857,0,0,0
2021-04-03 07:57:01 UTC,2049,60,123,,811,857,0,0,0
2021-04-03 08:57:01 UTC,2050,116,239,,811,857,0,0,0
2021-04-03 09:57:01 UTC,2051,194,433,,811,857,0,0,0
2021-04-03 10:57:01 UTC,2052,166,599,,811,857,0,0,0
2021-04-03 11:57:01 UTC,2053,123,723,,811,857,0,0,0
2021-04-03 12:57:01 UTC,2054,85,808,,811,857,0,0,0
2021-04-03 13:57:01 UTC,2055,78,886,,811,857,0,0,0
2021-04-03 14:57:01 UTC,2056,63,949,,811,857,0,0,0
2021-04-03 15:57:01 UTC,2057,71,1027,,811,857,0,0,0
2021-04-03 16:57:01 UTC,2058,59,1086,,811,857,0,0,0
2021-04-03 17:57:01 UTC,2059,32,1118,,811,857,0,0,0
2021-04-03 18:57:01 UTC,2060,15,1133,,811,857,0,0,0
2021-04-03 19:57:01 UTC,2061,12,1146,,811,857,0,0,0
2021-04-03 20:57:01 UTC,2062,2,1148,,811,857,0,0,0
2021-04-03 21:57:01 UTC,2063,,,1148,,,,,
2021-04-03 22:57:01 UTC,2064,0,0,,1151,811,857,0,0
2021-04-03 23:57:01 UTC,2065,0,0,,1151,811,857,0,0
2021-04-04 00:57:01 UTC,2066,0,0,,1151,811,857,0,0
2021-04-04 01:57:01 UTC,2067,0,0,,1151,811,857,0,0
2021-04-04 02:57:01 UTC,2068,0,0,,1151,811,857,0,0
2021-04-04 03:57:01 UTC,2069,0,0,,1151,811,857,0,0
2021-04-04 04:57:01 UTC,2070,4,4,,1151,811,857,0,0
2021-04-04 05:57:01 UTC,2071,14,18,,1151,811,857,0,0
2021-04-04 06:57:01 UTC,2072,31,49,,1151,811,857,0,0
2021-04-04 07:57:01 UTC,2073,54,111,,1151,811,857,0,0
2021-04-04 08:57:01 UTC,2074,110,221,,1151,811,857,0,0
2021-04-04 09:57:01 UTC,2075,142,363,,1151,811,857,0,0
2021-04-04 10:57:01 UTC,2076,143,506,,1151,811,857,0,0
2021-04-04 11:57:01 UTC,2077,87,600,,1151,811,857,0,0
2021-04-04 12:57:01 UTC,2078,46,646,,1151,811,857,0,0
2021-04-04 13:57:01 UTC,2079,50,696,,1151,811,857,0,0
2021-04-04 14:57:01 UTC,2080,94,790,,1151,811,857,0,0
2021-04-04 15:57:01 UTC,2081,89,880,,1151,811,857,0,0
2021-04-04 16:57:01 UTC,2082,114,994,,1151,811,857,0,0
2021-04-04 17:57:01 UTC,2083,45,1039,,1151,811,857,0,0
2021-04-04 18:57:01 UTC,2084,10,1049,,1151,811,857,0,0
2021-04-04 19:57:01 UTC,2085,5,1055,,1151,811,857,0,0
2021-04-04 20:57:01 UTC,2086,3,1058,,1151,811,857,0,0
2021-04-04 21:57:01 UTC,2087,,,1058,,,,,
2021-04-04 22:57:01 UTC,2088,0,0,,1058,1151,811,857,0
2021-04-04 23:57:01 UTC,2089,0,0,,1058,1151,811,857,0
2021-04-05 00:57:01 UTC,2090,0,0,,1058,1151,811,857,0
2021-04-05 01:57:01 UTC,2091,0,0,,1058,1151,811,857,0
2021-04-05 02:57:01 UTC,2092,1,1,,1058,1151,811,857,0
2021-04-05 03:57:01 UTC,2093,0,1,,1058,1151,811,857,0
2021-04-05 04:57:01 UTC,2094,3,4,,1058,1151,811,857,0
2021-04-05 05:57:01 UTC,2095,10,14,,1058,1151,811,857,0
2021-04-05 06:57:01 UTC,2096,32,46,,1058,1151,811,857,0
2021-04-05 07:57:01 UTC,2097,102,150,,1058,1151,811,857,0
2021-04-05 08:57:01 UTC,2098,51,201,,1058,1151,811,857,0
2021-04-05 09:57:01 UTC,2099,208,409,,1058,1151,811,857,0
2021-04-05 10:57:01 UTC,2100,231,640,,1058,1151,811,857,0
2021-04-05 11:57:01 UTC,2101,107,751,,1058,1151,811,857,0
2021-04-05 12:57:01 UTC,2102,86,837,,1058,1151,811,857,0
2021-04-05 13:57:01 UTC,2103,78,915,,1058,1151,811,857,0
2021-04-05 14:57:01 UTC,2104,104,1019,,1058,1151,811,857,0
2021-04-05 15:57:01 UTC,2105,112,1136,,1058,1151,811,857,0
2021-04-05 16:57:01 UTC,2106,105,1241,,1058,1151,811,857,0
2021-04-05 17:57:01 UTC,2107,51,1292,,1058,1151,811,857,0
2021-04-05 18:57:01 UTC,2108,20,1312,,1058,1151,811,857,0
2021-04-05 19:57:01 UTC,2109,6,1318,,1058,1151,811,857,0
2021-04-05 20:57:01 UTC,2110,1,1319,,1058,1151,811,857,0
2021-04-05 21:57:01 UTC,2111,,,1319,,,,,
2021-04-05 22:57:01 UTC,2112,1,1,,1323,1058,1151,811,857
2021-04-05 23:57:01 UTC,2113,0,1,,1323,1058,1151,811,857
2021-04-06 00:57:01 UTC,2114,0,1,,1323,1058,1151,811,857
2021-04-06 01:57:01 UTC,2115,0,1,,1323,1058,1151,811,857
2021-04-06 02:57:01 UTC,2116,1,2,,1323,1058,1151,811,857
2021-04-06 03:57:01 UTC,2117,0,2,,1323,1058,1151,811,857
2021-04-06 04:57:01 UTC,2118,4,6,,1323,1058,1151,811,857
2021-04-06 05:57:01 UTC,2119,14,20,,1323,1058,1151,811,857
2021-04-06 06:57:01 UTC,2120,27,47,,1323,1058,1151,811,857
2021-04-06 07:57:01 UTC,2121,13,64,,1323,1058,1151,811,857
2021-04-06 08:57:01 UTC,2122,19,83,,1323,1058,1151,811,857
2021-04-06 09:57:01 UTC,2123,19,102,,1323,1058,1151,811,857
2021-04-06 10:57:01 UTC,2124,22,124,,1323,1058,1151,811,857
2021-04-06 11:57:01 UTC,2125,38,162,,1323,1058,1151,811,857
2021-04-06 12:57:01 UTC,2126,39,201,,1323,1058,1151,811,857
2021-04-06 13:57:01 UTC,2127,27,228,,1323,1058,1151,811,857
2021-04-06 14:57:01 UTC,2128,81,309,,1323,1058,1151,811,857
2021-04-06 15:57:01 UTC,2129,172,481,,1323,1058,1151,811,857
2021-04-06 16:57:01 UTC,2130,63,544,,1323,1058,1151,811,857
2021-04-06 17:57:01 UTC,2131,42,586,,1323,1058,1151,811,857
2021-04-06 18:57:01 UTC,2132,19,605,,1323,1058,1151,811,857
2021-04-06 19:57:01 UTC,2133,8,613,,1323,1058,1151,811,857
2021-04-06 20:57:01 UTC,2134,0,613,,1323,1058,1151,811,857
2021-04-06 21:57:01 UTC,2135,,,613,,,,,
2021-04-06 22:57:01 UTC,2136,1,1,,618,1323,1058,1151,811
2021-04-06 23:57:01 UTC,2137,0,1,,618,1323,1058,1151,811
2021-04-07 00:57:01 UTC,2138,0,1,,618,1323,1058,1151,811
2021-04-07 01:57:01 UTC,2139,0,1,,618,1323,1058,1151,811
2021-04-07 02:57:01 UTC,2140,1,2,,618,1323,1058,1151,811
2021-04-07 03:57:01 UTC,2141,10,12,,618,1323,1058,1151,811
2021-04-07 04:57:01 UTC,2142,11,23,,618,1323,1058,1151,811
2021-04-07 05:57:01 UTC,2143,24,47,,618,1323,1058,1151,811
2021-04-07 06:57:01 UTC,2144,67,114,,618,1323,1058,1151,811
2021-04-07 07:57:01 UTC,2145,63,188,,618,1323,1058,1151,811
2021-04-07 08:57:01 UTC,2146,57,245,,618,1323,1058,1151,811
2021-04-07 09:57:01 UTC,2147,59,304,,618,1323,1058,1151,811
2021-04-07 10:57:01 UTC,2148,94,398,,618,1323,1058,1151,811
2021-04-07 11:57:01 UTC,2149,52,453,,618,1323,1058,1151,811
2021-04-07 12:57:01 UTC,2150,46,499,,618,1323,1058,1151,811
2021-04-07 13:57:01 UTC,2151,43,542,,618,1323,1058,1151,811
2021-04-07 14:57:01 UTC,2152,51,593,,618,1323,1058,1151,811
2021-04-07 15:57:01 UTC,2153,56,653,,618,1323,1058,1151,811
2021-04-07 16:57:01 UTC,2154,42,695,,618,1323,1058,1151,811
2021-04-07 17:57:01 UTC,2155,46,741,,618,1323,1058,1151,811
2021-04-07 18:57:01 UTC,2156,27,768,,618,1323,1058,1151,811
2021-04-07 19:57:01 UTC,2157,6,775,,618,1323,1058,1151,811
2021-04-07 20:57:01 UTC,2158,1,776,,618,1323,1058,1151,811
2021-04-07 21:57:01 UTC,2159,,,776,,,,,
2021-04-07 22:57:01 UTC,2160,0,0,,778,618,1323,1058,1151
2021-04-07 23:57:01 UTC,2161,1,1,,778,618,1323,1058,1151
2021-04-08 00:57:01 UTC,2162,0,1,,778,618,1323,1058,1151
2021-04-08 01:57:01 UTC,2163,0,1,,778,618,1323,1058,1151
2021-04-08 02:57:01 UTC,2164,1,2,,778,618,1323,1058,1151
2021-04-08 03:57:01 UTC,2165,1,3,,778,618,1323,1058,1151
2021-04-08 04:57:01 UTC,2166,4,7,,778,618,1323,1058,1151
2021-04-08 05:57:01 UTC,2167,19,26,,778,618,1323,1058,1151
2021-04-08 06:57:01 UTC,2168,48,74,,778,618,1323,1058,1151
2021-04-08 07:57:01 UTC,2169,48,141,,778,618,1323,1058,1151
2021-04-08 08:57:01 UTC,2170,62,203,,778,618,1323,1058,1151
2021-04-08 09:57:01 UTC,2171,60,263,,778,618,1323,1058,1151
2021-04-08 10:57:01 UTC,2172,50,313,,778,618,1323,1058,1151
2021-04-10 22:57:01 UTC,2221,0,0,,0,0,0,0,0
2021-04-10 23:57:01 UTC,2222,0,0,,0,0,0,0,0
2021-04-11 00:57:01 UTC,2223,0,0,,0,0,0,0,0
2021-04-11 01:57:01 UTC,2224,0,0,,0,0,0,0,0
2021-04-11 02:57:01 UTC,2225,0,0,,0,0,0,0,0
2021-04-11 03:57:01 UTC,2226,0,0,,0,0,0,0,0
2021-04-11 04:57:01 UTC,2227,0,0,,0,0,0,0,0
2021-04-11 05:57:01 UTC,2228,0,0,,0,0,0,0,0
2021-04-11 06:57:01 UTC,2229,0,0,,0,0,0,0,0
2021-04-11 07:57:01 UTC,2230,0,0,,0,0,0,0,0
2021-04-11 08:57:01 UTC,2231,0,0,,0,0,0,0,0
2021-04-11 09:57:01 UTC,2232,16,16,,0,0,0,0,0
2021-04-11 10:57:01 UTC,2233,0,16,,0,0,0,0,0
2021-04-11 11:57:01 UTC,2234,0,16,,0,0,0,0,0
2021-04-11 12:57:01 UTC,2235,0,16,,0,0,0,0,0
2021-04-11 13:57:01 UTC,2236,0,16,,0,0,0,0,0
2021-04-11 14:57:01 UTC,2237,0,16,,0,0,0,0,0
2021-04-11 15:57:01 UTC,2238,0,16,,0,0,0,0,0
2021-04-11 16:57:01 UTC,2239,0,16,,0,0,0,0,0
2021-04-11 17:57:01 UTC,2240,0,16,,0,0,0,0,0
2021-04-11 18:57:01 UTC,2241,0,16,,0,0,0,0,0
