created_at,entry_id,field1,field2,field3,field4,field5,field6,field7,field8
2021-07-01 00:57:01 UTC,2487,0,3,,0,0,0,0,766
2021-07-01 01:57:01 UTC,2488,0,3,,0,0,0,0,766
2021-07-01 02:57:01 UTC,2489,3,6,,0,0,0,0,766
2021-07-01 03:57:01 UTC,2490,2,8,,0,0,0,0,766
2021-07-01 04:57:01 UTC,2491,7,15,,0,0,0,0,766
2021-07-01 05:57:01 UTC,2492,21,36,,0,0,0,0,766
2021-07-01 06:57:01 UTC,2493,46,82,,3.9,0,0,0,766
2021-07-01 07:57:01 UTC,2494,39,121,,0,0,0,0,766
2021-07-01 08:57:01 UTC,2495,79,200,,0,0,0,0,766
2021-07-01 09:57:01 UTC,2496,83,283,,0,0,0,0,766
2021-07-01 10:57:01 UTC,2497,128,411,,0,0,0,0,766
2021-07-01 11:57:01 UTC,2498,27,438,,0,0,0,0,766
2021-07-01 12:57:01 UTC,2499,41,479,,0,0,0,0,766
2021-07-01 13:57:01 UTC,2500,47,526,,0,0,0,0,766
2021-07-01 14:57:01 UTC,2501,26,552,,0,0,0,0,766
2021-07-01 15:57:01 UTC,2502,25,577,,0,0,0,0,766
2021-07-01 16:57:01 UTC,2503,43,620,,0,0,0,0,766
2021-07-01 17:57:01 UTC,2504,53,673,,0,0,0,0,766
2021-07-01 18:57:01 UTC,2505,26,699,,0,0,0,0,766
2021-07-01 19:57:01 UTC,2506,15,714,,0,0,0,0,766
2021-07-01 20:57:01 UTC,2507,9,723,,3.9,0,0,0,766
2021-07-01 21:57:01 UTC,2508,,,723,,,,,
2021-07-01 22:57:01 UTC,2509,4,4,,0,0,0,0,731
2021-07-01 23:57:01 UTC,2510,1,5,,0,0,0,0,731
2021-07-02 00:57:01 UTC,2511,1,6,,0,0,0,0,731
2021-07-02 01:57:01 UTC,2512,0,6,,0,0,0,0,731
2021-07-02 02:57:01 UTC,2513,1,7,,3.9,0,0,0,731
2021-07-02 03:57:01 UTC,2514,2,9,,0,0,0,0,731
2021-07-02 04:57:01 UTC,2515,9,18,,0,0,0,0,731
2021-07-02 05:57:01 UTC,2516,22,40,,0,0,0,0,731
2021-07-02 06:57:01 UTC,2517,24,64,,3.9,0,0,0,731
2021-07-02 07:57:01 UTC,2518,36,101,,0,0,0,0,731
2021-07-02 08:57:01 UTC,2519,28,129,,0,0,0,0,731
2021-07-02 09:57:01 UTC,2520,34,163,,0,0,0,0,731
2021-07-02 10:57:01 UTC,2521,45,208,,0,0,0,0,731
2021-07-02 11:57:01 UTC,2522,36,244,,0,0,0,0,731
2021-07-02 12:57:01 UTC,2523,37,281,,0,0,0,0,731
2021-07-02 13:57:01 UTC,2524,30,311,,0,0,0,0,731
2021-07-02 14:57:01 UTC,2525,52,363,,0,0,0,0,731
2021-07-02 15:57:01 UTC,2526,45,408,,0,0,0,0,731
2021-07-02 16:57:01 UTC,2527,58,466,,0,0,0,0,731
2021-07-02 17:57:01 UTC,2528,68,534,,0,0,0,0,731
2021-07-02 18:57:01 UTC,2529,36,570,,0,0,0,0,731
2021-07-02 19:57:01 UTC,2530,14,584,,0,0,0,0,731
2021-07-02 20:57:01 UTC,2531,14,598,,3.9,0,0,0,731
2021-07-02 21:57:01 UTC,2532,,,598,,,,,
2021-07-02 22:57:01 UTC,2533,4,4,,0,0,0,0,612
2021-07-02 23:57:01 UTC,2534,0,4,,0,0,0,0,612
2021-07-03 00:57:01 UTC,2535,0,4,,0,0,0,0,612
2021-07-03 01:57:01 UTC,2536,1,5,,0,0,0,0,612
2021-07-03 02:57:01 UTC,2537,0,5,,0,0,0,0,612
2021-07-03 03:57:01 UTC,2538,0,5,,0,0,0,0,612
2021-07-03 04:57:01 UTC,2539,3,8,,0,0,0,0,612
2021-07-03 05:57:01 UTC,2540,7,15,,0,0,0,0,612
2021-07-03 06:57:01 UTC,2541,15,30,,3.9,0,0,0,612
2021-07-03 07:57:01 UTC,2542,25,55,,0,0,1,0,612
2021-07-03 08:57:01 UTC,2543,29,84,,0,0,1,0,612
2021-07-03 09:57:01 UTC,2544,32,116,,0,0,1,0,612
2021-07-03 10:57:01 UTC,2545,34,150,,0,0,1,0,612
2021-07-03 11:57:01 UTC,2546,31,181,,0,0,1,0,612
2021-07-03 12:57:01 UTC,2547,37,218,,0,0,1,0,612
2021-07-03 13:57:01 UTC,2548,38,256,,0,0,1,0,612
2021-07-03 14:57:01 UTC,2549,21,277,,0,0,1,0,612
2021-07-03 15:57:01 UTC,2550,24,301,,0,0,1,0,612
2021-07-03 16:57:01 UTC,2551,49,350,,0,0,1,0,612
2021-07-03 17:57:01 UTC,2552,27,377,,0,0,1,0,612
2021-07-03 18:57:01 UTC,2553,20,397,,0,0,1,0,612
2021-07-03 19:57:01 UTC,2554,8,405,,0,0,1,0,612
2021-07-03 20:57:01 UTC,2555,7,412,,3.9,0,1,0,612
2021-07-03 21:57:01 UTC,2556,,,412,,,,,
2021-07-03 22:57:01 UTC,2557,2,2,,0,0,0,0,413
2021-07-03 23:57:01 UTC,2558,1,3,,0,0,0,0,413
2021-07-04 00:57:01 UTC,2559,1,4,,0,0,0,0,413
2021-07-04 01:57:01 UTC,2560,2,6,,0,0,0,0,413
2021-07-04 02:57:01 UTC,2561,3,9,,0,0,0,0,413
2021-07-04 03:57:01 UTC,2562,3,12,,0,0,0,0,413
2021-07-04 04:57:01 UTC,2563,12,24,,0,0,0,0,413
2021-07-04 05:57:01 UTC,2564,44,68,,0,0,0,0,413
2021-07-04 06:57:01 UTC,2565,7,75,,3.9,0,0,0,413
2021-07-04 07:57:01 UTC,2566,21,96,,0,0,0,0,413
2021-07-04 08:57:01 UTC,2567,48,144,,0,0,0,0,413
2021-07-04 09:57:01 UTC,2568,25,169,,0,0,0,0,413
2021-07-04 10:57:01 UTC,2569,24,193,,0,0,0,0,413
2021-07-04 11:57:01 UTC,2570,28,221,,0,0,0,0,413
2021-07-04 12:57:01 UTC,2571,15,236,,0,0,0,0,413
2021-07-04 13:57:01 UTC,2572,19,255,,0,0,0,0,413
2021-07-04 14:57:01 UTC,2573,10,265,,0,0,0,0,413
2021-07-04 15:57:01 UTC,2574,18,283,,0,0,0,0,413
2021-07-04 16:57:01 UTC,2575,7,290,,0,0,0,0,413
2021-07-04 17:57:01 UTC,2576,12,302,,0,0,0,0,413
2021-07-04 18:57:01 UTC,2577,13,315,,0,0,0,0,413
2021-07-04 19:57:01 UTC,2578,9,324,,0,0,0,0,413
2021-07-04 20:57:01 UTC,2579,4,328,,3.9,0,0,0,413
2021-07-04 21:57:01 UTC,2580,,,328,,,,,
2021-07-04 22:57:01 UTC,2581,2,2,,0,0,0,0,330
2021-07-04 23:57:01 UTC,2582,1,3,,0,0,0,0,330
2021-07-05 00:57:01 UTC,2583,2,5,,0,0,0,0,330
2021-07-05 01:57:01 UTC,2584,0,5,,0,0,0,0,330
2021-07-05 02:57:01 UTC,2585,1,6,,0,0,0,0,330
2021-07-05 03:57:01 UTC,2586,6,12,,0,0,0,0,330
2021-07-05 04:57:01 UTC,2587,15,27,,0,0,0,0,330
2021-07-05 05:57:01 UTC,2588,32,59,,0,0,0,0,330
2021-07-05 06:57:01 UTC,2589,34,93,,3.9,0,0,0,330
2021-07-05 07:57:01 UTC,2590,42,135,,0,0,1,0,330
2021-07-05 08:57:01 UTC,2591,76,211,,0,0,1,0,330
2021-07-05 09:57:01 UTC,2592,86,297,,0,0,1,0,330
2021-07-05 10:57:01 UTC,2593,65,362,,0,0,1,0,330
2021-07-05 11:57:01 UTC,2594,30,392,,0,0,1,0,330
2021-07-05 12:57:01 UTC,2595,98,490,,0,0,1,0,330
2021-07-05 13:57:01 UTC,2596,45,535,,0,0,1,0,330
2021-07-05 14:57:01 UTC,2597,46,581,,0,0,1,0,330
2021-07-05 15:57:01 UTC,2598,50,631,,0,0,1,0,330
2021-07-05 16:57:01 UTC,2599,46,677,,0,0,1,0,330
2021-07-05 17:57:01 UTC,2600,27,704,,0,0,1,0,330
2021-07-05 18:57:01 UTC,2601,14,718,,0,0,1,0,330
2021-07-05 19:57:01 UTC,2602,11,729,,0,0,1,0,330
2021-07-05 20:57:01 UTC,2603,7,736,,3.9,0,1,0,330
2021-07-05 21:57:01 UTC,2604,,,736,,,,,
2021-07-05 22:57:01 UTC,2605,3,3,,0,0,0,0,739
2021-07-05 23:57:01 UTC,2606,0,3,,0,0,0,0,739
2021-07-06 00:57:01 UTC,2607,0,3,,0,0,0,0,739
2021-07-06 01:57:01 UTC,2608,0,3,,0,0,0,0,739
2021-07-06 02:57:01 UTC,2609,1,4,,0,0,0,0,739
2021-07-06 03:57:01 UTC,2610,2,6,,0,0,0,0,739
2021-07-06 04:57:01 UTC,2611,4,10,,0,0,0,0,739
2021-07-06 05:57:01 UTC,2612,8,18,,0,0,0,0,739
2021-07-06 06:57:01 UTC,2613,19,37,,3.9,0,0,0,739
2021-07-06 07:57:01 UTC,2614,41,78,,0,0,0,0,739
2021-07-06 08:57:01 UTC,2615,40,118,,0,0,0,0,739
2021-07-06 09:57:01 UTC,2616,27,145,,0,0,0,0,739
2021-07-06 10:57:01 UTC,2617,19,164,,0,0,0,0,739
2021-07-06 11:57:01 UTC,2618,27,191,,0,0,0,0,739
2021-07-06 12:57:01 UTC,2619,39,230,,0,0,0,0,739
2021-07-06 13:57:01 UTC,2620,50,280,,0,0,0,0,739
2021-07-06 14:57:01 UTC,2621,26,306,,0,0,0,0,739
2021-07-06 15:57:01 UTC,2622,36,342,,0,0,0,0,739
2021-07-06 16:57:01 UTC,2623,40,382,,0,0,0,0,739
2021-07-06 17:57:01 UTC,2624,40,422,,0,0,0,0,739
2021-07-06 18:57:01 UTC,2625,26,448,,0,0,0,0,739
2021-07-06 19:57:01 UTC,2626,5,453,,0,0,0,0,739
2021-07-06 20:57:01 UTC,2627,4,457,,0,0,0,0,739
2021-07-06 21:57:01 UTC,2628,,,457,,,,,
2021-07-06 22:57:01 UTC,2629,11,11,,0,0,0,0,461
2021-07-06 23:57:01 UTC,2630,1,12,,0,0,0,0,461
2021-07-07 00:57:01 UTC,2631,1,13,,0,0,0,0,461
2021-07-07 01:57:01 UTC,2632,1,14,,0,0,0,0,461
2021-07-07 02:57:01 UTC,2633,1,15,,0,0,0,0,461
2021-07-07 03:57:01 UTC,2634,1,16,,0,0,0,0,461
2021-07-07 04:57:01 UTC,2635,4,20,,0,0,0,0,461
2021-07-07 05:57:01 UTC,2636,31,51,,0,0,0,0,461
2021-07-07 06:57:01 UTC,2637,37,88,,3.9,0,0,0,461
2021-07-07 07:57:01 UTC,2638,56,144,,0,0,0,0,461
2021-07-07 08:57:01 UTC,2639,54,198,,0,0,0,0,461
2021-07-07 09:57:01 UTC,2640,107,305,,0,0,0,0,461
2021-07-07 10:57:01 UTC,2641,72,377,,0,0,0,0,461
2021-07-07 11:57:01 UTC,2642,33,410,,0,0,0,0,461
2021-07-07 12:57:01 UTC,2643,45,455,,0,0,0,0,461
2021-07-07 13:57:01 UTC,2644,35,490,,0,0,0,0,461
2021-07-07 14:57:01 UTC,2645,24,514,,0,0,0,0,461
2021-07-07 15:57:01 UTC,2646,22,536,,0,0,0,0,461
2021-07-07 16:57:01 UTC,2647,36,572,,0,0,0,0,461
2021-07-07 17:57:01 UTC,2648,24,596,,0,0,0,0,461
2021-07-07 18:57:01 UTC,2649,29,625,,0,0,0,0,461
2021-07-07 19:57:01 UTC,2650,13,638,,0,0,0,0,461
2021-07-07 20:57:01 UTC,2651,12,650,,0,0,0,0,461
2021-07-07 21:57:01 UTC,2652,,,650,,,,,
2021-07-07 22:57:01 UTC,2653,6,6,,0,0,0,0,657
2021-07-07 23:57:01 UTC,2654,2,8,,0,0,0,0,657
2021-07-08 00:57:01 UTC,2655,2,10,,0,0,0,0,657
2021-07-08 01:57:01 UTC,2656,0,10,,0,0,0,0,657
2021-07-08 02:57:01 UTC,2657,1,11,,0,0,0,0,657
2021-07-08 03:57:01 UTC,2658,4,15,,0,0,0,0,657
2021-07-08 04:57:01 UTC,2659,11,26,,0,0,0,0,657
2021-07-08 05:57:01 UTC,2660,30,56,,0,0,0,0,657
2021-07-08 06:57:01 UTC,2661,39,95,,0,0,0,0,657
2021-07-08 07:57:01 UTC,2662,53,148,,0,0,1,0,657
2021-07-08 08:57:01 UTC,2663,73,221,,0,0,1,0,657
2021-07-08 09:57:01 UTC,2664,70,291,,0,0,1,0,657
2021-07-08 10:57:01 UTC,2665,39,330,,0,0,1,0,657
2021-07-08 11:57:01 UTC,2666,57,387,,0,0,2,0,657
2021-07-08 12:57:01 UTC,2667,46,433,,0,0,2,0,657
2021-07-08 13:57:01 UTC,2668,24,457,,0,0,2,0,657
2021-07-08 14:57:01 UTC,2669,27,484,,0,0,2,0,657
2021-07-08 15:57:01 UTC,2670,21,505,,0,0,2,0,657
2021-07-08 16:57:01 UTC,2671,40,545,,0,0,2,0,657
2021-07-08 17:57:01 UTC,2672,32,577,,0,0,2,0,657
2021-07-08 18:57:01 UTC,2673,14,591,,0,0,2,0,657
2021-07-08 19:57:01 UTC,2674,7,598,,0,0,2,0,657
2021-07-08 20:57:01 UTC,2675,19,617,,0,0,2,0,657
2021-07-08 21:57:01 UTC,2676,,,617,,,,,
2021-07-08 22:57:01 UTC,2677,2,2,,0,0,0,0,617
2021-07-08 23:57:01 UTC,2678,1,3,,0,0,0,0,617
2021-07-09 00:57:01 UTC,2679,1,4,,0,0,0,0,617
2021-07-09 01:57:01 UTC,2680,0,4,,0,0,0,0,617
2021-07-09 02:57:01 UTC,2681,0,4,,0,0,0,0,617
2021-07-09 03:57:01 UTC,2682,2,6,,0,0,0,0,617
2021-07-09 04:57:01 UTC,2683,12,18,,0,0,0,0,617
2021-07-09 05:57:01 UTC,2684,17,35,,0,0,0,0,617
2021-07-09 06:57:01 UTC,2685,24,59,,0,0,0,0,617
2021-07-09 07:57:01 UTC,2686,50,109,,0,0,0,0,617
2021-07-09 08:57:01 UTC,2687,54,163,,0,0,0,0,617
2021-07-09 09:57:01 UTC,2688,44,207,,0,0,0,0,617
2021-07-09 10:57:01 UTC,2689,63,270,,0,0,0,0,617
2021-07-09 11:57:01 UTC,2690,28,298,,0,0,0,0,617
2021-07-09 12:57:01 UTC,2691,37,335,,0,0,0,0,617
2021-07-09 13:57:01 UTC,2692,100,435,,0,0,0,0,617
2021-07-09 14:57:01 UTC,2693,51,486,,0,0,0,0,617
2021-07-09 15:57:01 UTC,2694,64,550,,0,0,0,0,617
2021-07-09 16:57:01 UTC,2695,38,588,,0,0,0,0,617
2021-07-09 17:57:01 UTC,2696,30,618,,0,0,0,0,617
2021-07-09 18:57:01 UTC,2697,21,639,,0,0,0,0,617
2021-07-09 19:57:01 UTC,2698,5,644,,0,0,0,0,617
2021-07-09 20:57:01 UTC,2699,9,653,,3.9,0,0,0,617
2021-07-09 21:57:01 UTC,2700,,,653,,,,,
2021-07-09 22:57:01 UTC,2701,3,3,,0,0,0,0,659
2021-07-09 23:57:01 UTC,2702,1,4,,0,0,0,0,659
2021-07-10 00:57:01 UTC,2703,1,5,,0,0,0,0,659
2021-07-10 01:57:01 UTC,2704,2,7,,0,0,0,0,659
2021-07-10 02:57:01 UTC,2705,0,7,,0,0,0,0,659
2021-07-10 03:57:01 UTC,2706,0,7,,0,0,0,0,659
2021-07-10 04:57:01 UTC,2707,4,11,,0,0,0,0,659
2021-07-10 05:57:01 UTC,2708,18,29,,0,0,0,0,659
2021-07-10 06:57:01 UTC,2709,32,61,,3.9,0,0,0,659
2021-07-10 07:57:01 UTC,2710,62,123,,0,0,0,0,659
2021-07-10 08:57:01 UTC,2711,59,182,,0,0,0,0,659
2021-07-10 09:57:01 UTC,2712,91,273,,0,0,0,0,659
2021-07-10 10:57:01 UTC,2713,138,411,,0,0,0,0,659
2021-07-10 11:57:01 UTC,2714,44,455,,0,0,0,0,659
2021-07-10 12:57:01 UTC,2715,38,493,,0,0,0,0,659
2021-07-10 13:57:01 UTC,2716,58,551,,0,0,0,0,659
2021-07-10 14:57:01 UTC,2717,36,587,,0,0,0,0,659
2021-07-10 15:57:01 UTC,2718,37,624,,0,0,0,0,659
2021-07-10 16:57:01 UTC,2719,11,635,,0,0,0,0,659
2021-07-10 17:57:01 UTC,2720,35,670,,0,0,0,0,659
2021-07-10 18:57:01 UTC,2721,12,682,,0,0,0,0,659
2021-07-10 19:57:01 UTC,2722,20,702,,0,0,0,0,659
2021-07-10 20:57:01 UTC,2723,8,710,,0,0,0,0,659
2021-07-10 21:57:01 UTC,2724,,,710,,,,,
2021-07-10 22:57:01 UTC,2725,6,6,,0,0,0,0,719
2021-07-10 23:57:01 UTC,2726,3,9,,0,0,0,0,719
2021-07-11 00:57:01 UTC,2727,1,10,,0,0,0,0,719
2021-07-11 01:57:01 UTC,2728,0,10,,0,0,0,0,719
2021-07-11 02:57:01 UTC,2729,0,10,,0,0,0,0,719
2021-07-11 03:57:01 UTC,2730,0,10,,0,0,0,0,719
2021-07-11 04:57:01 UTC,2731,5,15,,0,0,0,0,719
2021-07-11 05:57:01 UTC,2732,40,55,,0,0,0,0,719
2021-07-11 06:57:01 UTC,2733,19,74,,3.9,0,0,0,719
2021-07-11 07:57:01 UTC,2734,22,96,,0,0,0,0,719
2021-07-11 08:57:01 UTC,2735,33,129,,0,0,0,0,719
2021-07-11 09:57:01 UTC,2736,65,194,,0,0,0,0,719
2021-07-11 10:57:01 UTC,2737,51,245,,0,0,0,0,719
2021-07-11 11:57:01 UTC,2738,246,491,,0,0,0,0,719
2021-07-11 12:57:01 UTC,2739,33,524,,0,0,0,0,719
2021-07-11 13:57:01 UTC,2740,136,660,,0,0,0,0,719
2021-07-11 14:57:01 UTC,2741,43,703,,0,0,0,0,719
2021-07-11 15:57:01 UTC,2742,15,718,,0,0,0,0,719
2021-07-11 16:57:01 UTC,2743,21,739,,0,0,0,0,719
2021-07-11 17:57:01 UTC,2744,22,761,,0,0,0,0,719
2021-07-11 18:57:01 UTC,2745,22,783,,0,0,0,0,719
2021-07-11 19:57:01 UTC,2746,5,788,,0,0,0,0,719
2021-07-11 20:57:01 UTC,2747,0,788,,3.9,0,0,0,719
2021-07-11 21:57:01 UTC,2748,,,788,,,,,
2021-07-11 22:57:01 UTC,2749,23,23,,0,0,0,0,790
2021-07-11 23:57:01 UTC,2750,5,28,,0,0,0,0,790
2021-07-12 00:57:01 UTC,2751,2,30,,0,0,0,0,790
2021-07-12 01:57:01 UTC,2752,1,31,,0,0,0,0,790
2021-07-12 02:57:01 UTC,2753,1,32,,0,0,0,0,790
2021-07-12 03:57:01 UTC,2754,5,37,,0,0,0,0,790
2021-07-12 04:57:01 UTC,2755,5,42,,0,0,0,0,790
2021-07-12 05:57:01 UTC,2756,24,66,,0,0,0,0,790
2021-07-12 06:57:01 UTC,2757,31,97,,3.9,0,0,0,790
2021-07-12 07:57:01 UTC,2758,46,143,,0,0,1,0,790
2021-07-12 08:57:01 UTC,2759,55,198,,0,0,1,0,790
2021-07-12 09:57:01 UTC,2760,72,270,,0,0,1,0,790
2021-07-12 10:57:01 UTC,2761,112,382,,0,0,1,0,790
2021-07-12 11:57:01 UTC,2762,17,399,,0,0,2,0,790
2021-07-12 12:57:01 UTC,2763,21,420,,0,0,2,0,790
2021-07-12 13:57:01 UTC,2764,31,451,,0,0,2,0,790
2021-07-12 14:57:01 UTC,2765,25,476,,0,0,2,0,790
2021-07-12 15:57:01 UTC,2766,29,505,,0,0,2,0,790
2021-07-12 16:57:01 UTC,2767,38,543,,0,0,2,0,790
2021-07-12 17:57:01 UTC,2768,27,570,,0,0,2,0,790
2021-07-12 18:57:01 UTC,2769,11,581,,0,0,2,0,790
2021-07-12 19:57:01 UTC,2770,5,586,,0,0,2,0,790
2021-07-12 20:57:01 UTC,2771,9,595,,3.9,0,2,0,790
2021-07-12 21:57:01 UTC,2772,,,595,,,,,
2021-07-12 22:57:01 UTC,2773,3,3,,0,0,0,0,597
2021-07-12 23:57:01 UTC,2774,2,5,,0,0,0,0,597
2021-07-13 00:57:01 UTC,2775,2,7,,0,0,0,0,597
2021-07-13 01:57:01 UTC,2776,0,7,,0,0,0,0,597
2021-07-13 02:57:01 UTC,2777,2,9,,0,0,0,0,597
2021-07-13 03:57:01 UTC,2778,0,9,,0,0,0,0,597
2021-07-13 04:57:01 UTC,2779,7,16,,0,0,0,0,597
2021-07-13 05:57:01 UTC,2780,28,44,,0,0,0,0,597
2021-07-13 06:57:01 UTC,2781,30,74,,0,0,0,0,597
2021-07-13 07:57:01 UTC,2782,31,105,,0,0,1,0,597
2021-07-13 08:57:01 UTC,2783,50,155,,0,0,1,0,597
2021-07-13 09:57:01 UTC,2784,104,259,,0,0,1,0,597
2021-07-13 10:57:01 UTC,2785,22,281,,0,0,1,0,597
2021-07-13 11:57:01 UTC,2786,24,305,,0,0,1,0,597
2021-07-13 12:57:01 UTC,2787,17,322,,0,0,1,0,597
2021-07-13 13:57:01 UTC,2788,15,337,,0,0,1,0,597
2021-07-13 14:57:01 UTC,2789,14,351,,0,0,1,0,597
2021-07-13 15:57:01 UTC,2790,22,373,,0,0,2,0,597
2021-07-13 16:57:01 UTC,2791,21,394,,0,0,2,0,597
2021-07-13 17:57:01 UTC,2792,15,409,,0,0,2,0,597
2021-07-13 18:57:01 UTC,2793,9,418,,0,0,2,0,597
2021-07-13 19:57:01 UTC,2794,7,425,,0,0,2,0,597
2021-07-13 20:57:01 UTC,2795,6,431,,3.9,0,2,0,597
2021-07-13 21:57:01 UTC,2796,,,431,,,,,
