created_at,entry_id,field1,field2,field3,field4,field5,field6,field7,field8
2021-11-01 00:57:01 UTC,5435,0,7,,0,0,0,0,747
2021-11-01 01:57:01 UTC,5436,3,10,,0,0,0,0,747
2021-11-01 02:57:01 UTC,5437,3,13,,0,0,0,0,747
2021-11-01 03:57:01 UTC,5438,0,13,,3.9,0,0,0,747
2021-11-01 04:57:01 UTC,5439,1,14,,0,0,0,0,747
2021-11-01 05:57:01 UTC,5440,2,16,,0,0,0,0,747
2021-11-01 06:57:01 UTC,5441,7,23,,0,0,0,0,747
2021-11-01 07:57:01 UTC,5442,10,33,,3.9,0,0,0,747
2021-11-01 08:57:01 UTC,5443,15,48,,0,0,0,0,747
2021-11-01 09:57:01 UTC,5444,26,74,,0,0,0,0,747
2021-11-01 10:57:01 UTC,5445,24,98,,0,0,0,0,747
2021-11-01 11:57:01 UTC,5446,10,108,,3.9,0,0,0,747
2021-11-01 12:57:01 UTC,5447,13,121,,0,0,0,0,747
2021-11-01 13:57:01 UTC,5448,8,129,,0,0,0,0,747
2021-11-01 14:57:01 UTC,5449,16,145,,0,0,0,0,747
2021-11-01 15:57:01 UTC,5450,8,153,,3.9,0,0,0,747
2021-11-01 16:57:01 UTC,5451,8,161,,0,0,0,0,747
2021-11-01 17:57:01 UTC,5452,5,166,,0,0,0,0,747
2021-11-01 18:57:01 UTC,5453,0,166,,0,0,0,0,747
2021-11-01 19:57:01 UTC,5454,2,168,,3.9,0,0,0,747
2021-11-01 20:57:01 UTC,5455,5,173,,0,0,0,0,747
2021-11-01 21:57:01 UTC,5456,0,173,,3.9,0,0,0,747
2021-11-01 22:57:01 UTC,5457,,,173,,,,,
2021-11-01 23:57:01 UTC,5458,5,5,,0,0,0,0,175
2021-11-02 00:57:01 UTC,5459,0,5,,0,0,0,0,175
2021-11-02 01:57:01 UTC,5460,4,9,,0,0,0,0,175
2021-11-02 02:57:01 UTC,5461,0,9,,0,0,0,0,175
2021-11-02 03:57:01 UTC,5462,0,9,,3.9,0,0,0,175
2021-11-02 04:57:01 UTC,5463,1,12,,0,0,0,0,175
2021-11-02 05:57:01 UTC,5464,15,27,,0,0,0,0,175
2021-11-02 06:57:01 UTC,5465,49,76,,0,0,0,0,175
2021-11-02 07:57:01 UTC,5466,88,164,,3.9,0,0,0,175
2021-11-02 08:57:01 UTC,5467,71,241,,0,0,0,0,175
2021-11-02 09:57:01 UTC,5468,49,290,,0,0,0,0,175
2021-11-02 10:57:01 UTC,5469,89,379,,0,0,0,0,175
2021-11-02 11:57:01 UTC,5470,76,455,,3.9,0,0,0,175
2021-11-02 12:57:01 UTC,5471,32,487,,0,0,0,0,175
2021-11-02 13:57:01 UTC,5472,6,493,,0,0,0,0,175
2021-11-02 14:57:01 UTC,5473,17,510,,0,0,0,0,175
2021-11-02 15:57:01 UTC,5474,40,550,,3.9,0,0,0,175
2021-11-02 16:57:01 UTC,5475,16,567,,0,0,0,0,175
2021-11-02 17:57:01 UTC,5476,14,581,,0,0,0,0,175
2021-11-02 18:57:01 UTC,5477,9,590,,0,0,0,0,175
2021-11-02 19:57:01 UTC,5478,12,602,,3.9,0,0,0,175
2021-11-02 20:57:01 UTC,5479,3,605,,0,0,0,0,175
2021-11-02 21:57:01 UTC,5480,0,605,,3.9,0,0,0,175
2021-11-02 22:57:01 UTC,5481,,,605,,,,,
2021-11-02 23:57:01 UTC,5482,1,1,,0,0,0,0,615
2021-11-03 00:57:01 UTC,5483,1,2,,0,0,0,0,615
2021-11-03 01:57:01 UTC,5484,1,3,,0,0,0,0,615
2021-11-03 02:57:01 UTC,5485,0,3,,0,0,0,0,615
2021-11-03 03:57:01 UTC,5486,1,4,,3.9,0,0,0,615
2021-11-03 04:57:01 UTC,5487,1,6,,0,0,0,0,615
2021-11-03 05:57:01 UTC,5488,6,12,,0,0,0,0,615
2021-11-03 06:57:01 UTC,5489,23,35,,0,0,0,0,615
2021-11-03 07:57:01 UTC,5490,26,61,,3.9,0,0,0,615
2021-11-03 08:57:01 UTC,5491,18,81,,0,0,0,0,615
2021-11-03 09:57:01 UTC,5492,10,91,,0,0,0,0,615
2021-11-03 10:57:01 UTC,5493,12,103,,0,0,0,0,615
2021-11-03 11:57:01 UTC,5494,5,108,,3.9,0,0,0,615
2021-11-03 12:57:01 UTC,5495,25,134,,0,0,0,0,615
2021-11-03 13:57:01 UTC,5496,8,142,,0,0,0,0,615
2021-11-03 14:57:01 UTC,5497,14,156,,0,0,0,0,615
2021-11-03 15:57:01 UTC,5498,2,158,,3.9,0,0,0,615
2021-11-03 16:57:01 UTC,5499,12,170,,0,0,0,0,615
2021-11-03 17:57:01 UTC,5500,23,193,,0,0,0,0,615
2021-11-03 18:57:01 UTC,5501,19,212,,0,0,0,0,615
2021-11-03 19:57:01 UTC,5502,9,221,,3.9,0,0,0,615
2021-11-03 20:57:01 UTC,5503,0,221,,0,0,0,0,615
2021-11-03 21:57:01 UTC,5504,0,221,,3.9,0,0,0,615
2021-11-03 22:57:01 UTC,5505,,,221,,,,,
2021-11-03 23:57:01 UTC,5506,0,0,,0,0,0,2,221
2021-11-04 00:57:01 UTC,5507,0,0,,0,0,0,2,221
2021-11-04 01:57:01 UTC,5508,0,0,,0,0,0,2,221
2021-11-04 02:57:01 UTC,5509,0,0,,0,0,0,2,221
2021-11-04 03:57:01 UTC,5510,0,0,,3.9,0,0,2,221
2021-11-04 04:57:01 UTC,5511,1,2,,0,0,0,2,221
2021-11-04 05:57:01 UTC,5512,6,8,,0,0,0,2,221
2021-11-04 06:57:01 UTC,5513,58,66,,0,0,0,2,221
2021-11-04 07:57:01 UTC,5514,45,111,,3.9,0,0,2,221
2021-11-04 08:57:01 UTC,5515,53,166,,0,0,0,2,221
2021-11-04 09:57:01 UTC,5516,39,205,,0,0,0,2,221
2021-11-04 10:57:01 UTC,5517,45,250,,0,0,0,2,221
2021-11-04 11:57:01 UTC,5518,72,322,,3.9,0,0,2,221
2021-11-04 12:57:01 UTC,5519,29,352,,0,0,0,2,221
2021-11-04 13:57:01 UTC,5520,18,370,,0,0,0,2,221
2021-11-04 14:57:01 UTC,5521,16,386,,0,0,0,2,221
2021-11-04 15:57:01 UTC,5522,13,399,,3.9,0,0,2,221
2021-11-04 16:57:01 UTC,5523,28,427,,0,0,0,2,221
2021-11-04 17:57:01 UTC,5524,15,442,,0,0,0,2,221
2021-11-04 18:57:01 UTC,5525,15,457,,0,0,0,2,221
2021-11-04 19:57:01 UTC,5526,15,472,,3.9,0,0,2,221
2021-11-04 20:57:01 UTC,5527,9,481,,0,0,0,2,221
2021-11-04 21:57:01 UTC,5528,5,486,,3.9,0,0,2,221
2021-11-04 22:57:01 UTC,5529,,,486,,,,,
2021-11-04 23:57:01 UTC,5530,2,2,,0,0,0,0,487
2021-11-05 00:57:01 UTC,5531,6,8,,0,0,0,0,487
2021-11-05 01:57:01 UTC,5532,1,9,,0,0,0,0,487
2021-11-05 02:57:01 UTC,5533,0,9,,0,0,0,0,487
2021-11-05 03:57:01 UTC,5534,1,10,,3.9,0,0,0,487
2021-11-05 04:57:01 UTC,5535,0,11,,0,0,0,0,487
2021-11-05 05:57:01 UTC,5536,5,16,,0,0,0,0,487
2021-11-05 06:57:01 UTC,5537,38,54,,0,0,0,0,487
2021-11-05 07:57:01 UTC,5538,50,104,,3.9,0,0,0,487
2021-11-05 08:57:01 UTC,5539,41,146,,0,0,0,0,487
2021-11-05 09:57:01 UTC,5540,53,199,,0,0,0,0,487
2021-11-05 10:57:01 UTC,5541,34,233,,0,0,0,0,487
2021-11-05 11:57:01 UTC,5542,44,277,,3.9,0,0,0,487
2021-11-05 12:57:01 UTC,5543,9,287,,0,0,0,0,487
2021-11-05 13:57:01 UTC,5544,15,302,,0,0,0,0,487
2021-11-05 14:57:01 UTC,5545,22,324,,0,0,0,0,487
2021-11-05 15:57:01 UTC,5546,9,333,,3.9,0,0,0,487
2021-11-05 16:57:01 UTC,5547,23,356,,0,0,0,0,487
2021-11-05 17:57:01 UTC,5548,18,374,,0,0,0,0,487
2021-11-05 18:57:01 UTC,5549,20,394,,0,0,0,0,487
2021-11-05 19:57:01 UTC,5550,17,411,,3.9,0,0,0,487
2021-11-05 20:57:01 UTC,5551,5,416,,0,0,1,0,487
2021-11-05 21:57:01 UTC,5552,5,421,,3.9,0,1,0,487
2021-11-05 22:57:01 UTC,5553,,,421,,,,,
2021-11-05 23:57:01 UTC,5554,0,0,,0,0,0,0,425
2021-11-06 00:57:01 UTC,5555,1,1,,0,0,0,0,425
2021-11-06 01:57:01 UTC,5556,1,2,,0,0,0,0,425
2021-11-06 02:57:01 UTC,5557,0,2,,0,0,0,0,425
2021-11-06 03:57:01 UTC,5558,1,3,,3.9,0,0,0,425
2021-11-06 04:57:01 UTC,5559,0,3,,0,0,0,0,425
2021-11-06 05:57:01 UTC,5560,2,5,,0,0,0,0,425
2021-11-06 06:57:01 UTC,5561,41,46,,0,0,0,0,425
2021-11-06 07:57:01 UTC,5562,43,89,,3.9,0,0,0,425
2021-11-06 08:57:01 UTC,5563,55,145,,0,0,0,0,425
2021-11-06 09:57:01 UTC,5564,51,196,,0,0,0,0,425
2021-11-06 10:57:01 UTC,5565,45,241,,0,0,0,0,425
2021-11-06 11:57:01 UTC,5566,42,283,,3.9,0,0,0,425
2021-11-06 12:57:01 UTC,5567,28,311,,0,0,0,0,425
2021-11-06 13:57:01 UTC,5568,26,337,,0,0,0,0,425
2021-11-06 14:57:01 UTC,5569,13,350,,0,0,0,0,425
2021-11-06 15:57:01 UTC,5570,15,365,,3.9,0,0,0,425
2021-11-06 16:57:01 UTC,5571,20,385,,0,0,0,0,425
2021-11-06 17:57:01 UTC,5572,5,390,,0,0,0,0,425
2021-11-06 18:57:01 UTC,5573,10,400,,0,0,0,0,425
2021-11-06 19:57:01 UTC,5574,3,403,,3.9,0,0,0,425
2021-11-06 20:57:01 UTC,5575,7,410,,0,0,0,0,425
2021-11-06 21:57:01 UTC,5576,0,410,,3.9,0,0,0,425
2021-11-06 22:57:01 UTC,5577,,,410,,,,,
2021-11-06 23:57:01 UTC,5578,2,2,,0,0,0,0,413
2021-11-07 00:57:01 UTC,5579,1,3,,0,0,0,0,413
2021-11-07 01:57:01 UTC,5580,1,4,,0,0,0,0,413
2021-11-07 02:57:01 UTC,5581,0,4,,0,0,0,0,413
2021-11-07 03:57:01 UTC,5582,0,4,,3.9,0,0,0,413
2021-11-07 04:57:01 UTC,5583,0,4,,0,0,0,0,413
2021-11-07 05:57:01 UTC,5584,3,7,,0,0,0,0,413
2021-11-07 06:57:01 UTC,5585,7,14,,0,0,0,0,413
2021-11-07 07:57:01 UTC,5586,11,25,,3.9,0,0,0,413
2021-11-07 08:57:01 UTC,5587,33,62,,0,0,0,0,413
2021-11-07 09:57:01 UTC,5588,32,94,,0,0,0,0,413
2021-11-07 10:57:01 UTC,5589,43,137,,0,0,0,0,413
2021-11-07 11:57:01 UTC,5590,35,172,,3.9,0,0,0,413
2021-11-07 12:57:01 UTC,5591,18,190,,0,0,0,0,413
2021-11-07 13:57:01 UTC,5592,18,208,,0,0,0,0,413
2021-11-07 14:57:01 UTC,5593,20,228,,0,0,0,0,413
2021-11-07 15:57:01 UTC,5594,17,245,,0,0,0,0,413
2021-11-07 16:57:01 UTC,5595,16,261,,0,0,0,0,413
2021-11-07 17:57:01 UTC,5596,18,279,,0,0,0,0,413
2021-11-07 18:57:01 UTC,5597,20,299,,0,0,0,0,413
2021-11-07 19:57:01 UTC,5598,8,307,,3.9,0,0,0,413
2021-11-07 20:57:01 UTC,5599,5,312,,0,0,1,0,413
2021-11-07 21:57:01 UTC,5600,7,319,,3.9,0,1,0,413
2021-11-07 22:57:01 UTC,5601,,,319,,,,,
2021-11-07 23:57:01 UTC,5602,0,0,,0,0,0,0,326
2021-11-08 00:57:01 UTC,5603,0,0,,0,0,0,0,326
2021-11-08 01:57:01 UTC,5604,3,3,,0,0,0,0,326
2021-11-08 02:57:01 UTC,5605,2,5,,0,0,0,0,326
2021-11-08 03:57:01 UTC,5606,2,7,,3.9,0,0,0,326
2021-11-08 04:57:01 UTC,5607,2,9,,0,0,0,0,326
2021-11-08 05:57:01 UTC,5608,6,15,,0,0,0,0,326
2021-11-08 06:57:01 UTC,5609,54,69,,0,0,0,0,326
2021-11-08 07:57:01 UTC,5610,39,108,,3.9,0,0,0,326
2021-11-08 08:57:01 UTC,5611,43,152,,0,0,0,0,326
2021-11-08 09:57:01 UTC,5612,36,188,,0,0,0,0,326
2021-11-08 10:57:01 UTC,5613,50,238,,0,0,0,0,326
2021-11-08 11:57:01 UTC,5614,35,273,,3.9,0,0,0,326
2021-11-08 12:57:01 UTC,5615,6,279,,0,0,0,0,326
2021-11-08 13:57:01 UTC,5616,4,283,,0,0,0,0,326
2021-11-08 14:57:01 UTC,5617,5,288,,0,0,0,0,326
2021-11-08 15:57:01 UTC,5618,6,294,,3.9,0,0,0,326
2021-11-08 16:57:01 UTC,5619,12,307,,0,0,0,0,326
2021-11-08 17:57:01 UTC,5620,16,323,,0,0,0,0,326
2021-11-08 18:57:01 UTC,5621,7,330,,0,0,0,0,326
2021-11-08 19:57:01 UTC,5622,8,338,,3.9,0,0,0,326
2021-11-08 20:57:01 UTC,5623,3,341,,0,0,0,0,326
2021-11-08 21:57:01 UTC,5624,6,347,,3.9,0,0,0,326
2021-11-08 22:57:01 UTC,5625,,,347,,,,,
2021-11-08 23:57:01 UTC,5626,0,0,,0,0,0,0,353
2021-11-09 00:57:01 UTC,5627,0,0,,0,0,0,0,353
2021-11-09 01:57:01 UTC,5628,2,2,,0,0,0,0,353
2021-11-09 02:57:01 UTC,5629,0,2,,0,0,0,0,353
2021-11-09 03:57:01 UTC,5630,3,5,,3.9,0,0,0,353
2021-11-09 04:57:01 UTC,5631,2,8,,0,0,0,0,353
2021-11-09 05:57:01 UTC,5632,3,11,,0,0,0,0,353
2021-11-09 06:57:01 UTC,5633,7,18,,0,0,0,0,353
2021-11-09 07:57:01 UTC,5634,14,32,,3.9,0,0,0,353
2021-11-09 08:57:01 UTC,5635,37,70,,0,0,0,0,353
2021-11-09 09:57:01 UTC,5636,32,102,,0,0,0,0,353
2021-11-09 10:57:01 UTC,5637,27,129,,0,0,0,0,353
2021-11-09 11:57:01 UTC,5638,22,151,,3.9,0,0,0,353
2021-11-09 12:57:01 UTC,5639,29,180,,0,0,0,0,353
2021-11-09 13:57:01 UTC,5640,20,200,,0,0,0,0,353
2021-11-09 14:57:01 UTC,5641,15,215,,0,0,0,0,353
2021-11-09 15:57:01 UTC,5642,12,227,,3.9,0,0,0,353
2021-11-09 16:57:01 UTC,5643,24,251,,0,0,0,0,353
2021-11-09 17:57:01 UTC,5644,25,276,,0,0,0,0,353
2021-11-09 18:57:01 UTC,5645,18,294,,0,0,0,0,353
2021-11-09 19:57:01 UTC,5646,4,298,,3.9,0,0,0,353
2021-11-09 20:57:01 UTC,5647,4,302,,0,0,0,0,353
2021-11-09 21:57:01 UTC,5648,4,306,,3.9,0,0,0,353
2021-11-09 22:57:01 UTC,5649,,,306,,,,,
2021-11-09 23:57:01 UTC,5650,1,1,,0,0,0,0,308
2021-11-10 00:57:01 UTC,5651,1,2,,0,0,0,0,308
2021-11-10 01:57:01 UTC,5652,0,2,,0,0,0,0,308
2021-11-10 02:57:01 UTC,5653,0,2,,0,0,0,0,308
2021-11-10 03:57:01 UTC,5654,2,4,,3.9,0,0,0,308
2021-11-10 04:57:01 UTC,5655,1,5,,0,0,0,0,308
2021-11-10 05:57:01 UTC,5656,8,13,,0,0,0,0,308
2021-11-10 06:57:01 UTC,5657,56,69,,0,0,0,0,308
2021-11-10 07:57:01 UTC,5658,40,109,,3.9,0,0,0,308
2021-11-10 08:57:01 UTC,5659,54,164,,0,0,0,0,308
2021-11-10 09:57:01 UTC,5660,55,219,,0,0,0,0,308
2021-11-10 10:57:01 UTC,5661,47,266,,0,0,0,0,308
2021-11-10 11:57:01 UTC,5662,41,307,,3.9,0,0,0,308
2021-11-10 12:57:01 UTC,5663,17,324,,0,0,0,0,308
2021-11-10 13:57:01 UTC,5664,21,345,,0,0,0,0,308
2021-11-10 14:57:01 UTC,5665,19,364,,0,0,0,0,308
2021-11-10 15:57:01 UTC,5666,15,379,,3.9,0,0,0,308
2021-11-10 16:57:01 UTC,5667,7,386,,0,0,0,0,308
2021-11-10 17:57:01 UTC,5668,13,399,,0,0,0,0,308
2021-11-10 18:57:01 UTC,5669,11,410,,0,0,0,0,308
2021-11-10 19:57:01 UTC,5670,8,418,,3.9,0,0,0,308
2021-11-10 20:57:01 UTC,5671,0,418,,0,0,1,0,308
2021-11-10 21:57:01 UTC,5672,3,421,,3.9,0,1,0,308
2021-11-10 22:57:01 UTC,5673,,,421,,,,,
2021-11-10 23:57:01 UTC,5674,0,0,,0,0,0,0,427
2021-11-11 00:57:01 UTC,5675,0,0,,0,0,0,0,427
2021-11-11 01:57:01 UTC,5676,0,0,,0,0,0,0,427
2021-11-11 02:57:01 UTC,5677,0,0,,0,0,0,0,427
2021-11-11 03:57:01 UTC,5678,0,0,,3.9,0,0,0,427
2021-11-11 04:57:01 UTC,5679,0,0,,0,0,0,0,427
2021-11-11 05:57:01 UTC,5680,0,0,,0,0,0,0,427
2021-11-11 06:57:01 UTC,5681,4,4,,0,0,0,0,427
2021-11-11 07:57:01 UTC,5682,11,15,,3.9,0,0,0,427
2021-11-11 08:57:01 UTC,5683,23,39,,0,0,0,1,427
2021-11-11 09:57:01 UTC,5684,26,65,,0,0,0,1,427
2021-11-11 10:57:01 UTC,5685,13,78,,0,0,0,1,427
2021-11-11 11:57:01 UTC,5686,13,91,,3.9,0,0,1,427
2021-11-11 12:57:01 UTC,5687,15,106,,0,0,0,1,427
2021-11-11 13:57:01 UTC,5688,7,113,,0,0,0,1,427
2021-11-11 14:57:01 UTC,5689,10,123,,0,0,0,1,427
2021-11-11 15:57:01 UTC,5690,16,139,,3.9,0,0,1,427
2021-11-11 16:57:01 UTC,5691,16,155,,0,0,0,1,427
2021-11-11 17:57:01 UTC,5692,21,176,,0,0,0,1,427
2021-11-11 18:57:01 UTC,5693,19,195,,0,0,0,1,427
2021-11-11 19:57:01 UTC,5694,13,208,,3.9,0,0,1,427
2021-11-11 20:57:01 UTC,5695,4,212,,0,0,0,1,427
2021-11-11 21:57:01 UTC,5696,7,219,,3.9,0,0,1,427
2021-11-11 22:57:01 UTC,5697,,,219,,,,,
