created_at,entry_id,field1,field2,field3,field4,field5,field6,field7,field8
2021-09-01 00:57:01 UTC,3975,1,4,,0,0,0,0,455
2021-09-01 01:57:01 UTC,3976,0,4,,0,0,0,0,455
2021-09-01 02:57:01 UTC,3977,0,4,,3.9,0,0,0,455
2021-09-01 03:57:01 UTC,3978,0,4,,0,0,0,0,455
2021-09-01 04:57:01 UTC,3979,1,5,,0,0,0,0,455
2021-09-01 05:57:01 UTC,3980,40,45,,0,0,0,0,455
2021-09-01 06:57:01 UTC,3981,38,83,,3.9,0,0,0,455
2021-09-01 07:57:01 UTC,3982,32,116,,0,0,0,0,455
2021-09-01 08:57:01 UTC,3983,38,154,,0,0,0,0,455
2021-09-01 09:57:01 UTC,3984,64,218,,0,0,0,0,455
2021-09-01 10:57:01 UTC,3985,37,255,,0,0,0,0,455
2021-09-01 11:57:01 UTC,3986,33,288,,0,0,0,0,455
2021-09-01 12:57:01 UTC,3987,35,323,,0,0,0,0,455
2021-09-01 13:57:01 UTC,3988,23,346,,0,0,0,0,455
2021-09-01 14:57:01 UTC,3989,19,365,,0,0,0,0,455
2021-09-01 15:57:01 UTC,3990,36,401,,0,0,0,0,455
2021-09-01 16:57:01 UTC,3991,22,423,,0,0,0,0,455
2021-09-01 17:57:01 UTC,3992,30,453,,0,0,0,0,455
2021-09-01 18:57:01 UTC,3993,9,462,,0,0,0,0,455
2021-09-01 19:57:01 UTC,3994,5,467,,0,0,0,0,455
2021-09-01 20:57:01 UTC,3995,1,468,,3.9,0,0,0,455
2021-09-01 21:57:01 UTC,3996,,,468,,,,,
2021-09-01 22:57:01 UTC,3997,1,1,,0,0,0,0,474
2021-09-01 23:57:01 UTC,3998,0,1,,0,0,0,0,474
2021-09-02 00:57:01 UTC,3999,0,1,,0,0,0,0,474
2021-09-02 01:57:01 UTC,4000,0,1,,0,0,0,0,474
2021-09-02 02:57:01 UTC,4001,0,1,,3.9,0,0,0,474
2021-09-02 03:57:01 UTC,4002,2,3,,0,0,0,0,474
2021-09-02 04:57:01 UTC,4003,5,8,,0,0,0,0,474
2021-09-02 05:57:01 UTC,4004,39,47,,0,0,0,0,474
2021-09-02 06:57:01 UTC,4005,42,89,,3.9,0,0,0,474
2021-09-02 07:57:01 UTC,4006,33,124,,0,0,0,0,474
2021-09-02 08:57:01 UTC,4007,53,177,,0,0,0,0,474
2021-09-02 09:57:01 UTC,4008,58,235,,0,0,0,0,474
2021-09-02 10:57:01 UTC,4009,32,267,,0,0,0,0,474
2021-09-02 11:57:01 UTC,4010,26,293,,0,0,0,0,474
2021-09-02 12:57:01 UTC,4011,21,314,,0,0,0,0,474
2021-09-02 13:57:01 UTC,4012,26,340,,0,0,0,0,474
2021-09-02 14:57:01 UTC,4013,26,366,,0,0,0,0,474
2021-09-02 15:57:01 UTC,4014,26,392,,0,0,0,0,474
2021-09-02 16:57:01 UTC,4015,23,415,,0,0,0,0,474
2021-09-02 17:57:01 UTC,4016,24,439,,0,0,0,0,474
2021-09-02 18:57:01 UTC,4017,10,449,,0,0,0,0,474
2021-09-02 19:57:01 UTC,4018,6,455,,0,0,0,0,474
2021-09-02 20:57:01 UTC,4019,4,459,,3.9,0,0,0,474
2021-09-02 21:57:01 UTC,4020,,,459,,,,,
2021-09-02 22:57:01 UTC,4021,1,1,,0,0,0,0,467
2021-09-02 23:57:01 UTC,4022,1,2,,0,0,0,0,467
2021-09-03 00:57:01 UTC,4023,1,3,,0,0,0,0,467
2021-09-03 01:57:01 UTC,4024,0,3,,0,0,0,0,467
2021-09-03 02:57:01 UTC,4025,0,3,,0,0,0,0,467
2021-09-03 03:57:01 UTC,4026,3,6,,0,0,0,0,467
2021-09-03 04:57:01 UTC,4027,15,21,,0,0,0,0,467
2021-09-03 05:57:01 UTC,4028,55,76,,0,0,0,0,467
2021-09-03 06:57:01 UTC,4029,44,120,,3.9,0,0,0,467
2021-09-03 07:57:01 UTC,4030,18,138,,0,0,0,0,467
2021-09-03 08:57:01 UTC,4031,32,170,,0,0,0,0,467
2021-09-03 09:57:01 UTC,4032,35,205,,0,0,0,0,467
2021-09-03 10:57:01 UTC,4033,45,250,,0,0,0,0,467
2021-09-03 11:57:01 UTC,4034,15,265,,0,0,0,0,467
2021-09-03 12:57:01 UTC,4035,22,287,,0,0,0,0,467
2021-09-03 13:57:01 UTC,4036,23,310,,0,0,0,0,467
2021-09-03 14:57:01 UTC,4037,19,329,,0,0,0,0,467
2021-09-03 15:57:01 UTC,4038,24,353,,0,0,0,0,467
2021-09-03 16:57:01 UTC,4039,19,372,,0,0,0,0,467
2021-09-03 17:57:01 UTC,4040,24,396,,0,0,0,0,467
2021-09-03 18:57:01 UTC,4041,4,400,,0,0,0,0,467
2021-09-03 19:57:01 UTC,4042,5,405,,0,0,0,0,467
2021-09-03 20:57:01 UTC,4043,1,406,,3.9,0,0,0,467
2021-09-03 21:57:01 UTC,4044,,,406,,,,,
2021-09-03 22:57:01 UTC,4045,2,2,,0,0,0,0,408
2021-09-03 23:57:01 UTC,4046,1,3,,0,0,0,0,408
2021-09-04 00:57:01 UTC,4047,0,3,,0,0,0,0,408
2021-09-04 01:57:01 UTC,4048,0,3,,0,0,0,0,408
2021-09-04 02:57:01 UTC,4049,0,3,,3.9,0,0,0,408
2021-09-04 03:57:01 UTC,4050,1,4,,0,0,0,0,408
2021-09-04 04:57:01 UTC,4051,1,5,,0,0,0,0,408
2021-09-04 05:57:01 UTC,4052,21,26,,0,0,0,0,408
2021-09-04 06:57:01 UTC,4053,61,87,,3.9,0,0,0,408
2021-09-04 07:57:01 UTC,4054,46,134,,0,0,0,0,408
2021-09-04 08:57:01 UTC,4055,28,162,,0,0,0,0,408
2021-09-04 09:57:01 UTC,4056,40,202,,0,0,0,0,408
2021-09-04 10:57:01 UTC,4057,42,244,,0,0,0,0,408
2021-09-04 11:57:01 UTC,4058,20,264,,0,0,0,0,408
2021-09-04 12:57:01 UTC,4059,20,284,,0,0,0,0,408
2021-09-04 13:57:01 UTC,4060,16,300,,0,0,0,0,408
2021-09-04 14:57:01 UTC,4061,18,318,,0,0,0,0,408
2021-09-04 15:57:01 UTC,4062,20,338,,0,0,0,0,408
2021-09-04 16:57:01 UTC,4063,17,355,,0,0,0,0,408
2021-09-04 17:57:01 UTC,4064,21,376,,0,0,0,0,408
2021-09-04 18:57:01 UTC,4065,8,384,,0,0,0,0,408
2021-09-04 19:57:01 UTC,4066,9,393,,0,0,0,0,408
2021-09-04 20:57:01 UTC,4067,4,397,,3.9,0,0,0,408
2021-09-04 21:57:01 UTC,4068,,,397,,,,,
2021-09-04 22:57:01 UTC,4069,2,2,,0,0,0,0,402
2021-09-04 23:57:01 UTC,4070,0,2,,0,0,0,0,402
2021-09-05 00:57:01 UTC,4071,0,2,,0,0,0,0,402
2021-09-05 01:57:01 UTC,4072,2,4,,0,0,0,0,402
2021-09-05 02:57:01 UTC,4073,0,4,,0,0,0,0,402
2021-09-05 03:57:01 UTC,4074,0,4,,0,0,0,0,402
2021-09-05 04:57:01 UTC,4075,0,4,,0,0,0,0,402
2021-09-05 05:57:01 UTC,4076,2,6,,0,0,0,0,402
2021-09-05 06:57:01 UTC,4077,6,12,,3.9,0,0,0,402
2021-09-05 07:57:01 UTC,4078,22,34,,0,0,0,0,402
2021-09-05 08:57:01 UTC,4079,29,63,,0,0,0,0,402
2021-09-05 09:57:01 UTC,4080,26,89,,0,0,0,0,402
2021-09-05 10:57:01 UTC,4081,34,123,,0,0,0,0,402
2021-09-05 11:57:01 UTC,4082,23,146,,0,0,0,0,402
2021-09-05 12:57:01 UTC,4083,15,161,,0,0,0,0,402
2021-09-05 13:57:01 UTC,4084,17,178,,0,0,0,0,402
2021-09-05 14:57:01 UTC,4085,28,206,,0,0,0,0,402
2021-09-05 15:57:01 UTC,4086,27,233,,0,0,0,0,402
2021-09-05 16:57:01 UTC,4087,17,250,,0,0,0,0,402
2021-09-05 17:57:01 UTC,4088,12,262,,0,0,0,0,402
2021-09-05 18:57:01 UTC,4089,9,271,,0,0,0,0,402
2021-09-05 19:57:01 UTC,4090,4,275,,0,0,0,0,402
2021-09-05 20:57:01 UTC,4091,7,282,,3.9,0,0,0,402
2021-09-05 21:57:01 UTC,4092,,,282,,,,,
2021-09-05 22:57:01 UTC,4093,1,1,,0,0,0,0,285
2021-09-05 23:57:01 UTC,4094,1,2,,0,0,0,0,285
2021-09-06 00:57:01 UTC,4095,0,2,,0,0,0,0,285
2021-09-06 01:57:01 UTC,4096,1,3,,0,0,0,0,285
2021-09-06 02:57:01 UTC,4097,1,4,,3.9,0,0,0,285
2021-09-06 03:57:01 UTC,4098,0,4,,0,0,0,0,285
2021-09-06 04:57:01 UTC,4099,4,8,,0,0,0,0,285
2021-09-06 05:57:01 UTC,4100,45,53,,0,0,0,0,285
2021-09-06 06:57:01 UTC,4101,48,101,,3.9,0,0,0,285
2021-09-06 07:57:01 UTC,4102,23,125,,0,0,0,0,285
2021-09-06 08:57:01 UTC,4103,53,178,,0,0,0,0,285
2021-09-06 09:57:01 UTC,4104,30,208,,0,0,0,0,285
2021-09-06 10:57:01 UTC,4105,41,249,,0,0,0,0,285
2021-09-06 11:57:01 UTC,4106,21,270,,0,0,0,1,285
2021-09-06 12:57:01 UTC,4107,16,286,,0,0,0,1,285
2021-09-06 13:57:01 UTC,4108,15,301,,0,0,0,1,285
2021-09-06 14:57:01 UTC,4109,23,324,,0,0,0,1,285
2021-09-06 15:57:01 UTC,4110,11,335,,0,0,0,1,285
2021-09-06 16:57:01 UTC,4111,36,371,,0,0,0,1,285
2021-09-06 17:57:01 UTC,4112,20,391,,0,0,0,1,285
2021-09-06 18:57:01 UTC,4113,12,403,,0,0,0,1,285
2021-09-06 19:57:01 UTC,4114,3,406,,0,0,1,1,285
2021-09-06 20:57:01 UTC,4115,1,407,,3.9,0,1,1,285
2021-09-06 21:57:01 UTC,4116,,,407,,,,,
2021-09-06 22:57:01 UTC,4117,0,0,,0,0,0,0,407
2021-09-06 23:57:01 UTC,4118,1,1,,0,0,0,0,407
2021-09-07 00:57:01 UTC,4119,0,1,,0,0,0,0,407
2021-09-07 01:57:01 UTC,4120,0,1,,0,0,0,0,407
2021-09-07 02:57:01 UTC,4121,1,2,,3.9,0,0,0,407
2021-09-07 03:57:01 UTC,4122,1,3,,0,0,0,0,407
2021-09-07 04:57:01 UTC,4123,6,9,,0,0,0,0,407
2021-09-07 05:57:01 UTC,4124,34,43,,0,0,0,0,407
2021-09-07 06:57:01 UTC,4125,48,91,,3.9,0,0,0,407
2021-09-07 07:57:01 UTC,4126,40,134,,0,0,0,0,407
2021-09-07 08:57:01 UTC,4127,44,178,,0,0,0,0,407
2021-09-07 09:57:01 UTC,4128,46,224,,0,0,0,0,407
2021-09-07 10:57:01 UTC,4129,58,282,,0,0,0,0,407
2021-09-07 11:57:01 UTC,4130,28,310,,0,0,0,0,407
2021-09-07 12:57:01 UTC,4131,38,348,,0,0,0,0,407
2021-09-07 13:57:01 UTC,4132,19,367,,0,0,0,0,407
2021-09-07 14:57:01 UTC,4133,19,386,,0,0,0,0,407
2021-09-07 15:57:01 UTC,4134,22,408,,0,0,0,0,407
2021-09-07 16:57:01 UTC,4135,31,439,,0,0,0,0,407
2021-09-07 17:57:01 UTC,4136,30,469,,0,0,0,0,407
2021-09-07 18:57:01 UTC,4137,15,484,,0,0,0,0,407
2021-09-07 19:57:01 UTC,4138,7,491,,0,0,0,0,407
2021-09-07 20:57:01 UTC,4139,3,494,,3.9,0,0,0,407
2021-09-07 21:57:01 UTC,4140,,,494,,,,,
2021-09-07 22:57:01 UTC,4141,2,2,,0,0,0,0,498
2021-09-07 23:57:01 UTC,4142,2,4,,0,0,0,0,498
2021-09-08 00:57:01 UTC,4143,1,5,,0,0,0,0,498
2021-09-08 01:57:01 UTC,4144,0,5,,0,0,0,0,498
2021-09-08 02:57:01 UTC,4145,1,6,,3.9,0,0,0,498
2021-09-08 03:57:01 UTC,4146,0,6,,0,0,0,0,498
2021-09-08 04:57:01 UTC,4147,8,14,,0,0,0,0,498
2021-09-08 05:57:01 UTC,4148,42,56,,0,0,0,0,498
2021-09-08 06:57:01 UTC,4149,31,87,,3.9,0,0,0,498
2021-09-08 07:57:01 UTC,4150,20,107,,0,0,0,0,498
2021-09-08 08:57:01 UTC,4151,41,148,,0,0,0,0,498
2021-09-08 09:57:01 UTC,4152,56,204,,0,0,0,0,498
2021-09-08 10:57:01 UTC,4153,51,255,,0,0,0,0,498
2021-09-08 11:57:01 UTC,4154,16,271,,0,0,0,0,498
2021-09-08 12:57:01 UTC,4155,17,288,,0,0,0,0,498
2021-09-08 13:57:01 UTC,4156,20,308,,0,0,0,0,498
2021-09-08 14:57:01 UTC,4157,27,335,,0,0,0,0,498
2021-09-08 15:57:01 UTC,4158,23,358,,0,0,0,0,498
2021-09-08 16:57:01 UTC,4159,22,380,,0,0,0,0,498
2021-09-08 17:57:01 UTC,4160,8,388,,0,0,0,0,498
2021-09-08 18:57:01 UTC,4161,7,395,,0,0,0,0,498
2021-09-08 19:57:01 UTC,4162,6,401,,0,0,0,0,498
2021-09-08 20:57:01 UTC,4163,3,404,,3.9,0,0,0,498
2021-09-08 21:57:01 UTC,4164,,,404,,,,,
2021-09-08 22:57:01 UTC,4165,1,1,,0,0,0,0,404
2021-09-08 23:57:01 UTC,4166,1,2,,0,0,0,0,404
2021-09-09 00:57:01 UTC,4167,0,2,,0,0,0,0,404
2021-09-09 01:57:01 UTC,4168,0,2,,0,0,0,0,404
2021-09-09 02:57:01 UTC,4169,1,3,,3.9,0,0,0,404
2021-09-09 03:57:01 UTC,4170,2,5,,0,0,0,0,404
2021-09-09 04:57:01 UTC,4171,7,12,,0,0,0,0,404
2021-09-09 05:57:01 UTC,4172,70,82,,0,0,0,0,404
2021-09-09 06:57:01 UTC,4173,64,146,,3.9,0,0,0,404
2021-09-09 07:57:01 UTC,4174,32,181,,0,0,0,0,404
2021-09-09 08:57:01 UTC,4175,44,225,,0,0,0,0,404
2021-09-09 09:57:01 UTC,4176,42,267,,0,0,0,0,404
2021-09-09 10:57:01 UTC,4177,61,328,,0,0,0,0,404
2021-09-09 11:57:01 UTC,4178,23,351,,0,0,0,0,404
2021-09-09 12:57:01 UTC,4179,15,366,,0,0,0,0,404
2021-09-09 13:57:01 UTC,4180,8,374,,0,0,0,0,404
2021-09-09 14:57:01 UTC,4181,14,388,,0,0,0,0,404
2021-09-09 15:57:01 UTC,4182,23,411,,0,0,0,0,404
2021-09-09 16:57:01 UTC,4183,21,432,,0,0,0,0,404
2021-09-09 17:57:01 UTC,4184,11,443,,0,0,0,0,404
2021-09-09 18:57:01 UTC,4185,17,460,,0,0,0,0,404
2021-09-09 19:57:01 UTC,4186,5,465,,0,0,0,0,404
2021-09-09 20:57:01 UTC,4187,3,468,,3.9,0,0,0,404
2021-09-09 21:57:01 UTC,4188,,,468,,,,,
2021-09-09 22:57:01 UTC,4189,2,2,,0,0,0,0,468
2021-09-09 23:57:01 UTC,4190,0,2,,0,0,0,0,468
2021-09-10 00:57:01 UTC,4191,1,3,,0,0,0,0,468
2021-09-10 01:57:01 UTC,4192,0,3,,0,0,0,0,468
2021-09-10 02:57:01 UTC,4193,1,4,,3.9,0,0,0,468
2021-09-10 03:57:01 UTC,4194,1,5,,0,0,0,0,468
2021-09-10 04:57:01 UTC,4195,7,12,,0,0,0,0,468
2021-09-10 05:57:01 UTC,4196,48,60,,0,0,0,0,468
2021-09-10 06:57:01 UTC,4197,42,102,,3.9,0,0,0,468
2021-09-10 07:57:01 UTC,4198,23,125,,0,0,0,0,468
2021-09-10 08:57:01 UTC,4199,32,157,,0,0,0,0,468
2021-09-10 09:57:01 UTC,4200,30,187,,0,0,0,0,468
2021-09-10 10:57:01 UTC,4201,36,223,,0,0,0,0,468
2021-09-10 11:57:01 UTC,4202,23,246,,0,0,0,0,468
2021-09-10 12:57:01 UTC,4203,17,263,,0,0,0,0,468
2021-09-10 13:57:01 UTC,4204,15,278,,0,0,0,0,468
2021-09-10 14:57:01 UTC,4205,18,296,,0,0,0,0,468
2021-09-10 15:57:01 UTC,4206,8,304,,0,0,0,0,468
2021-09-10 16:57:01 UTC,4207,23,327,,0,0,0,0,468
2021-09-10 17:57:01 UTC,4208,12,339,,0,0,0,0,468
2021-09-10 18:57:01 UTC,4209,7,346,,0,0,0,0,468
2021-09-10 19:57:01 UTC,4210,6,352,,0,0,0,0,468
2021-09-10 20:57:01 UTC,4211,6,358,,3.9,0,0,0,468
2021-09-10 21:57:01 UTC,4212,,,358,,,,,
