created_at,entry_id,field1,field2,field3,field4,field5,field6,field7,field8
2022-03-01 00:57:01 UTC,8150,0,1,,0,0,0,0,370
2022-03-01 01:57:01 UTC,8151,0,1,,0,0,0,0,370
2022-03-01 02:57:01 UTC,8152,0,1,,0,0,0,0,370
2022-03-01 03:57:01 UTC,8153,0,1,,3.9,0,0,0,370
2022-03-01 04:57:01 UTC,8154,3,5,,0,0,0,0,370
2022-03-01 05:57:01 UTC,8155,9,14,,0,0,0,0,370
2022-03-01 06:57:01 UTC,8156,35,49,,0,0,0,0,370
2022-03-01 07:57:01 UTC,8157,24,73,,3.9,0,0,0,370
2022-03-01 08:57:01 UTC,8158,24,97,,0,0,0,0,370
2022-03-01 09:57:01 UTC,8159,23,120,,0,0,0,0,370
2022-03-01 10:57:01 UTC,8160,38,158,,0,0,0,0,370
2022-03-01 11:57:01 UTC,8161,21,179,,3.9,0,0,0,370
2022-03-01 12:57:01 UTC,8162,23,203,,0,0,0,0,370
2022-03-01 13:57:01 UTC,8163,10,213,,0,0,0,0,370
2022-03-01 14:57:01 UTC,8164,30,243,,0,0,0,0,370
2022-03-01 15:57:01 UTC,8165,19,262,,3.8,0,0,0,370
2022-03-01 16:57:01 UTC,8166,15,278,,0,0,0,0,370
2022-03-01 17:57:01 UTC,8167,31,309,,0,0,0,0,370
2022-03-01 18:57:01 UTC,8168,16,325,,0,0,0,0,370
2022-03-01 19:57:01 UTC,8169,9,334,,3.9,0,0,0,370
2022-03-01 20:57:01 UTC,8170,5,341,,0,0,0,1,370
2022-03-01 21:57:01 UTC,8171,0,341,,3.9,0,0,1,370
2022-03-01 22:57:01 UTC,8172,,,341,,,,,
2022-03-01 23:57:01 UTC,8173,1,1,,0,0,0,0,342
2022-03-02 00:57:01 UTC,8174,0,1,,0,0,0,0,342
2022-03-02 01:57:01 UTC,8175,0,1,,0,0,0,0,342
2022-03-02 02:57:01 UTC,8176,0,1,,0,0,0,0,342
2022-03-02 03:57:01 UTC,8177,0,1,,3.9,0,0,0,342
2022-03-02 04:57:01 UTC,8178,1,2,,0,0,0,0,342
2022-03-02 05:57:01 UTC,8179,4,6,,0,0,0,0,342
2022-03-02 06:57:01 UTC,8180,13,19,,0,0,0,0,342
2022-03-02 07:57:01 UTC,8181,17,36,,3.9,0,0,0,342
2022-03-02 08:57:01 UTC,8182,39,76,,0,0,0,0,342
2022-03-02 09:57:01 UTC,8183,27,103,,0,0,0,0,342
2022-03-02 10:57:01 UTC,8184,54,157,,0,0,0,0,342
2022-03-02 11:57:01 UTC,8185,19,176,,3.9,0,0,0,342
2022-03-02 12:57:01 UTC,8186,21,200,,0,0,1,0,342
2022-03-02 13:57:01 UTC,8187,19,219,,0,0,1,0,342
2022-03-02 14:57:01 UTC,8188,11,230,,0,0,1,0,342
2022-03-02 15:57:01 UTC,8189,10,240,,3.9,0,1,0,342
2022-03-02 16:57:01 UTC,8190,24,265,,0,0,1,0,342
2022-03-02 17:57:01 UTC,8191,22,287,,0,0,1,0,342
2022-03-02 18:57:01 UTC,8192,15,302,,0,0,1,0,342
2022-03-02 19:57:01 UTC,8193,20,322,,3.9,0,1,0,342
2022-03-02 20:57:01 UTC,8194,6,328,,0,0,2,0,342
2022-03-02 21:57:01 UTC,8195,2,330,,3.9,0,2,0,342
2022-03-02 22:57:01 UTC,8196,,,330,,,,,
2022-03-02 23:57:01 UTC,8197,1,1,,0,0,0,0,332
2022-03-03 00:57:01 UTC,8198,0,1,,0,0,0,0,332
2022-03-03 01:57:01 UTC,8199,1,2,,0,0,0,0,332
2022-03-03 02:57:01 UTC,8200,0,2,,0,0,0,0,332
2022-03-03 03:57:01 UTC,8201,0,2,,3.9,0,0,0,332
2022-03-03 04:57:01 UTC,8202,2,4,,0,0,0,0,332
2022-03-03 05:57:01 UTC,8203,5,9,,0,0,0,0,332
2022-03-03 06:57:01 UTC,8204,16,25,,0,0,0,0,332
2022-03-03 07:57:01 UTC,8205,21,46,,3.9,0,0,0,332
2022-03-03 08:57:01 UTC,8206,27,77,,0,0,0,0,332
2022-03-03 09:57:01 UTC,8207,29,106,,0,0,0,0,332
2022-03-03 10:57:01 UTC,8208,26,132,,0,0,0,0,332
2022-03-03 11:57:01 UTC,8209,13,145,,3.9,0,0,0,332
2022-03-03 12:57:01 UTC,8210,17,162,,0,0,0,0,332
2022-03-03 13:57:01 UTC,8211,11,173,,0,0,0,0,332
2022-03-03 14:57:01 UTC,8212,22,195,,0,0,0,0,332
2022-03-03 15:57:01 UTC,8213,26,221,,3.9,0,0,0,332
2022-03-03 16:57:01 UTC,8214,18,239,,0,0,0,0,332
2022-03-03 17:57:01 UTC,8215,14,253,,0,0,0,0,332
2022-03-03 18:57:01 UTC,8216,25,278,,0,0,0,0,332
2022-03-03 19:57:01 UTC,8217,20,298,,3.9,0,0,0,332
2022-03-03 20:57:01 UTC,8218,8,306,,0,0,0,0,332
2022-03-03 21:57:01 UTC,8219,10,316,,3.9,0,0,0,332
2022-03-03 22:57:01 UTC,8220,,,316,,,,,
2022-03-03 23:57:01 UTC,8221,0,0,,0,0,0,0,335
2022-03-04 00:57:01 UTC,8222,1,1,,0,0,0,0,335
2022-03-04 01:57:01 UTC,8223,0,1,,0,0,0,0,335
2022-03-04 02:57:01 UTC,8224,0,1,,0,0,0,0,335
2022-03-04 03:57:01 UTC,8225,0,1,,3.9,0,0,0,335
2022-03-04 04:57:01 UTC,8226,1,2,,0,0,0,0,335
2022-03-04 05:57:01 UTC,8227,1,3,,0,0,0,0,335
2022-03-04 06:57:01 UTC,8228,24,27,,0,0,0,0,335
2022-03-04 07:57:01 UTC,8229,27,54,,3.9,0,0,0,335
2022-03-04 08:57:01 UTC,8230,27,84,,0,0,0,0,335
2022-03-04 09:57:01 UTC,8231,50,134,,0,0,0,0,335
2022-03-04 10:57:01 UTC,8232,30,164,,0,0,0,0,335
2022-03-04 11:57:01 UTC,8233,28,192,,3.9,0,0,0,335
2022-03-04 12:57:01 UTC,8234,24,220,,0,0,0,0,335
2022-03-04 13:57:01 UTC,8235,14,234,,0,0,0,0,335
2022-03-04 14:57:01 UTC,8236,10,244,,0,0,0,0,335
2022-03-04 15:57:01 UTC,8237,9,253,,3.9,0,0,0,335
2022-03-04 16:57:01 UTC,8238,26,279,,0,0,0,0,335
2022-03-04 17:57:01 UTC,8239,9,288,,0,0,0,0,335
2022-03-04 18:57:01 UTC,8240,21,309,,0,0,0,0,335
2022-03-04 19:57:01 UTC,8241,17,326,,3.9,0,0,0,335
2022-03-04 20:57:01 UTC,8242,6,334,,0,0,0,0,335
2022-03-04 21:57:01 UTC,8243,3,337,,3.9,0,0,0,335
2022-03-04 22:57:01 UTC,8244,,,337,,,,,
2022-03-04 23:57:01 UTC,8245,0,0,,0,0,0,0,339
2022-03-05 00:57:01 UTC,8246,1,1,,0,0,0,0,339
2022-03-05 01:57:01 UTC,8247,2,3,,0,0,0,0,339
2022-03-05 02:57:01 UTC,8248,0,3,,0,0,0,0,339
2022-03-05 03:57:01 UTC,8249,0,3,,3.9,0,0,0,339
2022-03-05 04:57:01 UTC,8250,4,7,,0,0,0,0,339
2022-03-05 05:57:01 UTC,8251,2,9,,0,0,0,0,339
2022-03-05 06:57:01 UTC,8252,9,18,,0,0,0,0,339
2022-03-05 07:57:01 UTC,8253,14,32,,3.9,0,0,0,339
2022-03-05 08:57:01 UTC,8254,34,66,,0,0,1,0,339
2022-03-05 09:57:01 UTC,8255,30,96,,0,0,1,0,339
2022-03-05 10:57:01 UTC,8256,28,124,,0,0,1,0,339
2022-03-05 11:57:01 UTC,8257,36,160,,3.9,0,1,0,339
2022-03-05 12:57:01 UTC,8258,44,205,,0,0,1,0,339
2022-03-05 13:57:01 UTC,8259,16,221,,0,0,1,0,339
2022-03-05 14:57:01 UTC,8260,11,232,,0,0,1,0,339
2022-03-05 15:57:01 UTC,8261,14,246,,3.9,0,1,0,339
2022-03-05 16:57:01 UTC,8262,20,268,,0,0,1,0,339
2022-03-05 17:57:01 UTC,8263,34,302,,0,0,1,0,339
2022-03-05 18:57:01 UTC,8264,28,330,,0,0,1,0,339
2022-03-05 19:57:01 UTC,8265,8,338,,3.9,0,1,0,339
2022-03-05 20:57:01 UTC,8266,6,344,,0,0,2,0,339
2022-03-05 21:57:01 UTC,8267,1,345,,3.9,0,2,0,339
2022-03-05 22:57:01 UTC,8268,,,345,,,,,
2022-03-05 23:57:01 UTC,8269,3,3,,0,0,0,0,347
2022-03-06 00:57:01 UTC,8270,0,3,,0,0,0,0,347
2022-03-06 01:57:01 UTC,8271,0,3,,0,0,0,0,347
2022-03-06 02:57:01 UTC,8272,0,3,,0,0,0,0,347
2022-03-06 03:57:01 UTC,8273,0,3,,3.9,0,0,0,347
2022-03-06 04:57:01 UTC,8274,0,3,,0,0,0,0,347
2022-03-06 05:57:01 UTC,8275,3,6,,0,0,0,0,347
2022-03-06 06:57:01 UTC,8276,4,10,,0,0,0,0,347
2022-03-06 07:57:01 UTC,8277,15,25,,3.9,0,0,0,347
2022-03-06 08:57:01 UTC,8278,43,75,,0,0,0,0,347
2022-03-06 09:57:01 UTC,8279,51,126,,0,0,0,0,347
2022-03-06 10:57:01 UTC,8280,39,165,,0,0,0,0,347
2022-03-06 11:57:01 UTC,8281,39,204,,3.9,0,0,0,347
2022-03-06 12:57:01 UTC,8282,29,234,,0,0,0,0,347
2022-03-06 13:57:01 UTC,8283,22,256,,0,0,0,0,347
2022-03-06 14:57:01 UTC,8284,19,275,,0,0,0,0,347
2022-03-06 15:57:01 UTC,8285,10,285,,3.9,0,0,0,347
2022-03-06 16:57:01 UTC,8286,23,308,,0,0,0,0,347
2022-03-06 17:57:01 UTC,8287,10,318,,0,0,0,0,347
2022-03-06 18:57:01 UTC,8288,16,334,,0,0,0,0,347
2022-03-06 19:57:01 UTC,8289,5,339,,3.9,0,0,0,347
2022-03-06 20:57:01 UTC,8290,16,358,,0,0,0,0,347
2022-03-06 21:57:01 UTC,8291,5,363,,3.9,0,0,0,347
2022-03-06 22:57:01 UTC,8292,,,363,,,,,
2022-03-06 23:57:01 UTC,8293,0,0,,0,0,0,0,365
2022-03-07 00:57:01 UTC,8294,0,0,,0,0,0,0,365
2022-03-07 01:57:01 UTC,8295,2,2,,0,0,0,0,365
2022-03-07 02:57:01 UTC,8296,0,2,,0,0,0,0,365
2022-03-07 03:57:01 UTC,8297,0,2,,3.9,0,0,0,365
2022-03-07 04:57:01 UTC,8298,2,4,,0,0,1,0,365
2022-03-07 05:57:01 UTC,8299,6,10,,0,0,1,0,365
2022-03-07 06:57:01 UTC,8300,10,20,,0,0,1,0,365
2022-03-07 07:57:01 UTC,8301,17,37,,3.9,0,1,0,365
2022-03-07 08:57:01 UTC,8302,13,56,,0,0,2,0,365
2022-03-07 09:57:01 UTC,8303,22,78,,0,0,2,0,365
2022-03-07 10:57:01 UTC,8304,32,110,,0,0,2,0,365
2022-03-07 11:57:01 UTC,8305,27,137,,3.9,0,2,0,365
2022-03-07 12:57:01 UTC,8306,28,167,,0,0,2,0,365
2022-03-07 13:57:01 UTC,8307,18,185,,0,0,2,0,365
2022-03-07 14:57:01 UTC,8308,13,198,,0,0,2,0,365
2022-03-07 15:57:01 UTC,8309,18,216,,3.9,0,2,0,365
2022-03-07 16:57:01 UTC,8310,14,234,,0,0,2,0,365
2022-03-07 17:57:01 UTC,8311,23,257,,0,0,2,0,365
2022-03-07 18:57:01 UTC,8312,15,272,,0,0,2,0,365
2022-03-07 19:57:01 UTC,8313,10,282,,3.9,0,2,0,365
2022-03-07 20:57:01 UTC,8314,8,292,,0,0,2,0,365
2022-03-07 21:57:01 UTC,8315,3,295,,3.9,0,2,0,365
2022-03-07 22:57:01 UTC,8316,,,295,,,,,
2022-03-07 23:57:01 UTC,8317,1,1,,0,0,0,0,295
2022-03-08 00:57:01 UTC,8318,1,2,,0,0,0,0,295
2022-03-08 01:57:01 UTC,8319,0,2,,0,0,0,0,295
2022-03-08 02:57:01 UTC,8320,0,2,,0,0,0,0,295
2022-03-08 03:57:01 UTC,8321,0,2,,3.9,0,0,0,295
2022-03-08 04:57:01 UTC,8322,2,4,,0,0,0,0,295
2022-03-08 05:57:01 UTC,8323,9,13,,0,0,0,0,295
2022-03-08 06:57:01 UTC,8324,10,23,,0,0,0,0,295
2022-03-08 07:57:01 UTC,8325,16,39,,3.9,0,0,0,295
2022-03-08 08:57:01 UTC,8326,26,68,,0,0,0,0,295
2022-03-08 09:57:01 UTC,8327,26,94,,0,0,0,0,295
2022-03-08 10:57:01 UTC,8328,30,124,,0,0,0,0,295
2022-03-08 11:57:01 UTC,8329,23,147,,3.9,0,0,0,295
2022-03-08 12:57:01 UTC,8330,33,182,,0,0,0,0,295
2022-03-08 13:57:01 UTC,8331,52,234,,0,0,0,0,295
2022-03-08 14:57:01 UTC,8332,33,267,,0,0,0,0,295
2022-03-08 15:57:01 UTC,8333,25,292,,3.9,0,0,0,295
2022-03-08 16:57:01 UTC,8334,15,310,,0,0,0,0,295
2022-03-08 17:57:01 UTC,8335,20,330,,0,0,0,0,295
2022-03-08 18:57:01 UTC,8336,24,354,,0,0,0,0,295
2022-03-08 19:57:01 UTC,8337,9,363,,3.9,0,0,0,295
2022-03-08 20:57:01 UTC,8338,6,370,,0,0,0,0,295
2022-03-08 21:57:01 UTC,8339,3,373,,3.9,0,0,0,295
2022-03-08 22:57:01 UTC,8340,,,373,,,,,
2022-03-08 23:57:01 UTC,8341,0,0,,0,0,0,0,376
2022-03-09 00:57:01 UTC,8342,0,0,,0,0,0,0,376
2022-03-09 01:57:01 UTC,8343,0,0,,0,0,0,0,376
2022-03-09 02:57:01 UTC,8344,2,2,,0,0,0,0,376
2022-03-09 03:57:01 UTC,8345,1,3,,3.9,0,0,0,376
2022-03-09 04:57:01 UTC,8346,1,5,,0,0,0,0,376
2022-03-09 05:57:01 UTC,8347,8,13,,0,0,0,0,376
2022-03-09 06:57:01 UTC,8348,15,28,,0,0,0,0,376
2022-03-09 07:57:01 UTC,8349,23,51,,3.9,0,0,0,376
2022-03-09 08:57:01 UTC,8350,38,90,,0,0,0,0,376
2022-03-09 09:57:01 UTC,8351,32,122,,0,0,0,0,376
2022-03-09 10:57:01 UTC,8352,35,157,,0,0,0,0,376
2022-03-09 11:57:01 UTC,8353,30,187,,3.9,0,0,0,376
2022-03-09 12:57:01 UTC,8354,28,216,,0,0,0,0,376
2022-03-09 13:57:01 UTC,8355,19,235,,0,0,0,0,376
2022-03-09 14:57:01 UTC,8356,21,256,,0,0,0,0,376
2022-03-09 15:57:01 UTC,8357,17,273,,3.9,0,0,0,376
2022-03-09 16:57:01 UTC,8358,21,294,,0,0,0,0,376
2022-03-09 17:57:01 UTC,8359,17,311,,0,0,0,0,376
2022-03-09 18:57:01 UTC,8360,22,333,,0,0,0,0,376
2022-03-09 19:57:01 UTC,8361,21,354,,3.9,0,0,0,376
2022-03-09 20:57:01 UTC,8362,3,360,,0,0,0,0,376
2022-03-09 21:57:01 UTC,8363,5,365,,3.9,0,0,0,376
2022-03-09 22:57:01 UTC,8364,,,365,,,,,
2022-03-09 23:57:01 UTC,8365,0,0,,0,0,0,0,367
2022-03-10 00:57:01 UTC,8366,2,2,,0,0,0,0,367
2022-03-10 01:57:01 UTC,8367,3,5,,0,0,0,0,367
2022-03-10 02:57:01 UTC,8368,0,5,,0,0,0,0,367
2022-03-10 03:57:01 UTC,8369,2,7,,3.9,0,0,0,367
2022-03-10 04:57:01 UTC,8370,3,10,,0,0,0,0,367
2022-03-10 05:57:01 UTC,8371,4,14,,0,0,0,0,367
2022-03-10 06:57:01 UTC,8372,33,47,,0,0,0,0,367
2022-03-10 07:57:01 UTC,8373,70,117,,3.9,0,0,0,367
2022-03-10 08:57:01 UTC,8374,47,176,,0,0,0,0,367
2022-03-10 09:57:01 UTC,8375,76,252,,0,0,0,0,367
2022-03-10 10:57:01 UTC,8376,62,314,,0,0,0,0,367
2022-03-10 11:57:01 UTC,8377,35,349,,3.9,0,0,0,367
2022-03-10 12:57:01 UTC,8378,15,365,,0,0,0,0,367
2022-03-10 13:57:01 UTC,8379,20,385,,0,0,0,0,367
2022-03-10 14:57:01 UTC,8380,32,417,,0,0,0,0,367
2022-03-10 15:57:01 UTC,8381,27,444,,3.9,0,0,0,367
2022-03-10 16:57:01 UTC,8382,21,465,,0,0,0,0,367
2022-03-10 17:57:01 UTC,8383,36,501,,0,0,0,0,367
2022-03-10 18:57:01 UTC,8384,19,520,,0,0,0,0,367
2022-03-10 19:57:01 UTC,8385,6,526,,3.9,0,0,0,367
2022-03-10 20:57:01 UTC,8386,6,532,,0,0,0,0,367
2022-03-10 21:57:01 UTC,8387,2,534,,3.9,0,0,0,367
2022-03-10 22:57:01 UTC,8388,,,534,,,,,
2022-03-10 23:57:01 UTC,8389,3,3,,0,0,0,0,534
2022-03-11 00:57:01 UTC,8390,1,4,,0,0,0,0,534
2022-03-11 01:57:01 UTC,8391,0,4,,0,0,0,0,534
2022-03-11 02:57:01 UTC,8392,0,4,,0,0,0,0,534
2022-03-11 03:57:01 UTC,8393,0,4,,3.9,0,0,0,534
2022-03-11 04:57:01 UTC,8394,1,5,,0,0,0,0,534
2022-03-11 05:57:01 UTC,8395,8,13,,0,0,0,0,534
2022-03-11 06:57:01 UTC,8396,13,26,,0,0,0,0,534
2022-03-11 07:57:01 UTC,8397,16,42,,3.9,0,0,0,534
2022-03-11 08:57:01 UTC,8398,27,77,,0,0,0,0,534
2022-03-11 09:57:01 UTC,8399,33,110,,0,0,0,0,534
2022-03-11 10:57:01 UTC,8400,28,138,,0,0,0,0,534
2022-03-11 11:57:01 UTC,8401,21,159,,3.9,0,0,0,534
2022-03-11 12:57:01 UTC,8402,37,198,,0,0,0,0,534
2022-03-11 13:57:01 UTC,8403,25,223,,0,0,0,0,534
2022-03-11 14:57:01 UTC,8404,18,241,,0,0,0,0,534
2022-03-11 15:57:01 UTC,8405,34,275,,3.9,0,0,0,534
2022-03-11 16:57:01 UTC,8406,20,296,,0,0,0,0,534
2022-03-11 17:57:01 UTC,8407,13,309,,0,0,0,0,534
2022-03-11 18:57:01 UTC,8408,27,336,,0,0,0,0,534
2022-03-11 19:57:01 UTC,8409,9,345,,3.9,0,0,0,534
2022-03-11 20:57:01 UTC,8410,4,349,,0,0,1,0,534
2022-03-11 21:57:01 UTC,8411,2,351,,3.9,0,1,0,534
2022-03-11 22:57:01 UTC,8412,,,351,,,,,
2022-03-11 23:57:01 UTC,8413,0,0,,0,0,0,0,352
2022-03-12 00:57:01 UTC,8414,3,3,,0,0,0,0,352
2022-03-12 01:57:01 UTC,8415,2,5,,0,0,0,0,352
2022-03-12 02:57:01 UTC,8416,1,6,,0,0,0,0,352
2022-03-12 03:57:01 UTC,8417,0,6,,3.9,0,0,0,352
2022-03-12 04:57:01 UTC,8418,1,7,,0,0,1,1,352
2022-03-12 05:57:01 UTC,8419,2,9,,0,0,1,1,352
2022-03-12 06:57:01 UTC,8420,11,20,,0,0,1,1,352
2022-03-12 07:57:01 UTC,8421,16,36,,3.9,0,1,1,352
2022-03-12 08:57:01 UTC,8422,44,86,,0,0,1,1,352
2022-03-12 09:57:01 UTC,8423,32,118,,0,0,1,1,352
2022-03-12 10:57:01 UTC,8424,81,199,,0,0,1,1,352
2022-03-12 11:57:01 UTC,8425,63,262,,3.9,0,1,1,352
2022-03-12 12:57:01 UTC,8426,39,301,,0,0,1,1,352
2022-03-12 13:57:01 UTC,8427,28,329,,0,0,1,1,352
2022-03-12 14:57:01 UTC,8428,17,346,,0,0,1,1,352
2022-03-12 15:57:01 UTC,8429,16,362,,3.9,0,1,1,352
2022-03-12 16:57:01 UTC,8430,25,388,,0,0,1,1,352
2022-03-12 17:57:01 UTC,8431,14,402,,0,0,1,1,352
2022-03-12 18:57:01 UTC,8432,12,414,,0,0,1,1,352
2022-03-12 19:57:01 UTC,8433,16,430,,3.9,0,1,1,352
2022-03-12 20:57:01 UTC,8434,11,441,,0,0,1,1,352
2022-03-12 21:57:01 UTC,8435,7,448,,3.9,0,1,1,352
2022-03-12 22:57:01 UTC,8436,,,448,,,,,
