created_at,entry_id,field1,field2,field3,field4,field5,field6,field7,field8
2022-05-01 00:57:01 UTC,9614,0,6,,0,0,0,0,637
2022-05-01 01:57:01 UTC,9615,3,9,,0,0,0,0,637
2022-05-01 02:57:01 UTC,9616,0,9,,3.9,0,0,0,637
2022-05-01 03:57:01 UTC,9617,4,13,,0,0,0,0,637
2022-05-01 04:57:01 UTC,9618,3,16,,0,0,0,0,637
2022-05-01 05:57:01 UTC,9619,8,24,,0,0,0,0,637
2022-05-01 06:57:01 UTC,9620,17,41,,3.9,0,0,0,637
2022-05-01 07:57:01 UTC,9621,15,56,,0,0,0,0,637
2022-05-01 08:57:01 UTC,9622,25,81,,0,0,0,0,637
2022-05-01 09:57:01 UTC,9623,17,98,,0,0,0,0,637
2022-05-01 10:57:01 UTC,9624,25,123,,3.9,0,0,0,637
2022-05-01 11:57:01 UTC,9625,16,139,,0,0,0,0,637
2022-05-01 12:57:01 UTC,9626,21,160,,0,0,0,0,637
2022-05-01 13:57:01 UTC,9627,8,168,,0,0,0,0,637
2022-05-01 14:57:01 UTC,9628,17,185,,0,0,0,0,637
2022-05-01 15:57:01 UTC,9629,25,210,,0,0,0,0,637
2022-05-01 16:57:01 UTC,9630,26,236,,0,0,0,0,637
2022-05-01 17:57:01 UTC,9631,16,252,,0,0,0,0,637
2022-05-01 18:57:01 UTC,9632,14,266,,3.9,0,0,0,637
2022-05-01 19:57:01 UTC,9633,6,272,,0,0,0,0,637
2022-05-01 20:57:01 UTC,9634,1,273,,3.9,0,0,0,637
2022-05-01 21:57:01 UTC,9635,,,273,,,,,
2022-05-01 22:57:01 UTC,9636,2,2,,0,0,0,0,274
2022-05-01 23:57:01 UTC,9637,1,3,,0,0,0,0,274
2022-05-02 00:57:01 UTC,9638,0,3,,0,0,0,0,274
2022-05-02 01:57:01 UTC,9639,0,3,,0,0,0,0,274
2022-05-02 02:57:01 UTC,9640,0,3,,3.9,0,0,0,274
2022-05-02 03:57:01 UTC,9641,0,3,,0,0,0,0,274
2022-05-02 04:57:01 UTC,9642,7,10,,0,0,0,0,274
2022-05-02 05:57:01 UTC,9643,14,24,,0,0,0,0,274
2022-05-02 06:57:01 UTC,9644,32,56,,3.9,0,0,0,274
2022-05-02 07:57:01 UTC,9645,28,84,,0,0,0,0,274
2022-05-02 08:57:01 UTC,9646,64,148,,0,0,0,0,274
2022-05-02 09:57:01 UTC,9647,21,169,,0,0,0,0,274
2022-05-02 10:57:01 UTC,9648,31,200,,0,0,0,0,274
2022-05-02 11:57:01 UTC,9649,25,225,,0,0,0,0,274
2022-05-02 12:57:01 UTC,9650,38,263,,0,0,0,0,274
2022-05-02 13:57:01 UTC,9651,39,302,,0,0,0,0,274
2022-05-02 14:57:01 UTC,9652,37,339,,0,0,0,0,274
2022-05-02 15:57:01 UTC,9653,42,381,,0,0,0,0,274
2022-05-02 16:57:01 UTC,9654,11,392,,0,0,0,0,274
2022-05-02 17:57:01 UTC,9655,4,396,,0,0,0,0,274
2022-05-02 18:57:01 UTC,9656,4,400,,3.9,0,0,0,274
2022-05-02 19:57:01 UTC,9657,1,401,,0,0,0,0,274
2022-05-02 20:57:01 UTC,9658,1,402,,3.9,0,0,0,274
2022-05-02 21:57:01 UTC,9659,,,402,,,,,
2022-05-02 22:57:01 UTC,9660,1,1,,0,0,0,0,406
2022-05-02 23:57:01 UTC,9661,0,1,,0,0,0,0,406
2022-05-03 00:57:01 UTC,9662,0,1,,0,0,0,0,406
2022-05-03 01:57:01 UTC,9663,0,1,,0,0,0,0,406
2022-05-03 02:57:01 UTC,9664,0,1,,3.9,0,0,0,406
2022-05-03 03:57:01 UTC,9665,0,1,,0,0,0,0,406
2022-05-03 04:57:01 UTC,9666,6,7,,0,0,0,0,406
2022-05-03 05:57:01 UTC,9667,48,55,,0,0,0,0,406
2022-05-03 06:57:01 UTC,9668,44,99,,3.9,0,0,0,406
2022-05-03 07:57:01 UTC,9669,43,144,,0,0,0,0,406
2022-05-03 08:57:01 UTC,9670,51,195,,0,0,0,0,406
2022-05-03 09:57:01 UTC,9671,39,234,,0,0,0,0,406
2022-05-03 10:57:01 UTC,9672,40,274,,0,0,0,0,406
2022-05-03 11:57:01 UTC,9673,50,324,,0,0,1,0,406
2022-05-03 12:57:01 UTC,9674,42,366,,0,0,1,0,406
2022-05-03 13:57:01 UTC,9675,42,408,,0,0,1,0,406
2022-05-03 14:57:01 UTC,9676,50,458,,0,0,1,0,406
2022-05-03 15:57:01 UTC,9677,43,501,,0,0,1,0,406
2022-05-03 16:57:01 UTC,9678,23,524,,0,0,1,0,406
2022-05-03 17:57:01 UTC,9679,35,559,,0,0,1,0,406
2022-05-03 18:57:01 UTC,9680,26,585,,3.9,0,1,0,406
2022-05-03 19:57:01 UTC,9681,9,594,,0,0,1,0,406
2022-05-03 20:57:01 UTC,9682,3,597,,3.9,0,1,0,406
2022-05-03 21:57:01 UTC,9683,,,597,,,,,
2022-05-03 22:57:01 UTC,9684,2,2,,0,0,0,0,599
2022-05-03 23:57:01 UTC,9685,0,2,,0,0,0,0,599
2022-05-04 00:57:01 UTC,9686,1,3,,0,0,0,0,599
2022-05-04 01:57:01 UTC,9687,2,5,,0,0,0,0,599
2022-05-04 02:57:01 UTC,9688,0,5,,3.9,0,0,0,599
2022-05-04 03:57:01 UTC,9689,2,8,,0,0,0,0,599
2022-05-04 04:57:01 UTC,9690,7,15,,0,0,0,0,599
2022-05-04 05:57:01 UTC,9691,24,39,,0,0,0,0,599
2022-05-04 06:57:01 UTC,9692,32,71,,3.9,0,0,0,599
2022-05-04 07:57:01 UTC,9693,30,103,,0,0,0,0,599
2022-05-04 08:57:01 UTC,9694,27,130,,0,0,0,0,599
2022-05-04 09:57:01 UTC,9695,26,156,,0,0,0,0,599
2022-05-04 10:57:01 UTC,9696,28,184,,3.9,0,0,0,599
2022-05-04 11:57:01 UTC,9697,27,211,,0,0,0,0,599
2022-05-04 12:57:01 UTC,9698,29,240,,0,0,0,0,599
2022-05-04 13:57:01 UTC,9699,39,279,,0,0,0,0,599
2022-05-04 14:57:01 UTC,9700,22,301,,0,0,0,0,599
2022-05-04 15:57:01 UTC,9701,26,327,,0,0,0,0,599
2022-05-04 16:57:01 UTC,9702,19,346,,0,0,0,0,599
2022-05-04 17:57:01 UTC,9703,26,372,,0,0,0,0,599
2022-05-04 18:57:01 UTC,9704,16,388,,3.9,0,0,0,599
2022-05-04 19:57:01 UTC,9705,8,396,,0,0,0,0,599
2022-05-04 20:57:01 UTC,9706,1,397,,3.9,0,0,0,599
2022-05-04 21:57:01 UTC,9707,,,397,,,,,
2022-05-04 22:57:01 UTC,9708,1,1,,0,0,0,0,397
2022-05-04 23:57:01 UTC,9709,0,1,,0,0,0,0,397
2022-05-05 00:57:01 UTC,9710,1,2,,0,0,0,0,397
2022-05-05 01:57:01 UTC,9711,0,2,,0,0,0,0,397
2022-05-05 02:57:01 UTC,9712,0,2,,3.9,0,0,0,397
2022-05-05 03:57:01 UTC,9713,0,2,,0,0,0,0,397
2022-05-05 04:57:01 UTC,9714,9,11,,0,0,0,0,397
2022-05-05 05:57:01 UTC,9715,20,31,,0,0,0,0,397
2022-05-05 06:57:01 UTC,9716,29,60,,3.9,0,0,0,397
2022-05-05 07:57:01 UTC,9717,16,76,,0,0,0,0,397
2022-05-05 08:57:01 UTC,9718,23,99,,0,0,0,0,397
2022-05-05 09:57:01 UTC,9719,22,121,,0,0,0,0,397
2022-05-05 10:57:01 UTC,9720,19,140,,3.9,0,0,0,397
2022-05-05 11:57:01 UTC,9721,17,157,,0,0,0,0,397
2022-05-05 12:57:01 UTC,9722,19,176,,0,0,0,0,397
2022-05-05 13:57:01 UTC,9723,10,186,,0,0,0,0,397
2022-05-05 14:57:01 UTC,9724,14,200,,3.9,0,0,0,397
2022-05-05 15:57:01 UTC,9725,24,224,,0,0,1,0,397
2022-05-05 16:57:01 UTC,9726,29,253,,0,0,1,0,397
2022-05-05 17:57:01 UTC,9727,15,268,,0,0,1,0,397
2022-05-05 18:57:01 UTC,9728,5,273,,3.9,0,1,0,397
2022-05-05 19:57:01 UTC,9729,5,278,,0,0,2,0,397
2022-05-05 20:57:01 UTC,9730,1,279,,3.9,0,2,0,397
2022-05-05 21:57:01 UTC,9731,,,279,,,,,
2022-05-05 22:57:01 UTC,9732,1,1,,0,0,0,0,282
2022-05-05 23:57:01 UTC,9733,0,1,,0,0,0,0,282
2022-05-06 00:57:01 UTC,9734,0,1,,0,0,0,0,282
2022-05-06 01:57:01 UTC,9735,2,3,,0,0,0,0,282
2022-05-06 02:57:01 UTC,9736,1,4,,3.9,0,0,0,282
2022-05-06 03:57:01 UTC,9737,1,5,,0,0,0,0,282
2022-05-06 04:57:01 UTC,9738,9,14,,0,0,0,0,282
2022-05-06 05:57:01 UTC,9739,33,47,,0,0,0,0,282
2022-05-06 06:57:01 UTC,9740,30,77,,3.9,0,0,0,282
2022-05-06 07:57:01 UTC,9741,26,103,,0,0,0,0,282
2022-05-06 08:57:01 UTC,9742,34,137,,0,0,0,0,282
2022-05-06 09:57:01 UTC,9743,20,157,,0,0,0,0,282
2022-05-06 10:57:01 UTC,9744,22,179,,3.9,0,0,0,282
2022-05-06 11:57:01 UTC,9745,18,197,,0,0,0,0,282
2022-05-06 12:57:01 UTC,9746,28,225,,0,0,0,0,282
2022-05-06 13:57:01 UTC,9747,12,237,,0,0,0,0,282
2022-05-06 14:57:01 UTC,9748,13,250,,3.9,0,0,0,282
2022-05-06 15:57:01 UTC,9749,17,267,,0,0,0,0,282
2022-05-06 16:57:01 UTC,9750,10,277,,0,0,0,0,282
2022-05-06 17:57:01 UTC,9751,22,299,,0,0,0,0,282
2022-05-06 18:57:01 UTC,9752,2,301,,3.9,0,0,0,282
2022-05-06 19:57:01 UTC,9753,12,313,,0,0,0,0,282
2022-05-06 20:57:01 UTC,9754,3,316,,3.9,0,0,0,282
2022-05-06 21:57:01 UTC,9755,,,316,,,,,
2022-05-06 22:57:01 UTC,9756,0,0,,0,0,0,0,319
2022-05-06 23:57:01 UTC,9757,1,1,,0,0,0,0,319
2022-05-07 00:57:01 UTC,9758,0,1,,0,0,0,0,319
2022-05-07 01:57:01 UTC,9759,0,1,,0,0,0,0,319
2022-05-07 02:57:01 UTC,9760,0,1,,3.9,0,0,0,319
2022-05-07 03:57:01 UTC,9761,0,1,,0,0,0,0,319
2022-05-07 04:57:01 UTC,9762,3,4,,0,0,0,0,319
2022-05-07 05:57:01 UTC,9763,28,32,,0,0,0,0,319
2022-05-07 06:57:01 UTC,9764,28,60,,3.9,0,0,0,319
2022-05-07 07:57:01 UTC,9765,27,88,,0,0,0,0,319
2022-05-07 08:57:01 UTC,9766,40,128,,0,0,0,0,319
2022-05-07 09:57:01 UTC,9767,27,155,,0,0,0,0,319
2022-05-07 10:57:01 UTC,9768,30,185,,0,0,0,0,319
2022-05-07 11:57:01 UTC,9769,12,197,,0,0,0,0,319
2022-05-07 12:57:01 UTC,9770,8,205,,0,0,0,0,319
2022-05-07 13:57:01 UTC,9771,14,219,,0,0,0,0,319
2022-05-07 14:57:01 UTC,9772,9,228,,3.9,0,0,0,319
2022-05-07 15:57:01 UTC,9773,19,247,,0,0,0,0,319
2022-05-07 16:57:01 UTC,9774,24,271,,0,0,0,0,319
2022-05-07 17:57:01 UTC,9775,17,288,,0,0,0,0,319
2022-05-07 18:57:01 UTC,9776,12,300,,3.9,0,0,0,319
2022-05-07 19:57:01 UTC,9777,3,303,,0,0,0,0,319
2022-05-07 20:57:01 UTC,9778,6,309,,3.9,0,0,0,319
2022-05-07 21:57:01 UTC,9779,,,309,,,,,
2022-05-07 22:57:01 UTC,9780,6,6,,0,0,0,0,311
2022-05-07 23:57:01 UTC,9781,0,6,,0,0,0,0,311
2022-05-08 00:57:01 UTC,9782,1,7,,0,0,0,0,311
2022-05-08 01:57:01 UTC,9783,1,8,,0,0,0,0,311
2022-05-08 02:57:01 UTC,9784,2,10,,3.9,0,0,0,311
2022-05-08 03:57:01 UTC,9785,0,10,,0,0,0,0,311
2022-05-08 04:57:01 UTC,9786,3,13,,0,0,0,0,311
2022-05-08 05:57:01 UTC,9787,9,22,,0,0,0,0,311
2022-05-08 06:57:01 UTC,9788,12,34,,3.9,0,0,0,311
2022-05-08 07:57:01 UTC,9789,40,74,,0,0,0,0,311
2022-05-08 08:57:01 UTC,9790,56,130,,0,0,0,0,311
2022-05-08 09:57:01 UTC,9791,57,187,,0,0,0,0,311
2022-05-08 10:57:01 UTC,9792,31,218,,0,0,0,0,311
2022-05-08 11:57:01 UTC,9793,13,231,,0,0,0,0,311
2022-05-08 12:57:01 UTC,9794,8,239,,0,0,0,0,311
2022-05-08 13:57:01 UTC,9795,6,245,,0,0,0,0,311
2022-05-08 14:57:01 UTC,9796,24,269,,0,0,0,0,311
2022-05-08 15:57:01 UTC,9797,19,288,,0,0,0,0,311
2022-05-08 16:57:01 UTC,9798,17,305,,0,0,0,0,311
2022-05-08 17:57:01 UTC,9799,10,315,,0,0,0,0,311
2022-05-08 18:57:01 UTC,9800,15,330,,3.9,0,0,0,311
2022-05-08 19:57:01 UTC,9801,3,333,,0,0,0,0,311
2022-05-08 20:57:01 UTC,9802,2,335,,3.9,0,0,0,311
2022-05-08 21:57:01 UTC,9803,,,335,,,,,
2022-05-08 22:57:01 UTC,9804,0,0,,0,0,0,0,337
2022-05-08 23:57:01 UTC,9805,0,0,,0,0,0,0,337
2022-05-09 00:57:01 UTC,9806,1,1,,0,0,0,0,337
2022-05-09 01:57:01 UTC,9807,0,1,,0,0,0,0,337
2022-05-09 02:57:01 UTC,9808,1,2,,3.9,0,0,0,337
2022-05-09 03:57:01 UTC,9809,2,4,,0,0,0,0,337
2022-05-09 04:57:01 UTC,9810,6,10,,0,0,0,0,337
2022-05-09 05:57:01 UTC,9811,22,32,,0,0,0,0,337
2022-05-09 06:57:01 UTC,9812,49,81,,3.9,0,0,0,337
2022-05-09 07:57:01 UTC,9813,33,115,,0,0,0,0,337
2022-05-09 08:57:01 UTC,9814,53,168,,0,0,0,0,337
2022-05-09 09:57:01 UTC,9815,46,214,,0,0,0,0,337
2022-05-09 10:57:01 UTC,9816,43,257,,0,0,0,0,337
2022-05-09 11:57:01 UTC,9817,26,283,,0,0,0,0,337
2022-05-09 12:57:01 UTC,9818,30,313,,0,0,0,0,337
2022-05-09 13:57:01 UTC,9819,18,331,,0,0,0,0,337
2022-05-09 14:57:01 UTC,9820,21,352,,0,0,0,0,337
2022-05-09 15:57:01 UTC,9821,24,376,,0,0,0,0,337
2022-05-09 16:57:01 UTC,9822,31,407,,0,0,0,0,337
2022-05-09 17:57:01 UTC,9823,20,427,,0,0,0,0,337
2022-05-09 18:57:01 UTC,9824,25,452,,0,0,0,0,337
2022-05-09 19:57:01 UTC,9825,5,457,,0,0,0,0,337
2022-05-09 20:57:01 UTC,9826,1,458,,3.9,0,0,0,337
2022-05-09 21:57:01 UTC,9827,,,458,,,,,
2022-05-09 22:57:01 UTC,9828,1,1,,0,0,0,0,459
2022-05-09 23:57:01 UTC,9829,2,3,,0,0,0,0,459
2022-05-10 00:57:01 UTC,9830,2,5,,0,0,0,0,459
2022-05-10 01:57:01 UTC,9831,0,5,,0,0,0,0,459
2022-05-10 02:57:01 UTC,9832,0,5,,3.9,0,0,0,459
2022-05-10 03:57:01 UTC,9833,1,6,,0,0,0,0,459
2022-05-10 04:57:01 UTC,9834,8,14,,0,0,0,0,459
2022-05-10 05:57:01 UTC,9835,25,39,,0,0,0,0,459
2022-05-10 06:57:01 UTC,9836,37,76,,3.9,0,0,0,459
2022-05-10 07:57:01 UTC,9837,24,104,,0,0,0,0,459
2022-05-10 08:57:01 UTC,9838,27,131,,0,0,0,0,459
2022-05-10 09:57:01 UTC,9839,37,168,,0,0,0,0,459
2022-05-10 10:57:01 UTC,9840,44,212,,0,0,0,0,459
2022-05-10 11:57:01 UTC,9841,25,237,,0,0,0,0,459
2022-05-10 12:57:01 UTC,9842,28,265,,0,0,0,0,459
2022-05-10 13:57:01 UTC,9843,39,304,,0,0,0,0,459
2022-05-10 14:57:01 UTC,9844,25,329,,0,0,0,0,459
2022-05-10 15:57:01 UTC,9845,65,394,,0,0,1,0,459
2022-05-10 16:57:01 UTC,9846,41,435,,0,0,1,0,459
2022-05-10 17:57:01 UTC,9847,28,463,,0,0,1,0,459
2022-05-10 18:57:01 UTC,9848,15,478,,0,0,1,0,459
2022-05-10 19:57:01 UTC,9849,14,492,,0,0,1,0,459
2022-05-10 20:57:01 UTC,9850,8,500,,3.9,0,1,0,459
2022-05-10 21:57:01 UTC,9851,,,500,,,,,
2022-05-10 22:57:01 UTC,9852,3,3,,0,0,0,0,503
2022-05-10 23:57:01 UTC,9853,1,4,,0,0,0,0,503
2022-05-11 00:57:01 UTC,9854,2,6,,0,0,0,0,503
2022-05-11 01:57:01 UTC,9855,1,7,,0,0,0,0,503
2022-05-11 02:57:01 UTC,9856,2,9,,3.9,0,0,0,503
2022-05-11 03:57:01 UTC,9857,1,11,,0,0,0,0,503
2022-05-11 04:57:01 UTC,9858,11,22,,0,0,0,0,503
2022-05-11 05:57:01 UTC,9859,45,67,,0,0,0,0,503
2022-05-11 06:57:01 UTC,9860,34,101,,3.9,0,0,0,503
2022-05-11 07:57:01 UTC,9861,23,128,,0,0,0,0,503
2022-05-11 08:57:01 UTC,9862,59,187,,0,0,0,0,503
2022-05-11 09:57:01 UTC,9863,55,242,,0,0,0,0,503
2022-05-11 10:57:01 UTC,9864,67,309,,0,0,0,0,503
2022-05-11 11:57:01 UTC,9865,34,343,,0,0,0,0,503
2022-05-11 12:57:01 UTC,9866,28,371,,0,0,0,0,503
2022-05-11 13:57:01 UTC,9867,38,409,,0,0,0,0,503
2022-05-11 14:57:01 UTC,9868,50,459,,0,0,0,0,503
2022-05-11 15:57:01 UTC,9869,32,491,,0,0,0,0,503
2022-05-11 16:57:01 UTC,9870,33,524,,0,0,0,0,503
2022-05-11 17:57:01 UTC,9871,22,546,,0,0,0,0,503
2022-05-11 18:57:01 UTC,9872,14,560,,0,0,0,0,503
2022-05-11 19:57:01 UTC,9873,13,573,,0,0,0,0,503
2022-05-11 20:57:01 UTC,9874,1,574,,3.9,0,0,0,503
2022-05-11 21:57:01 UTC,9875,,,574,,,,,
2022-05-11 22:57:01 UTC,9876,2,2,,0,0,0,0,577
2022-05-11 23:57:01 UTC,9877,0,2,,0,0,0,0,577
2022-05-12 00:57:01 UTC,9878,0,2,,0,0,0,0,577
2022-05-12 01:57:01 UTC,9879,1,3,,0,0,0,0,577
2022-05-12 02:57:01 UTC,9880,0,3,,3.9,0,0,0,577
2022-05-12 03:57:01 UTC,9881,3,7,,0,0,0,0,577
2022-05-12 04:57:01 UTC,9882,3,10,,0,0,0,0,577
2022-05-12 05:57:01 UTC,9883,18,28,,0,0,0,0,577
2022-05-12 06:57:01 UTC,9884,49,77,,3.9,0,0,0,577
2022-05-12 07:57:01 UTC,9885,52,133,,0,0,0,0,577
2022-05-12 08:57:01 UTC,9886,46,179,,0,0,0,0,577
2022-05-12 09:57:01 UTC,9887,61,240,,0,0,0,0,577
2022-05-12 10:57:01 UTC,9888,60,300,,0,0,0,0,577
2022-05-12 11:57:01 UTC,9889,33,333,,0,0,0,0,577
2022-05-12 12:57:01 UTC,9890,46,379,,0,0,0,0,577
2022-05-12 13:57:01 UTC,9891,37,416,,0,0,0,0,577
2022-05-12 14:57:01 UTC,9892,32,448,,0,0,0,0,577
2022-05-12 15:57:01 UTC,9893,51,499,,0,0,0,0,577
2022-05-12 16:57:01 UTC,9894,63,562,,0,0,0,0,577
2022-05-12 17:57:01 UTC,9895,50,612,,0,0,0,0,577
2022-05-12 18:57:01 UTC,9896,14,626,,0,0,0,0,577
2022-05-12 19:57:01 UTC,9897,5,631,,0,0,0,0,577
2022-05-12 20:57:01 UTC,9898,4,635,,3.8,0,0,0,577
2022-05-12 21:57:01 UTC,9899,,,635,,,,,
