created_at,entry_id,field1,field2,field3,field4,field5,field6,field7,field8
2022-04-01 00:57:01 UTC,8894,0,1,,0,0,0,0,310
2022-04-01 01:57:01 UTC,8895,0,1,,0,0,0,0,310
2022-04-01 02:57:01 UTC,8896,1,2,,3.9,0,0,0,310
2022-04-01 03:57:01 UTC,8897,1,4,,0,0,0,0,310
2022-04-01 04:57:01 UTC,8898,6,10,,0,0,0,0,310
2022-04-01 05:57:01 UTC,8899,17,27,,0,0,0,0,310
2022-04-01 06:57:01 UTC,8900,31,58,,3.9,0,0,0,310
2022-04-01 07:57:01 UTC,8901,14,73,,0,0,0,0,310
2022-04-01 08:57:01 UTC,8902,27,100,,0,0,0,0,310
2022-04-01 09:57:01 UTC,8903,16,116,,0,0,0,0,310
2022-04-01 10:57:01 UTC,8904,12,128,,3.9,0,0,0,310
2022-04-01 11:57:01 UTC,8905,13,141,,0,0,0,0,310
2022-04-01 12:57:01 UTC,8906,30,171,,0,0,0,0,310
2022-04-01 13:57:01 UTC,8907,18,189,,0,0,0,0,310
2022-04-01 14:57:01 UTC,8908,20,209,,3.9,0,0,0,310
2022-04-01 15:57:01 UTC,8909,28,238,,0,0,0,0,310
2022-04-01 16:57:01 UTC,8910,22,260,,0,0,0,0,310
2022-04-01 17:57:01 UTC,8911,16,276,,0,0,0,0,310
2022-04-01 18:57:01 UTC,8912,13,289,,3.9,0,0,0,310
2022-04-01 19:57:01 UTC,8913,7,296,,0,0,0,0,310
2022-04-01 20:57:01 UTC,8914,3,299,,3.9,0,0,0,310
2022-04-01 21:57:01 UTC,8915,,,299,,,,,
2022-04-01 22:57:01 UTC,8916,1,1,,0,0,0,0,302
2022-04-01 23:57:01 UTC,8917,1,2,,0,0,0,0,302
2022-04-02 00:57:01 UTC,8918,1,3,,0,0,0,0,302
2022-04-02 01:57:01 UTC,8919,0,3,,0,0,0,0,302
2022-04-02 02:57:01 UTC,8920,1,4,,3.9,0,0,0,302
2022-04-02 03:57:01 UTC,8921,1,5,,0,0,0,0,302
2022-04-02 04:57:01 UTC,8922,2,7,,0,0,0,0,302
2022-04-02 05:57:01 UTC,8923,7,14,,0,0,0,0,302
2022-04-02 06:57:01 UTC,8924,13,27,,3.9,0,0,0,302
2022-04-02 07:57:01 UTC,8925,24,52,,0,0,0,0,302
2022-04-02 08:57:01 UTC,8926,21,73,,0,0,0,0,302
2022-04-02 09:57:01 UTC,8927,16,89,,0,0,0,0,302
2022-04-02 10:57:01 UTC,8928,22,111,,3.9,0,0,0,302
2022-04-02 11:57:01 UTC,8929,14,131,,0,0,0,0,302
2022-04-02 12:57:01 UTC,8930,10,141,,0,0,0,0,302
2022-04-02 13:57:01 UTC,8931,18,159,,0,0,0,0,302
2022-04-02 14:57:01 UTC,8932,14,173,,3.9,0,0,0,302
2022-04-02 15:57:01 UTC,8933,23,198,,0,0,0,0,302
2022-04-02 16:57:01 UTC,8934,16,214,,0,0,0,0,302
2022-04-02 17:57:01 UTC,8935,15,229,,0,0,0,0,302
2022-04-02 18:57:01 UTC,8936,17,246,,3.9,0,0,0,302
2022-04-02 19:57:01 UTC,8937,9,255,,0,0,0,0,302
2022-04-02 20:57:01 UTC,8938,12,267,,3.9,0,0,0,302
2022-04-02 21:57:01 UTC,8939,,,267,,,,,
2022-04-02 22:57:01 UTC,8940,1,1,,0,0,0,1,267
2022-04-02 23:57:01 UTC,8941,2,3,,0,0,0,1,267
2022-04-03 00:57:01 UTC,8942,1,4,,0,0,0,1,267
2022-04-03 01:57:01 UTC,8943,1,5,,0,0,0,1,267
2022-04-03 02:57:01 UTC,8944,0,5,,3.9,0,0,1,267
2022-04-03 03:57:01 UTC,8945,0,5,,0,0,0,2,267
2022-04-03 04:57:01 UTC,8946,5,10,,0,0,0,2,267
2022-04-03 05:57:01 UTC,8947,3,13,,0,0,0,2,267
2022-04-03 06:57:01 UTC,8948,29,42,,3.9,0,0,2,267
2022-04-03 07:57:01 UTC,8949,40,83,,0,0,0,2,267
2022-04-03 08:57:01 UTC,8950,53,136,,0,0,0,2,267
2022-04-03 09:57:01 UTC,8951,40,176,,0,0,0,2,267
2022-04-03 10:57:01 UTC,8952,35,211,,3.9,0,0,2,267
2022-04-03 11:57:01 UTC,8953,15,227,,0,0,0,2,267
2022-04-03 12:57:01 UTC,8954,14,241,,0,0,0,2,267
2022-04-03 13:57:01 UTC,8955,22,263,,0,0,0,2,267
2022-04-03 14:57:01 UTC,8956,15,278,,3.9,0,0,2,267
2022-04-03 15:57:01 UTC,8957,23,303,,0,0,0,2,267
2022-04-03 16:57:01 UTC,8958,30,333,,0,0,0,2,267
2022-04-03 17:57:01 UTC,8959,6,339,,0,0,0,2,267
2022-04-03 18:57:01 UTC,8960,12,351,,3.9,0,0,2,267
2022-04-03 19:57:01 UTC,8961,7,358,,0,0,0,2,267
2022-04-03 20:57:01 UTC,8962,2,360,,3.9,0,0,2,267
2022-04-03 21:57:01 UTC,8963,,,360,,,,,
2022-04-03 22:57:01 UTC,8964,1,1,,0,0,0,0,364
2022-04-03 23:57:01 UTC,8965,0,1,,0,0,0,0,364
2022-04-04 00:57:01 UTC,8966,2,3,,0,0,0,0,364
2022-04-04 01:57:01 UTC,8967,0,3,,0,0,0,0,364
2022-04-04 02:57:01 UTC,8968,1,4,,3.9,0,0,0,364
2022-04-04 03:57:01 UTC,8969,2,6,,0,0,0,0,364
2022-04-04 04:57:01 UTC,8970,2,8,,0,0,0,0,364
2022-04-04 05:57:01 UTC,8971,11,19,,0,0,0,0,364
2022-04-04 06:57:01 UTC,8972,41,60,,3.9,0,0,0,364
2022-04-04 07:57:01 UTC,8973,28,97,,0,0,0,0,364
2022-04-04 08:57:01 UTC,8974,31,128,,0,0,0,0,364
2022-04-04 09:57:01 UTC,8975,39,167,,0,0,0,0,364
2022-04-04 10:57:01 UTC,8976,23,190,,3.9,0,0,0,364
2022-04-04 11:57:01 UTC,8977,17,207,,0,0,0,0,364
2022-04-04 12:57:01 UTC,8978,25,232,,0,0,0,0,364
2022-04-04 13:57:01 UTC,8979,34,266,,0,0,0,0,364
2022-04-04 14:57:01 UTC,8980,30,296,,3.9,0,0,0,364
2022-04-04 15:57:01 UTC,8981,20,316,,0,0,0,0,364
2022-04-04 16:57:01 UTC,8982,27,343,,0,0,0,0,364
2022-04-04 17:57:01 UTC,8983,34,377,,0,0,0,0,364
2022-04-04 18:57:01 UTC,8984,18,395,,3.9,0,0,0,364
2022-04-04 19:57:01 UTC,8985,2,397,,0,0,0,0,364
2022-04-04 20:57:01 UTC,8986,3,400,,3.9,0,0,0,364
2022-04-04 21:57:01 UTC,8987,,,400,,,,,
2022-04-04 22:57:01 UTC,8988,0,0,,0,0,0,0,401
2022-04-04 23:57:01 UTC,8989,3,3,,0,0,0,0,401
2022-04-05 00:57:01 UTC,8990,1,4,,0,0,0,0,401
2022-04-05 01:57:01 UTC,8991,1,5,,0,0,0,0,401
2022-04-05 02:57:01 UTC,8992,1,6,,3.9,0,0,0,401
2022-04-05 03:57:01 UTC,8993,3,9,,0,0,0,0,401
2022-04-05 04:57:01 UTC,8994,3,12,,0,0,0,0,401
2022-04-05 05:57:01 UTC,8995,23,35,,0,0,0,0,401
2022-04-05 06:57:01 UTC,8996,37,72,,3.9,0,0,0,401
2022-04-05 07:57:01 UTC,8997,24,99,,0,0,0,0,401
2022-04-05 08:57:01 UTC,8998,37,136,,0,0,0,0,401
2022-04-05 09:57:01 UTC,8999,18,154,,0,0,0,0,401
2022-04-05 10:57:01 UTC,9000,34,188,,3.9,0,0,0,401
2022-04-05 11:57:01 UTC,9001,37,225,,0,0,0,0,401
2022-04-05 12:57:01 UTC,9002,33,258,,0,0,0,0,401
2022-04-05 13:57:01 UTC,9003,45,303,,0,0,0,0,401
2022-04-05 14:57:01 UTC,9004,33,336,,0,0,0,0,401
2022-04-05 15:57:01 UTC,9005,28,364,,0,0,0,0,401
2022-04-05 16:57:01 UTC,9006,26,390,,0,0,0,0,401
2022-04-05 17:57:01 UTC,9007,37,427,,0,0,0,0,401
2022-04-05 18:57:01 UTC,9008,19,446,,3.9,0,0,0,401
2022-04-05 19:57:01 UTC,9009,15,461,,0,0,0,0,401
2022-04-05 20:57:01 UTC,9010,8,469,,3.9,0,0,0,401
2022-04-05 21:57:01 UTC,9011,,,469,,,,,
2022-04-05 22:57:01 UTC,9012,1,1,,0,0,0,0,469
2022-04-05 23:57:01 UTC,9013,2,3,,0,0,0,0,469
2022-04-06 00:57:01 UTC,9014,1,4,,0,0,0,0,469
2022-04-06 01:57:01 UTC,9015,1,5,,0,0,0,0,469
2022-04-06 02:57:01 UTC,9016,1,6,,3.9,0,0,0,469
2022-04-06 03:57:01 UTC,9017,2,9,,0,0,0,0,469
2022-04-06 04:57:01 UTC,9018,3,12,,0,0,0,0,469
2022-04-06 05:57:01 UTC,9019,24,36,,0,0,0,0,469
2022-04-06 06:57:01 UTC,9020,45,81,,3.9,0,0,0,469
2022-04-06 07:57:01 UTC,9021,33,119,,0,0,0,0,469
2022-04-06 08:57:01 UTC,9022,38,157,,0,0,0,0,469
2022-04-06 09:57:01 UTC,9023,15,172,,0,0,0,0,469
2022-04-06 10:57:01 UTC,9024,12,184,,3.9,0,0,0,469
2022-04-06 11:57:01 UTC,9025,14,199,,0,0,0,0,469
2022-04-06 12:57:01 UTC,9026,9,208,,0,0,0,0,469
2022-04-06 13:57:01 UTC,9027,13,221,,0,0,0,0,469
2022-04-06 14:57:01 UTC,9028,22,243,,3.9,0,0,0,469
2022-04-06 15:57:01 UTC,9029,23,269,,0,0,0,0,469
2022-04-06 16:57:01 UTC,9030,14,283,,0,0,0,0,469
2022-04-06 17:57:01 UTC,9031,18,301,,0,0,0,0,469
2022-04-06 18:57:01 UTC,9032,15,316,,3.9,0,0,0,469
2022-04-06 19:57:01 UTC,9033,8,328,,0,0,0,0,469
2022-04-06 20:57:01 UTC,9034,4,332,,3.9,0,0,0,469
2022-04-06 21:57:01 UTC,9035,,,332,,,,,
2022-04-06 22:57:01 UTC,9036,2,2,,0,0,0,0,332
2022-04-06 23:57:01 UTC,9037,0,2,,0,0,0,0,332
2022-04-07 00:57:01 UTC,9038,0,2,,0,0,0,0,332
2022-04-07 01:57:01 UTC,9039,0,2,,0,0,0,0,332
2022-04-07 02:57:01 UTC,9040,0,2,,3.9,0,0,0,332
2022-04-07 03:57:01 UTC,9041,1,4,,0,0,0,0,332
2022-04-07 04:57:01 UTC,9042,5,9,,0,0,0,0,332
2022-04-07 05:57:01 UTC,9043,23,32,,0,0,0,0,332
2022-04-07 06:57:01 UTC,9044,44,76,,3.9,0,0,0,332
2022-04-07 07:57:01 UTC,9045,47,125,,0,0,0,0,332
2022-04-07 08:57:01 UTC,9046,52,177,,0,0,0,0,332
2022-04-07 09:57:01 UTC,9047,27,204,,0,0,0,0,332
2022-04-07 10:57:01 UTC,9048,24,228,,3.9,0,0,0,332
2022-04-07 11:57:01 UTC,9049,34,262,,0,0,0,0,332
2022-04-07 12:57:01 UTC,9050,25,287,,0,0,0,0,332
2022-04-07 13:57:01 UTC,9051,30,317,,0,0,0,0,332
2022-04-07 14:57:01 UTC,9052,52,369,,3.9,0,0,0,332
2022-04-07 15:57:01 UTC,9053,15,384,,0,0,0,0,332
2022-04-07 16:57:01 UTC,9054,41,425,,0,0,0,0,332
2022-04-07 17:57:01 UTC,9055,21,446,,0,0,0,0,332
2022-04-07 18:57:01 UTC,9056,8,454,,3.9,0,0,0,332
2022-04-07 19:57:01 UTC,9057,7,461,,0,0,0,0,332
2022-04-07 20:57:01 UTC,9058,1,462,,3.9,0,0,0,332
2022-04-07 21:57:01 UTC,9059,,,462,,,,,
