created_at,entry_id,field1,field2,field3,field4,field5,field6,field7,field8
2021-06-01 00:57:01 UTC,1767,2,3,,0,0,0,0,848
2021-06-01 01:57:01 UTC,1768,0,3,,0,0,0,0,848
2021-06-01 02:57:01 UTC,1769,2,5,,3.9,0,0,0,848
2021-06-01 03:57:01 UTC,1770,1,6,,0,0,0,0,848
2021-06-01 04:57:01 UTC,1771,12,18,,0,0,0,0,848
2021-06-01 05:57:01 UTC,1772,70,88,,0,0,0,0,848
2021-06-01 06:57:01 UTC,1773,111,199,,3.9,0,0,0,848
2021-06-01 07:57:01 UTC,1774,50,252,,0,0,0,0,848
2021-06-01 08:57:01 UTC,1775,73,325,,0,0,0,0,848
2021-06-01 09:57:01 UTC,1776,85,410,,0,0,0,0,848
2021-06-01 10:57:01 UTC,1777,157,567,,0,0,0,0,848
2021-06-01 11:57:01 UTC,1778,54,621,,0,0,0,0,848
2021-06-01 12:57:01 UTC,1779,51,672,,0,0,0,0,848
2021-06-01 13:57:01 UTC,1780,56,728,,0,0,0,0,848
2021-06-01 14:57:01 UTC,1781,57,785,,0,0,0,0,848
2021-06-01 15:57:01 UTC,1782,35,820,,0,0,0,0,848
2021-06-01 16:57:01 UTC,1783,33,853,,0,0,0,0,848
2021-06-01 17:57:01 UTC,1784,33,886,,0,0,0,0,848
2021-06-01 18:57:01 UTC,1785,21,907,,0,0,0,0,848
2021-06-01 19:57:01 UTC,1786,14,921,,0,0,1,0,848
2021-06-01 20:57:01 UTC,1787,5,926,,3.9,0,1,0,848
2021-06-01 21:57:01 UTC,1788,,,926,,,,,
2021-06-01 22:57:01 UTC,1789,1,1,,0,0,0,0,927
2021-06-01 23:57:01 UTC,1790,0,1,,0,0,0,0,927
2021-06-02 00:57:01 UTC,1791,0,1,,0,0,0,0,927
2021-06-02 01:57:01 UTC,1792,0,1,,0,0,0,0,927
2021-06-02 02:57:01 UTC,1793,0,1,,3.9,0,0,0,927
2021-06-02 03:57:01 UTC,1794,0,1,,0,0,0,0,927
2021-06-02 04:57:01 UTC,1795,1,2,,0,0,0,0,927
2021-06-02 05:57:01 UTC,1796,12,14,,0,0,0,0,927
2021-06-02 06:57:01 UTC,1797,10,24,,3.9,0,0,0,927
2021-06-02 07:57:01 UTC,1798,28,52,,0,0,0,1,927
2021-06-02 08:57:01 UTC,1799,42,94,,0,0,0,1,927
2021-06-02 09:57:01 UTC,1800,35,129,,0,0,0,1,927
2021-06-02 10:57:01 UTC,1801,45,174,,0,0,0,1,927
2021-06-02 11:57:01 UTC,1802,13,187,,0,0,0,1,927
2021-06-02 12:57:01 UTC,1803,11,198,,0,0,0,1,927
2021-06-02 13:57:01 UTC,1804,17,215,,0,0,0,1,927
2021-06-02 14:57:01 UTC,1805,20,235,,0,0,0,1,927
2021-06-02 15:57:01 UTC,1806,40,275,,0,0,0,1,927
2021-06-02 16:57:01 UTC,1807,43,318,,0,0,0,1,927
2021-06-02 17:57:01 UTC,1808,15,333,,0,0,0,1,927
2021-06-02 18:57:01 UTC,1809,6,339,,0,0,0,1,927
2021-06-02 19:57:01 UTC,1810,8,347,,0,0,0,1,927
2021-06-02 20:57:01 UTC,1811,3,350,,3.9,0,0,1,927
2021-06-02 21:57:01 UTC,1812,,,350,,,,,
2021-06-02 22:57:01 UTC,1813,0,0,,0,0,0,0,350
2021-06-02 23:57:01 UTC,1814,0,0,,0,0,0,0,350
2021-06-03 00:57:01 UTC,1815,0,0,,0,0,0,0,350
2021-06-03 01:57:01 UTC,1816,0,0,,0,0,0,0,350
2021-06-03 02:57:01 UTC,1817,0,0,,3.9,0,0,0,350
2021-06-03 03:57:01 UTC,1818,1,2,,0,0,0,0,350
2021-06-03 04:57:01 UTC,1819,1,3,,0,0,0,0,350
2021-06-03 05:57:01 UTC,1820,58,61,,0,0,0,0,350
2021-06-03 06:57:01 UTC,1821,49,110,,3.9,0,0,0,350
2021-06-03 07:57:01 UTC,1822,47,157,,0,0,0,0,350
2021-06-03 08:57:01 UTC,1823,43,200,,0,0,0,0,350
2021-06-03 09:57:01 UTC,1824,55,255,,0,0,0,0,350
2021-06-03 10:57:01 UTC,1825,169,424,,0,0,0,0,350
2021-06-03 11:57:01 UTC,1826,27,451,,0,0,0,0,350
2021-06-03 12:57:01 UTC,1827,49,500,,0,0,0,0,350
2021-06-03 13:57:01 UTC,1828,59,559,,0,0,0,0,350
2021-06-03 14:57:01 UTC,1829,62,621,,0,0,0,0,350
2021-06-03 15:57:01 UTC,1830,35,656,,0,0,1,1,350
2021-06-03 16:57:01 UTC,1831,31,687,,0,0,1,1,350
2021-06-03 17:57:01 UTC,1832,35,722,,0,0,1,1,350
2021-06-03 18:57:01 UTC,1833,15,737,,0,0,1,1,350
2021-06-03 19:57:01 UTC,1834,11,748,,0,0,1,2,350
2021-06-03 20:57:01 UTC,1835,5,753,,0,0,1,2,350
2021-06-03 21:57:01 UTC,1836,,,753,,,,,
2021-06-03 22:57:01 UTC,1837,5,5,,0,0,0,0,756
2021-06-03 23:57:01 UTC,1838,0,5,,0,0,0,0,756
2021-06-04 00:57:01 UTC,1839,0,5,,0,0,0,0,756
2021-06-04 01:57:01 UTC,1840,0,5,,0,0,0,0,756
2021-06-04 02:57:01 UTC,1841,0,5,,3.9,0,0,0,756
2021-06-04 03:57:01 UTC,1842,2,7,,0,0,0,0,756
2021-06-04 04:57:01 UTC,1843,5,12,,0,0,0,0,756
2021-06-04 05:57:01 UTC,1844,43,55,,0,0,0,0,756
2021-06-04 06:57:01 UTC,1845,55,110,,3.9,0,0,0,756
2021-06-04 07:57:01 UTC,1846,53,167,,0,0,0,0,756
2021-06-04 08:57:01 UTC,1847,38,205,,0,0,0,0,756
2021-06-04 09:57:01 UTC,1848,133,338,,0,0,0,0,756
2021-06-04 10:57:01 UTC,1849,183,521,,0,0,0,0,756
2021-06-04 11:57:01 UTC,1850,63,584,,0,0,1,0,756
2021-06-04 12:57:01 UTC,1851,49,633,,0,0,1,0,756
2021-06-04 13:57:01 UTC,1852,51,684,,0,0,1,0,756
2021-06-04 14:57:01 UTC,1853,36,720,,0,0,1,0,756
2021-06-04 15:57:01 UTC,1854,24,744,,0,0,1,0,756
2021-06-04 16:57:01 UTC,1855,30,774,,0,0,1,0,756
2021-06-04 17:57:01 UTC,1856,33,807,,0,0,1,0,756
2021-06-04 18:57:01 UTC,1857,13,820,,0,0,1,0,756
2021-06-04 19:57:01 UTC,1858,15,835,,0,0,1,0,756
2021-06-04 20:57:01 UTC,1859,12,847,,3.9,0,1,0,756
2021-06-04 21:57:01 UTC,1860,,,847,,,,,
2021-06-04 22:57:01 UTC,1861,0,0,,0,0,0,0,848
2021-06-04 23:57:01 UTC,1862,1,1,,0,0,0,0,848
2021-06-05 00:57:01 UTC,1863,1,2,,0,0,0,0,848
2021-06-05 01:57:01 UTC,1864,0,2,,0,0,0,0,848
2021-06-05 02:57:01 UTC,1865,0,2,,3.9,0,0,0,848
2021-06-05 03:57:01 UTC,1866,0,2,,0,0,0,0,848
2021-06-05 04:57:01 UTC,1867,7,9,,0,0,0,0,848
2021-06-05 05:57:01 UTC,1868,16,25,,0,0,0,0,848
2021-06-05 06:57:01 UTC,1869,48,73,,3.9,0,0,0,848
2021-06-05 07:57:01 UTC,1870,42,118,,0,0,0,0,848
2021-06-05 08:57:01 UTC,1871,34,152,,0,0,0,0,848
2021-06-05 09:57:01 UTC,1872,76,228,,0,0,0,0,848
2021-06-05 10:57:01 UTC,1873,61,289,,0,0,0,0,848
2021-06-05 11:57:01 UTC,1874,12,301,,0,0,1,0,848
2021-06-05 12:57:01 UTC,1875,9,310,,0,0,1,0,848
2021-06-05 13:57:01 UTC,1876,22,332,,0,0,1,0,848
2021-06-05 14:57:01 UTC,1877,38,370,,0,0,1,0,848
2021-06-05 15:57:01 UTC,1878,26,396,,0,0,1,0,848
2021-06-05 16:57:01 UTC,1879,23,419,,0,0,1,0,848
2021-06-05 17:57:01 UTC,1880,35,454,,0,0,1,0,848
2021-06-05 18:57:01 UTC,1881,11,465,,0,0,1,0,848
2021-06-05 19:57:01 UTC,1882,6,471,,0,0,2,0,848
2021-06-05 20:57:01 UTC,1883,1,472,,3.9,0,2,0,848
2021-06-05 21:57:01 UTC,1884,,,472,,,,,
2021-06-05 22:57:01 UTC,1885,2,2,,0,0,0,0,472
2021-06-05 23:57:01 UTC,1886,1,3,,0,0,0,0,472
2021-06-06 00:57:01 UTC,1887,3,6,,0,0,0,0,472
2021-06-06 01:57:01 UTC,1888,0,6,,0,0,0,0,472
2021-06-06 02:57:01 UTC,1889,0,6,,3.9,0,0,0,472
2021-06-06 03:57:01 UTC,1890,1,7,,0,0,0,0,472
2021-06-06 04:57:01 UTC,1891,4,11,,0,0,0,0,472
2021-06-06 05:57:01 UTC,1892,3,14,,0,0,0,0,472
2021-06-06 06:57:01 UTC,1893,12,26,,3.9,0,0,0,472
2021-06-06 07:57:01 UTC,1894,25,51,,0,0,0,0,472
2021-06-06 08:57:01 UTC,1895,31,82,,0,0,0,0,472
2021-06-06 09:57:01 UTC,1896,34,116,,0,0,0,0,472
2021-06-06 10:57:01 UTC,1897,20,136,,0,0,0,0,472
2021-06-06 11:57:01 UTC,1898,10,146,,0,0,0,0,472
2021-06-06 12:57:01 UTC,1899,18,164,,0,0,0,0,472
2021-06-06 13:57:01 UTC,1900,14,178,,0,0,0,0,472
2021-06-06 14:57:01 UTC,1901,27,205,,0,0,0,0,472
2021-06-06 15:57:01 UTC,1902,23,228,,0,0,1,0,472
2021-06-06 16:57:01 UTC,1903,5,233,,0,0,1,0,472
2021-06-06 17:57:01 UTC,1904,5,238,,0,0,1,0,472
2021-06-06 18:57:01 UTC,1905,18,256,,3.9,0,1,0,472
2021-06-06 19:57:01 UTC,1906,9,266,,0,0,1,0,472
2021-06-06 20:57:01 UTC,1907,6,272,,3.9,0,1,0,472
2021-06-06 21:57:01 UTC,1908,,,272,,,,,
2021-06-06 22:57:01 UTC,1909,0,0,,0,0,0,0,274
2021-06-06 23:57:01 UTC,1910,0,0,,0,0,0,0,274
2021-06-07 00:57:01 UTC,1911,0,0,,0,0,0,0,274
2021-06-07 01:57:01 UTC,1912,0,0,,0,0,0,0,274
2021-06-07 02:57:01 UTC,1913,0,0,,3.9,0,0,0,274
2021-06-07 03:57:01 UTC,1914,6,6,,0,0,0,0,274
2021-06-07 04:57:01 UTC,1915,5,11,,0,0,0,0,274
2021-06-07 05:57:01 UTC,1916,22,33,,0,0,0,0,274
2021-06-07 06:57:01 UTC,1917,66,99,,3.9,0,0,0,274
2021-06-07 07:57:01 UTC,1918,75,174,,0,0,1,0,274
2021-06-07 08:57:01 UTC,1919,53,227,,0,0,1,0,274
2021-06-07 09:57:01 UTC,1920,93,320,,0,0,1,0,274
2021-06-07 10:57:01 UTC,1921,135,455,,0,0,1,0,274
2021-06-07 11:57:01 UTC,1922,48,503,,0,0,1,0,274
2021-06-07 12:57:01 UTC,1923,37,540,,0,0,1,0,274
2021-06-07 13:57:01 UTC,1924,46,586,,0,0,1,0,274
2021-06-07 14:57:01 UTC,1925,68,654,,0,0,1,0,274
2021-06-07 15:57:01 UTC,1926,55,709,,0,0,1,0,274
2021-06-07 16:57:01 UTC,1927,46,755,,0,0,1,0,274
2021-06-07 17:57:01 UTC,1928,24,779,,0,0,1,0,274
2021-06-07 18:57:01 UTC,1929,19,798,,0,0,1,0,274
2021-06-07 19:57:01 UTC,1930,5,803,,0,0,2,0,274
2021-06-07 20:57:01 UTC,1931,10,813,,3.9,0,2,0,274
2021-06-07 21:57:01 UTC,1932,,,813,,,,,
2021-06-07 22:57:01 UTC,1933,3,3,,0,0,0,0,814
2021-06-07 23:57:01 UTC,1934,2,5,,0,0,0,0,814
2021-06-08 00:57:01 UTC,1935,0,5,,0,0,0,0,814
2021-06-08 01:57:01 UTC,1936,0,5,,0,0,0,0,814
2021-06-08 02:57:01 UTC,1937,0,5,,3.9,0,0,0,814
2021-06-08 03:57:01 UTC,1938,3,10,,0,0,0,0,814
2021-06-08 04:57:01 UTC,1939,3,13,,0,0,0,0,814
2021-06-08 05:57:01 UTC,1940,11,24,,0,0,0,0,814
2021-06-08 06:57:01 UTC,1941,18,42,,3.9,0,0,0,814
2021-06-08 07:57:01 UTC,1942,39,83,,0,0,0,0,814
2021-06-08 08:57:01 UTC,1943,53,136,,0,0,0,0,814
2021-06-08 09:57:01 UTC,1944,56,192,,0,0,0,0,814
2021-06-08 10:57:01 UTC,1945,58,250,,0,0,0,0,814
2021-06-08 11:57:01 UTC,1946,6,256,,0,0,0,0,814
2021-06-08 12:57:01 UTC,1947,3,259,,0,0,0,0,814
2021-06-08 13:57:01 UTC,1948,15,274,,0,0,0,0,814
2021-06-08 14:57:01 UTC,1949,18,292,,3.9,0,0,0,814
2021-06-08 15:57:01 UTC,1950,19,312,,0,0,0,0,814
2021-06-08 16:57:01 UTC,1951,15,327,,0,0,0,0,814
2021-06-08 17:57:01 UTC,1952,24,351,,0,0,0,0,814
2021-06-08 18:57:01 UTC,1953,25,376,,3.9,0,0,0,814
2021-06-08 19:57:01 UTC,1954,4,380,,0,0,0,0,814
2021-06-08 20:57:01 UTC,1955,10,390,,3.9,0,0,0,814
2021-06-08 21:57:01 UTC,1956,,,390,,,,,
2021-06-08 22:57:01 UTC,1957,4,4,,0,0,0,0,393
2021-06-08 23:57:01 UTC,1958,2,6,,0,0,0,0,393
2021-06-09 00:57:01 UTC,1959,0,6,,0,0,0,0,393
2021-06-09 01:57:01 UTC,1960,0,6,,0,0,0,0,393
2021-06-09 02:57:01 UTC,1961,0,6,,3.9,0,0,0,393
2021-06-09 03:57:01 UTC,1962,1,8,,0,0,0,0,393
2021-06-09 04:57:01 UTC,1963,11,19,,0,0,0,0,393
2021-06-09 05:57:01 UTC,1964,18,37,,0,0,0,0,393
2021-06-09 06:57:01 UTC,1965,12,49,,3.9,0,0,0,393
2021-06-09 07:57:01 UTC,1966,24,75,,0,0,0,0,393
2021-06-09 08:57:01 UTC,1967,15,90,,0,0,0,0,393
2021-06-09 09:57:01 UTC,1968,35,125,,0,0,0,0,393
2021-06-09 10:57:01 UTC,1969,26,151,,0,0,0,0,393
2021-06-09 11:57:01 UTC,1970,44,195,,0,0,0,0,393
2021-06-09 12:57:01 UTC,1971,34,229,,0,0,0,0,393
2021-06-09 13:57:01 UTC,1972,60,289,,0,0,0,0,393
2021-06-09 14:57:01 UTC,1973,68,357,,0,0,0,0,393
2021-06-09 15:57:01 UTC,1974,6,363,,0,0,0,0,393
2021-06-09 16:57:01 UTC,1975,20,383,,0,0,0,0,393
2021-06-09 17:57:01 UTC,1976,17,400,,0,0,0,0,393
2021-06-09 18:57:01 UTC,1977,10,410,,3.9,0,0,0,393
2021-06-09 19:57:01 UTC,1978,9,419,,0,0,0,0,393
2021-06-09 20:57:01 UTC,1979,9,428,,3.9,0,0,0,393
2021-06-09 21:57:01 UTC,1980,,,428,,,,,
2021-06-09 22:57:01 UTC,1981,1,1,,0,0,0,0,429
2021-06-09 23:57:01 UTC,1982,0,1,,0,0,0,0,429
2021-06-10 00:57:01 UTC,1983,0,1,,0,0,0,0,429
2021-06-10 01:57:01 UTC,1984,0,1,,0,0,0,0,429
2021-06-10 02:57:01 UTC,1985,0,1,,3.9,0,0,0,429
2021-06-10 03:57:01 UTC,1986,4,6,,0,0,0,0,429
2021-06-10 04:57:01 UTC,1987,8,14,,0,0,0,0,429
2021-06-10 05:57:01 UTC,1988,47,61,,0,0,0,0,429
2021-06-10 06:57:01 UTC,1989,44,105,,3.9,0,0,0,429
2021-06-10 07:57:01 UTC,1990,33,139,,0,0,0,0,429
2021-06-10 08:57:01 UTC,1991,52,191,,0,0,0,0,429
2021-06-10 09:57:01 UTC,1992,72,263,,0,0,0,0,429
2021-06-10 10:57:01 UTC,1993,85,348,,0,0,0,0,429
2021-06-10 11:57:01 UTC,1994,30,378,,0,0,0,0,429
2021-06-10 12:57:01 UTC,1995,26,404,,0,0,0,0,429
2021-06-10 13:57:01 UTC,1996,32,436,,0,0,0,0,429
2021-06-10 14:57:01 UTC,1997,34,470,,0,0,0,0,429
2021-06-10 15:57:01 UTC,1998,31,501,,0,0,0,0,429
2021-06-10 16:57:01 UTC,1999,24,525,,0,0,0,0,429
2021-06-10 17:57:01 UTC,2000,21,546,,0,0,0,0,429
2021-06-10 18:57:01 UTC,2001,5,551,,0,0,0,0,429
2021-06-10 19:57:01 UTC,2002,3,554,,0,0,0,0,429
2021-06-10 20:57:01 UTC,2003,0,554,,3.9,0,0,0,429
2021-06-10 21:57:01 UTC,2004,,,554,,,,,
2021-06-10 22:57:01 UTC,2005,2,2,,0,0,0,0,556
2021-06-10 23:57:01 UTC,2006,0,2,,0,0,0,0,556
2021-06-11 00:57:01 UTC,2007,0,2,,0,0,0,0,556
2021-06-11 01:57:01 UTC,2008,1,3,,0,0,0,0,556
2021-06-11 02:57:01 UTC,2009,2,5,,3.9,0,0,0,556
2021-06-11 03:57:01 UTC,2010,0,6,,0,0,0,0,556
2021-06-11 04:57:01 UTC,2011,10,16,,0,0,0,0,556
2021-06-11 05:57:01 UTC,2012,19,35,,0,0,0,0,556
2021-06-11 06:57:01 UTC,2013,47,82,,3.9,0,0,0,556
2021-06-11 07:57:01 UTC,2014,13,100,,0,0,0,0,556
2021-06-11 08:57:01 UTC,2015,34,134,,0,0,0,0,556
2021-06-11 09:57:01 UTC,2016,52,186,,0,0,0,0,556
2021-06-11 10:57:01 UTC,2017,40,226,,0,0,0,0,556
2021-06-11 11:57:01 UTC,2018,28,254,,0,0,0,0,556
2021-06-11 12:57:01 UTC,2019,30,284,,0,0,0,0,556
2021-06-11 13:57:01 UTC,2020,38,322,,0,0,0,0,556
2021-06-11 14:57:01 UTC,2021,32,354,,0,0,0,0,556
2021-06-11 15:57:01 UTC,2022,37,391,,0,0,0,0,556
2021-06-11 16:57:01 UTC,2023,28,419,,0,0,0,0,556
2021-06-11 17:57:01 UTC,2024,26,445,,0,0,0,0,556
2021-06-11 18:57:01 UTC,2025,6,451,,0,0,0,0,556
2021-06-11 19:57:01 UTC,2026,8,459,,0,0,0,0,556
2021-06-11 20:57:01 UTC,2027,3,462,,3.9,0,0,0,556
2021-06-11 21:57:01 UTC,2028,,,462,,,,,
2021-06-11 22:57:01 UTC,2029,4,4,,0,0,0,0,468
2021-06-11 23:57:01 UTC,2030,0,4,,0,0,0,0,468
2021-06-12 00:57:01 UTC,2031,0,4,,0,0,0,0,468
2021-06-12 01:57:01 UTC,2032,1,5,,0,0,0,0,468
2021-06-12 02:57:01 UTC,2033,0,5,,3.9,0,0,0,468
2021-06-12 03:57:01 UTC,2034,5,10,,0,0,0,0,468
2021-06-12 04:57:01 UTC,2035,5,15,,0,0,0,0,468
2021-06-12 05:57:01 UTC,2036,49,64,,0,0,0,0,468
2021-06-12 06:57:01 UTC,2037,32,96,,3.9,0,0,0,468
2021-06-12 07:57:01 UTC,2038,56,157,,0,0,0,0,468
2021-06-12 08:57:01 UTC,2039,84,241,,0,0,0,0,468
2021-06-12 09:57:01 UTC,2040,81,322,,0,0,0,0,468
2021-06-12 10:57:01 UTC,2041,196,518,,0,0,0,0,468
2021-06-12 11:57:01 UTC,2042,38,556,,0,0,0,0,468
2021-06-12 12:57:01 UTC,2043,29,585,,0,0,0,0,468
2021-06-12 13:57:01 UTC,2044,29,614,,0,0,0,0,468
2021-06-12 14:57:01 UTC,2045,33,647,,0,0,0,0,468
2021-06-12 15:57:01 UTC,2046,28,675,,0,0,0,0,468
2021-06-12 16:57:01 UTC,2047,25,700,,0,0,0,0,468
2021-06-12 17:57:01 UTC,2048,22,722,,0,0,0,0,468
2021-06-12 18:57:01 UTC,2049,17,739,,0,0,0,0,468
2021-06-12 19:57:01 UTC,2050,11,750,,0,0,0,0,468
2021-06-12 20:57:01 UTC,2051,3,753,,3.9,0,0,0,468
2021-06-12 21:57:01 UTC,2052,,,753,,,,,
2021-06-12 22:57:01 UTC,2053,1,1,,0,0,0,0,770
2021-06-12 23:57:01 UTC,2054,1,2,,0,0,0,0,770
2021-06-13 00:57:01 UTC,2055,0,2,,0,0,0,0,770
2021-06-13 01:57:01 UTC,2056,0,2,,0,0,0,0,770
2021-06-13 02:57:01 UTC,2057,1,3,,3.9,0,0,0,770
2021-06-13 03:57:01 UTC,2058,3,6,,0,0,0,0,770
2021-06-13 04:57:01 UTC,2059,1,7,,0,0,0,0,770
2021-06-13 05:57:01 UTC,2060,4,11,,0,0,0,0,770
2021-06-13 06:57:01 UTC,2061,20,31,,3.9,0,0,0,770
2021-06-13 07:57:01 UTC,2062,15,46,,0,0,0,0,770
2021-06-13 08:57:01 UTC,2063,44,90,,0,0,0,0,770
2021-06-13 09:57:01 UTC,2064,66,156,,0,0,0,0,770
2021-06-13 10:57:01 UTC,2065,24,180,,0,0,0,0,770
2021-06-13 11:57:01 UTC,2066,15,195,,0,0,0,0,770
2021-06-13 12:57:01 UTC,2067,13,208,,0,0,0,0,770
2021-06-13 13:57:01 UTC,2068,29,237,,0,0,0,0,770
2021-06-13 14:57:01 UTC,2069,15,252,,0,0,0,0,770
2021-06-13 15:57:01 UTC,2070,25,277,,0,0,0,0,770
2021-06-13 16:57:01 UTC,2071,14,291,,0,0,0,0,770
2021-06-13 17:57:01 UTC,2072,15,306,,0,0,0,0,770
2021-06-13 18:57:01 UTC,2073,27,333,,0,0,0,0,770
2021-06-13 19:57:01 UTC,2074,17,350,,0,0,0,0,770
2021-06-13 20:57:01 UTC,2075,11,361,,3.9,0,0,0,770
2021-06-13 21:57:01 UTC,2076,,,361,,,,,
