created_at,entry_id,field1,field2,field3,field4,field5,field6,field7,field8
2021-05-01 00:57:01 UTC,1023,0,0,,0,0,0,0,385
2021-05-01 01:57:01 UTC,1024,0,0,,0,0,0,0,385
2021-05-01 02:57:01 UTC,1025,2,2,,3.9,0,0,0,385
2021-05-01 03:57:01 UTC,1026,0,2,,0,0,0,0,385
2021-05-01 04:57:01 UTC,1027,2,4,,0,0,0,0,385
2021-05-01 05:57:01 UTC,1028,2,6,,0,0,0,0,385
2021-05-01 06:57:01 UTC,1029,12,18,,3.9,0,0,0,385
2021-05-01 07:57:01 UTC,1030,18,37,,0,0,1,0,385
2021-05-01 08:57:01 UTC,1031,58,95,,0,0,1,0,385
2021-05-01 09:57:01 UTC,1032,31,126,,0,0,1,0,385
2021-05-01 10:57:01 UTC,1033,16,142,,3.9,0,1,0,385
2021-05-01 11:57:01 UTC,1034,7,149,,0,0,1,0,385
2021-05-01 12:57:01 UTC,1035,4,153,,0,0,1,0,385
2021-05-01 13:57:01 UTC,1036,5,158,,0,0,1,0,385
2021-05-01 14:57:01 UTC,1037,0,158,,3.9,0,1,0,385
2021-05-01 15:57:01 UTC,1038,15,175,,0,0,1,0,385
2021-05-01 16:57:01 UTC,1039,20,195,,0,0,1,0,385
2021-05-01 17:57:01 UTC,1040,7,202,,0,0,1,0,385
2021-05-01 18:57:01 UTC,1041,11,213,,3.9,0,1,0,385
2021-05-01 19:57:01 UTC,1042,5,218,,0,0,1,0,385
2021-05-01 20:57:01 UTC,1043,2,220,,3.9,0,1,0,385
2021-05-01 21:57:01 UTC,1044,,,220,,,,,
2021-05-01 22:57:01 UTC,1045,0,0,,0,0,0,0,220
2021-05-01 23:57:01 UTC,1046,0,0,,0,0,0,0,220
2021-05-02 00:57:01 UTC,1047,0,0,,0,0,0,0,220
2021-05-02 01:57:01 UTC,1048,1,1,,0,0,0,0,220
2021-05-02 02:57:01 UTC,1049,1,2,,3.9,0,0,0,220
2021-05-02 03:57:01 UTC,1050,0,2,,0,0,0,0,220
2021-05-02 04:57:01 UTC,1051,1,3,,0,0,0,0,220
2021-05-02 05:57:01 UTC,1052,2,5,,0,0,0,0,220
2021-05-02 06:57:01 UTC,1053,6,11,,3.9,0,0,0,220
2021-05-02 07:57:01 UTC,1054,21,33,,0,0,0,0,220
2021-05-02 08:57:01 UTC,1055,38,71,,0,0,0,0,220
2021-05-02 09:57:01 UTC,1056,40,111,,0,0,0,0,220
2021-05-02 10:57:01 UTC,1057,25,136,,3.9,0,0,0,220
2021-05-02 11:57:01 UTC,1058,13,149,,0,0,1,0,220
2021-05-02 12:57:01 UTC,1059,17,166,,0,0,1,0,220
2021-05-02 13:57:01 UTC,1060,17,183,,0,0,1,0,220
2021-05-02 14:57:01 UTC,1061,23,206,,3.9,0,1,0,220
2021-05-02 15:57:01 UTC,1062,19,225,,0,0,1,0,220
2021-05-02 16:57:01 UTC,1063,13,238,,0,0,1,0,220
2021-05-02 17:57:01 UTC,1064,11,249,,0,0,1,0,220
2021-05-02 18:57:01 UTC,1065,6,255,,3.9,0,1,0,220
2021-05-02 19:57:01 UTC,1066,7,262,,0,0,1,0,220
2021-05-02 20:57:01 UTC,1067,3,265,,3.9,0,1,0,220
2021-05-02 21:57:01 UTC,1068,,,265,,,,,
2021-05-02 22:57:01 UTC,1069,0,0,,0,0,0,0,266
2021-05-02 23:57:01 UTC,1070,1,1,,0,0,0,0,266
2021-05-03 00:57:01 UTC,1071,0,1,,0,0,0,0,266
2021-05-03 01:57:01 UTC,1072,0,1,,0,0,0,0,266
2021-05-03 02:57:01 UTC,1073,0,1,,3.9,0,0,0,266
2021-05-03 03:57:01 UTC,1074,1,2,,0,0,0,0,266
2021-05-03 04:57:01 UTC,1075,8,10,,0,0,0,0,266
2021-05-03 05:57:01 UTC,1076,31,41,,0,0,0,0,266
2021-05-03 06:57:01 UTC,1077,46,87,,3.9,0,0,0,266
2021-05-03 07:57:01 UTC,1078,51,145,,0,0,0,0,266
2021-05-03 08:57:01 UTC,1079,67,212,,0,0,0,0,266
2021-05-03 09:57:01 UTC,1080,52,264,,0,0,0,0,266
2021-05-03 10:57:01 UTC,1081,75,339,,3.9,0,0,0,266
2021-05-03 11:57:01 UTC,1082,35,374,,0,0,0,0,266
2021-05-03 12:57:01 UTC,1083,32,406,,0,0,0,0,266
2021-05-03 13:57:01 UTC,1084,29,435,,0,0,0,0,266
2021-05-03 14:57:01 UTC,1085,37,472,,0,0,0,0,266
2021-05-03 15:57:01 UTC,1086,33,505,,0,0,0,0,266
2021-05-03 16:57:01 UTC,1087,33,538,,0,0,0,0,266
2021-05-03 17:57:01 UTC,1088,19,557,,0,0,0,0,266
2021-05-03 18:57:01 UTC,1089,9,566,,3.9,0,0,0,266
2021-05-03 19:57:01 UTC,1090,6,572,,0,0,1,0,266
2021-05-03 20:57:01 UTC,1091,1,573,,3.9,0,1,0,266
2021-05-03 21:57:01 UTC,1092,,,573,,,,,
2021-05-03 22:57:01 UTC,1093,0,0,,0,0,0,0,576
2021-05-03 23:57:01 UTC,1094,0,0,,0,0,0,0,576
2021-05-04 00:57:01 UTC,1095,0,0,,0,0,0,0,576
2021-05-04 01:57:01 UTC,1096,0,0,,0,0,0,0,576
2021-05-04 02:57:01 UTC,1097,1,1,,3.9,0,0,0,576
2021-05-04 03:57:01 UTC,1098,1,3,,0,0,0,0,576
2021-05-04 04:57:01 UTC,1099,6,9,,0,0,0,0,576
2021-05-04 05:57:01 UTC,1100,13,22,,0,0,0,0,576
2021-05-04 06:57:01 UTC,1101,13,35,,3.9,0,0,0,576
2021-05-04 07:57:01 UTC,1102,29,65,,0,0,0,0,576
2021-05-04 08:57:01 UTC,1103,28,93,,0,0,0,0,576
2021-05-04 09:57:01 UTC,1104,35,128,,0,0,0,0,576
2021-05-04 10:57:01 UTC,1105,24,152,,3.9,0,0,0,576
2021-05-04 11:57:01 UTC,1106,21,173,,0,0,0,0,576
2021-05-04 12:57:01 UTC,1107,16,189,,0,0,0,0,576
2021-05-04 13:57:01 UTC,1108,18,207,,0,0,0,0,576
2021-05-04 14:57:01 UTC,1109,11,218,,3.9,0,0,0,576
2021-05-04 15:57:01 UTC,1110,10,228,,0,0,0,0,576
2021-05-04 16:57:01 UTC,1111,13,241,,0,0,0,0,576
2021-05-04 17:57:01 UTC,1112,8,249,,0,0,0,0,576
2021-05-04 18:57:01 UTC,1113,4,253,,3.9,0,0,0,576
2021-05-04 19:57:01 UTC,1114,4,257,,0,0,0,0,576
2021-05-04 20:57:01 UTC,1115,1,258,,3.9,0,0,0,576
2021-05-04 21:57:01 UTC,1116,,,258,,,,,
2021-05-04 22:57:01 UTC,1117,0,0,,0,0,0,0,259
2021-05-04 23:57:01 UTC,1118,0,0,,0,0,0,0,259
2021-05-05 00:57:01 UTC,1119,0,0,,0,0,0,0,259
2021-05-05 01:57:01 UTC,1120,0,0,,0,0,0,0,259
2021-05-05 02:57:01 UTC,1121,0,0,,3.9,0,0,0,259
2021-05-05 03:57:01 UTC,1122,0,0,,0,0,0,0,259
2021-05-05 04:57:01 UTC,1123,1,1,,0,0,0,0,259
2021-05-05 05:57:01 UTC,1124,33,34,,0,0,0,0,259
2021-05-05 06:57:01 UTC,1125,37,71,,3.9,0,0,0,259
2021-05-05 07:57:01 UTC,1126,46,122,,0,0,0,0,259
2021-05-05 08:57:01 UTC,1127,55,177,,0,0,0,0,259
2021-05-05 09:57:01 UTC,1128,42,219,,0,0,0,0,259
2021-05-05 10:57:01 UTC,1129,62,281,,0,0,0,0,259
2021-05-05 11:57:01 UTC,1130,35,316,,0,0,0,0,259
2021-05-05 12:57:01 UTC,1131,17,333,,0,0,0,0,259
2021-05-05 13:57:01 UTC,1132,26,359,,0,0,0,0,259
2021-05-05 14:57:01 UTC,1133,20,379,,0,0,0,0,259
2021-05-05 15:57:01 UTC,1134,35,414,,0,0,0,0,259
2021-05-05 16:57:01 UTC,1135,36,450,,0,0,0,0,259
2021-05-05 17:57:01 UTC,1136,33,483,,0,0,0,0,259
2021-05-05 18:57:01 UTC,1137,23,506,,3.9,0,0,0,259
