created_at,entry_id,field1,field2,field3,field4,field5,field6,field7,field8
2022-01-01 00:57:01 UTC,6734,12,12,,0,0,0,0,418
2022-01-01 01:57:01 UTC,6735,0,12,,0,0,0,0,418
2022-01-01 02:57:01 UTC,6736,7,19,,0,0,0,0,418
2022-01-01 03:57:01 UTC,6737,2,21,,3.9,0,0,0,418
2022-01-01 04:57:01 UTC,6738,1,22,,0,0,0,0,418
2022-01-01 05:57:01 UTC,6739,0,22,,0,0,0,0,418
2022-01-01 06:57:01 UTC,6740,1,23,,0,0,0,0,418
2022-01-01 07:57:01 UTC,6741,3,26,,3.9,0,0,0,418
2022-01-01 08:57:01 UTC,6742,4,31,,0,0,0,0,418
2022-01-01 09:57:01 UTC,6743,10,41,,0,0,0,0,418
2022-01-01 10:57:01 UTC,6744,14,55,,0,0,0,0,418
2022-01-01 11:57:01 UTC,6745,13,68,,3.9,0,0,0,418
2022-01-01 12:57:01 UTC,6746,24,92,,0,0,0,0,418
2022-01-01 13:57:01 UTC,6747,9,101,,0,0,0,0,418
2022-01-01 14:57:01 UTC,6748,11,112,,0,0,0,0,418
2022-01-01 15:57:01 UTC,6749,9,121,,3.9,0,0,0,418
2022-01-01 16:57:01 UTC,6750,8,129,,0,0,0,0,418
2022-01-01 17:57:01 UTC,6751,10,139,,0,0,0,0,418
2022-01-01 18:57:01 UTC,6752,4,143,,0,0,0,0,418
2022-01-01 19:57:01 UTC,6753,5,148,,3.9,0,0,0,418
2022-01-01 20:57:01 UTC,6754,0,148,,0,0,0,0,418
2022-01-01 21:57:01 UTC,6755,1,149,,3.9,0,0,0,418
2022-01-01 22:57:01 UTC,6756,,,149,,,,,
2022-01-01 23:57:01 UTC,6757,2,2,,0,0,0,0,151
2022-01-02 00:57:01 UTC,6758,0,2,,0,0,0,0,151
2022-01-02 01:57:01 UTC,6759,0,2,,0,0,0,0,151
2022-01-02 02:57:01 UTC,6760,0,2,,0,0,0,0,151
2022-01-02 03:57:01 UTC,6761,0,2,,3.9,0,0,0,151
2022-01-02 04:57:01 UTC,6762,1,3,,0,0,0,0,151
2022-01-02 05:57:01 UTC,6763,1,4,,0,0,0,0,151
2022-01-02 06:57:01 UTC,6764,29,33,,0,0,0,0,151
2022-01-02 07:57:01 UTC,6765,29,62,,3.9,0,0,0,151
2022-01-02 08:57:01 UTC,6766,60,125,,0,0,0,0,151
2022-01-02 09:57:01 UTC,6767,68,193,,0,0,0,0,151
2022-01-02 10:57:01 UTC,6768,62,255,,0,0,0,0,151
2022-01-02 11:57:01 UTC,6769,28,283,,3.9,0,0,0,151
2022-01-02 12:57:01 UTC,6770,23,309,,0,0,0,0,151
2022-01-02 13:57:01 UTC,6771,10,319,,0,0,0,0,151
2022-01-02 14:57:01 UTC,6772,9,328,,0,0,0,0,151
2022-01-02 15:57:01 UTC,6773,34,362,,3.9,0,0,0,151
2022-01-02 16:57:01 UTC,6774,68,430,,0,0,0,0,151
2022-01-02 17:57:01 UTC,6775,49,479,,0,0,0,0,151
2022-01-02 18:57:01 UTC,6776,21,500,,0,0,0,0,151
2022-01-02 19:57:01 UTC,6777,9,509,,3.9,0,0,0,151
2022-01-02 20:57:01 UTC,6778,6,515,,0,0,0,0,151
2022-01-02 21:57:01 UTC,6779,6,521,,3.9,0,0,0,151
2022-01-02 22:57:01 UTC,6780,,,521,,,,,
2022-01-02 23:57:01 UTC,6781,0,0,,0,0,0,0,524
2022-01-03 00:57:01 UTC,6782,0,0,,0,0,0,0,524
2022-01-03 01:57:01 UTC,6783,2,2,,0,0,0,0,524
2022-01-03 02:57:01 UTC,6784,3,5,,0,0,0,0,524
2022-01-03 03:57:01 UTC,6785,0,5,,3.9,0,0,0,524
2022-01-03 04:57:01 UTC,6786,1,6,,0,0,0,0,524
2022-01-03 05:57:01 UTC,6787,19,25,,0,0,0,0,524
2022-01-03 06:57:01 UTC,6788,31,56,,0,0,0,0,524
2022-01-03 07:57:01 UTC,6789,55,111,,3.9,0,0,0,524
2022-01-03 08:57:01 UTC,6790,32,146,,0,0,0,0,524
2022-01-03 09:57:01 UTC,6791,58,204,,0,0,0,0,524
2022-01-03 10:57:01 UTC,6792,56,260,,0,0,0,0,524
2022-01-03 11:57:01 UTC,6793,58,318,,3.9,0,0,0,524
2022-01-03 12:57:01 UTC,6794,24,342,,0,0,0,0,524
2022-01-03 13:57:01 UTC,6795,15,357,,0,0,0,0,524
2022-01-03 14:57:01 UTC,6796,21,378,,0,0,0,0,524
2022-01-03 15:57:01 UTC,6797,25,403,,3.9,0,0,0,524
2022-01-03 16:57:01 UTC,6798,31,435,,0,0,0,0,524
2022-01-03 17:57:01 UTC,6799,41,476,,0,0,0,0,524
2022-01-03 18:57:01 UTC,6800,19,495,,0,0,0,0,524
2022-01-03 19:57:01 UTC,6801,7,502,,3.9,0,0,0,524
2022-01-03 20:57:01 UTC,6802,6,508,,0,0,0,0,524
2022-01-03 21:57:01 UTC,6803,4,512,,3.9,0,0,0,524
2022-01-03 22:57:01 UTC,6804,,,512,,,,,
2022-01-03 23:57:01 UTC,6805,0,0,,0,0,0,0,513
2022-01-04 00:57:01 UTC,6806,1,1,,0,0,0,0,513
2022-01-04 01:57:01 UTC,6807,1,2,,0,0,0,0,513
2022-01-04 02:57:01 UTC,6808,0,2,,0,0,0,0,513
2022-01-04 03:57:01 UTC,6809,0,2,,3.9,0,0,0,513
2022-01-04 04:57:01 UTC,6810,0,3,,0,0,0,0,513
2022-01-04 05:57:01 UTC,6811,6,9,,0,0,0,0,513
2022-01-04 06:57:01 UTC,6812,7,16,,0,0,0,0,513
2022-01-04 07:57:01 UTC,6813,18,34,,3.9,0,0,0,513
2022-01-04 08:57:01 UTC,6814,26,65,,0,0,0,0,513
2022-01-04 09:57:01 UTC,6815,21,86,,0,0,0,0,513
2022-01-04 10:57:01 UTC,6816,24,110,,0,0,0,0,513
2022-01-04 11:57:01 UTC,6817,31,141,,3.9,0,0,0,513
2022-01-04 12:57:01 UTC,6818,14,155,,0,0,0,0,513
2022-01-04 13:57:01 UTC,6819,14,169,,0,0,0,0,513
2022-01-04 14:57:01 UTC,6820,15,184,,0,0,0,0,513
2022-01-04 15:57:01 UTC,6821,18,202,,3.9,0,0,0,513
2022-01-04 16:57:01 UTC,6822,33,236,,0,0,0,0,513
2022-01-04 17:57:01 UTC,6823,18,254,,0,0,0,0,513
2022-01-04 18:57:01 UTC,6824,31,285,,0,0,0,0,513
2022-01-04 19:57:01 UTC,6825,10,295,,3.9,0,0,0,513
2022-01-04 20:57:01 UTC,6826,8,305,,0,0,0,0,513
2022-01-04 21:57:01 UTC,6827,5,310,,3.9,0,0,0,513
2022-01-04 22:57:01 UTC,6828,,,310,,,,,
2022-01-04 23:57:01 UTC,6829,3,3,,0,0,0,0,314
2022-01-05 00:57:01 UTC,6830,1,4,,0,0,0,0,314
2022-01-05 01:57:01 UTC,6831,1,5,,0,0,0,0,314
2022-01-05 02:57:01 UTC,6832,6,11,,0,0,0,0,314
2022-01-05 03:57:01 UTC,6833,1,12,,3.9,0,0,0,314
2022-01-05 04:57:01 UTC,6834,1,15,,0,0,0,0,314
2022-01-05 05:57:01 UTC,6835,1,16,,0,0,0,0,314
2022-01-05 06:57:01 UTC,6836,28,44,,0,0,0,0,314
2022-01-05 07:57:01 UTC,6837,50,94,,3.9,0,0,0,314
2022-01-05 08:57:01 UTC,6838,47,142,,0,0,0,0,314
2022-01-05 09:57:01 UTC,6839,54,196,,0,0,0,0,314
2022-01-05 10:57:01 UTC,6840,74,270,,0,0,0,0,314
2022-01-05 11:57:01 UTC,6841,70,340,,3.9,0,0,0,314
2022-01-05 12:57:01 UTC,6842,17,357,,0,0,1,0,314
2022-01-05 13:57:01 UTC,6843,23,380,,0,0,1,0,314
2022-01-05 14:57:01 UTC,6844,22,402,,0,0,1,0,314
2022-01-05 15:57:01 UTC,6845,16,418,,3.9,0,1,0,314
2022-01-05 16:57:01 UTC,6846,13,431,,0,0,1,0,314
2022-01-05 17:57:01 UTC,6847,16,447,,0,0,1,0,314
2022-01-05 18:57:01 UTC,6848,20,467,,0,0,1,0,314
2022-01-05 19:57:01 UTC,6849,7,474,,3.9,0,1,0,314
2022-01-05 20:57:01 UTC,6850,6,480,,0,0,1,0,314
2022-01-05 21:57:01 UTC,6851,3,483,,3.9,0,1,0,314
2022-01-05 22:57:01 UTC,6852,,,483,,,,,
2022-01-05 23:57:01 UTC,6853,2,2,,0,0,0,0,485
2022-01-06 00:57:01 UTC,6854,1,3,,0,0,0,0,485
2022-01-06 01:57:01 UTC,6855,1,4,,0,0,0,0,485
2022-01-06 02:57:01 UTC,6856,0,4,,0,0,0,0,485
2022-01-06 03:57:01 UTC,6857,0,4,,3.9,0,0,0,485
2022-01-06 04:57:01 UTC,6858,0,4,,0,0,0,0,485
2022-01-06 05:57:01 UTC,6859,4,8,,0,0,0,0,485
2022-01-06 06:57:01 UTC,6860,16,24,,0,0,0,0,485
2022-01-06 07:57:01 UTC,6861,37,61,,3.9,0,0,0,485
2022-01-06 08:57:01 UTC,6862,23,85,,0,0,0,0,485
2022-01-06 09:57:01 UTC,6863,44,129,,0,0,0,0,485
2022-01-06 10:57:01 UTC,6864,27,156,,0,0,0,0,485
2022-01-06 11:57:01 UTC,6865,87,243,,3.9,0,0,0,485
2022-01-06 12:57:01 UTC,6866,18,267,,0,0,0,0,485
2022-01-06 13:57:01 UTC,6867,13,280,,0,0,0,0,485
2022-01-06 14:57:01 UTC,6868,20,300,,0,0,0,0,485
2022-01-06 15:57:01 UTC,6869,35,335,,3.9,0,0,0,485
2022-01-06 16:57:01 UTC,6870,19,355,,0,0,0,0,485
2022-01-06 17:57:01 UTC,6871,17,372,,0,0,0,0,485
2022-01-06 18:57:01 UTC,6872,11,383,,0,0,0,0,485
2022-01-06 19:57:01 UTC,6873,6,389,,3.9,0,0,0,485
2022-01-06 20:57:01 UTC,6874,7,396,,0,0,0,0,485
2022-01-06 21:57:01 UTC,6875,0,396,,3.9,0,0,0,485
2022-01-06 22:57:01 UTC,6876,,,396,,,,,
2022-01-06 23:57:01 UTC,6877,1,1,,0,0,0,0,397
2022-01-07 00:57:01 UTC,6878,1,2,,0,0,0,0,397
2022-01-07 01:57:01 UTC,6879,0,2,,0,0,0,0,397
2022-01-07 02:57:01 UTC,6880,0,2,,0,0,0,0,397
2022-01-07 03:57:01 UTC,6881,2,4,,3.9,0,0,0,397
2022-01-07 04:57:01 UTC,6882,2,6,,0,0,0,0,397
2022-01-07 05:57:01 UTC,6883,5,11,,0,0,0,0,397
2022-01-07 06:57:01 UTC,6884,48,59,,0,0,0,0,397
2022-01-07 07:57:01 UTC,6885,39,98,,3.9,0,0,0,397
2022-01-07 08:57:01 UTC,6886,50,151,,0,0,0,0,397
2022-01-07 09:57:01 UTC,6887,68,219,,0,0,0,0,397
2022-01-07 10:57:01 UTC,6888,60,279,,0,0,0,0,397
2022-01-07 11:57:01 UTC,6889,98,377,,3.9,0,0,0,397
2022-01-07 12:57:01 UTC,6890,20,401,,0,0,0,0,397
2022-01-07 13:57:01 UTC,6891,22,423,,0,0,0,0,397
2022-01-07 14:57:01 UTC,6892,33,456,,0,0,0,0,397
2022-01-07 15:57:01 UTC,6893,31,487,,3.9,0,0,0,397
2022-01-07 16:57:01 UTC,6894,46,533,,0,0,0,0,397
2022-01-07 17:57:01 UTC,6895,18,551,,0,0,0,0,397
2022-01-07 18:57:01 UTC,6896,16,567,,0,0,0,0,397
2022-01-07 19:57:01 UTC,6897,2,569,,3.9,0,0,0,397
2022-01-07 20:57:01 UTC,6898,3,572,,0,0,1,0,397
2022-01-07 21:57:01 UTC,6899,4,576,,3.9,0,1,0,397
2022-01-07 22:57:01 UTC,6900,,,576,,,,,
2022-01-07 23:57:01 UTC,6901,1,1,,0,0,0,0,579
2022-01-08 00:57:01 UTC,6902,4,5,,0,0,0,0,579
2022-01-08 01:57:01 UTC,6903,0,5,,0,0,0,0,579
2022-01-08 02:57:01 UTC,6904,1,6,,0,0,0,0,579
2022-01-08 03:57:01 UTC,6905,1,7,,3.9,0,0,0,579
2022-01-08 04:57:01 UTC,6906,6,13,,0,0,0,0,579
2022-01-08 05:57:01 UTC,6907,3,16,,0,0,0,0,579
2022-01-08 06:57:01 UTC,6908,45,61,,0,0,0,0,579
2022-01-08 07:57:01 UTC,6909,51,112,,3.9,0,0,0,579
2022-01-08 08:57:01 UTC,6910,28,144,,0,0,0,0,579
2022-01-08 09:57:01 UTC,6911,52,196,,0,0,0,0,579
2022-01-08 10:57:01 UTC,6912,43,239,,0,0,0,0,579
2022-01-08 11:57:01 UTC,6913,45,284,,3.9,0,0,0,579
2022-01-08 12:57:01 UTC,6914,34,320,,0,0,0,0,579
2022-01-08 13:57:01 UTC,6915,22,342,,0,0,0,0,579
2022-01-08 14:57:01 UTC,6916,18,360,,0,0,0,0,579
2022-01-08 15:57:01 UTC,6917,17,377,,3.9,0,0,0,579
2022-01-08 16:57:01 UTC,6918,20,397,,0,0,0,0,579
2022-01-08 17:57:01 UTC,6919,25,422,,0,0,0,0,579
2022-01-08 18:57:01 UTC,6920,28,450,,0,0,0,0,579
2022-01-08 19:57:01 UTC,6921,9,459,,3.9,0,0,0,579
2022-01-08 20:57:01 UTC,6922,7,466,,0,0,0,0,579
2022-01-08 21:57:01 UTC,6923,4,470,,3.9,0,0,0,579
2022-01-08 22:57:01 UTC,6924,,,470,,,,,
2022-01-08 23:57:01 UTC,6925,0,0,,0,0,0,0,471
2022-01-09 00:57:01 UTC,6926,2,2,,0,0,0,0,471
2022-01-09 01:57:01 UTC,6927,0,2,,0,0,0,0,471
2022-01-09 02:57:01 UTC,6928,0,2,,0,0,0,0,471
2022-01-09 03:57:01 UTC,6929,0,2,,3.9,0,0,0,471
2022-01-09 04:57:01 UTC,6930,0,2,,0,0,0,0,471
2022-01-09 05:57:01 UTC,6931,3,5,,0,0,0,0,471
2022-01-09 06:57:01 UTC,6932,9,14,,0,0,0,0,471
2022-01-09 07:57:01 UTC,6933,7,21,,3.9,0,0,0,471
2022-01-09 08:57:01 UTC,6934,30,52,,0,0,0,0,471
2022-01-09 09:57:01 UTC,6935,23,75,,0,0,0,0,471
2022-01-09 10:57:01 UTC,6936,29,104,,0,0,0,0,471
2022-01-09 11:57:01 UTC,6937,21,125,,3.9,0,0,0,471
2022-01-09 12:57:01 UTC,6938,6,135,,0,0,0,0,471
2022-01-09 13:57:01 UTC,6939,9,144,,0,0,0,0,471
2022-01-09 14:57:01 UTC,6940,6,150,,0,0,0,0,471
2022-01-09 15:57:01 UTC,6941,14,164,,3.9,0,0,0,471
2022-01-09 16:57:01 UTC,6942,12,177,,0,0,1,0,471
2022-01-09 17:57:01 UTC,6943,16,193,,0,0,1,0,471
2022-01-09 18:57:01 UTC,6944,13,206,,0,0,1,0,471
2022-01-09 19:57:01 UTC,6945,3,209,,3.9,0,1,0,471
2022-01-09 20:57:01 UTC,6946,0,210,,0,0,1,0,471
2022-01-09 21:57:01 UTC,6947,4,214,,3.9,0,1,0,471
2022-01-09 22:57:01 UTC,6948,,,214,,,,,
2022-01-09 23:57:01 UTC,6949,2,2,,0,0,0,0,214
2022-01-10 00:57:01 UTC,6950,0,2,,0,0,0,0,214
2022-01-10 01:57:01 UTC,6951,0,2,,0,0,0,0,214
2022-01-10 02:57:01 UTC,6952,0,2,,0,0,0,0,214
2022-01-10 03:57:01 UTC,6953,0,2,,3.9,0,0,0,214
2022-01-10 04:57:01 UTC,6954,3,6,,0,0,0,0,214
2022-01-10 05:57:01 UTC,6955,5,11,,0,0,0,0,214
2022-01-10 06:57:01 UTC,6956,29,40,,0,0,0,0,214
2022-01-10 07:57:01 UTC,6957,66,106,,3.9,0,0,0,214
2022-01-10 08:57:01 UTC,6958,65,181,,0,0,0,0,214
2022-01-10 09:57:01 UTC,6959,48,229,,0,0,0,0,214
2022-01-10 10:57:01 UTC,6960,54,283,,0,0,0,0,214
2022-01-10 11:57:01 UTC,6961,92,375,,3.9,0,0,0,214
2022-01-10 12:57:01 UTC,6962,17,394,,0,0,1,0,214
2022-01-10 13:57:01 UTC,6963,30,424,,0,0,1,0,214
2022-01-10 14:57:01 UTC,6964,34,458,,0,0,1,0,214
2022-01-10 15:57:01 UTC,6965,34,492,,3.9,0,1,0,214
2022-01-10 16:57:01 UTC,6966,27,519,,0,0,1,0,214
2022-01-10 17:57:01 UTC,6967,29,548,,0,0,1,0,214
2022-01-10 18:57:01 UTC,6968,22,570,,0,0,1,0,214
2022-01-10 19:57:01 UTC,6969,5,575,,3.9,0,1,0,214
2022-01-10 20:57:01 UTC,6970,1,576,,0,0,1,0,214
2022-01-10 21:57:01 UTC,6971,6,582,,3.9,0,1,0,214
2022-01-10 22:57:01 UTC,6972,,,582,,,,,
