created_at,entry_id,field1,field2,field3,field4,field5,field6,field7,field8
2021-10-01 00:57:01 UTC,4692,3,7,,0,0,0,0,453
2021-10-01 01:57:01 UTC,4693,0,7,,0,0,0,0,453
2021-10-01 02:57:01 UTC,4694,1,8,,3.9,0,0,0,453
2021-10-01 03:57:01 UTC,4695,0,8,,0,0,0,0,453
2021-10-01 04:57:01 UTC,4696,12,20,,0,0,0,0,453
2021-10-01 05:57:01 UTC,4697,47,67,,0,0,0,0,453
2021-10-01 06:57:01 UTC,4698,52,119,,3.9,0,0,0,453
2021-10-01 07:57:01 UTC,4699,37,159,,0,0,0,0,453
2021-10-01 08:57:01 UTC,4700,46,205,,0,0,0,0,453
2021-10-01 09:57:01 UTC,4701,62,267,,0,0,0,0,453
2021-10-01 10:57:01 UTC,4702,35,302,,0,0,0,0,453
2021-10-01 11:57:01 UTC,4703,33,335,,0,0,0,0,453
2021-10-01 12:57:01 UTC,4704,22,357,,0,0,0,0,453
2021-10-01 13:57:01 UTC,4705,26,383,,0,0,0,0,453
2021-10-01 14:57:01 UTC,4706,10,393,,0,0,0,0,453
2021-10-01 15:57:01 UTC,4707,16,409,,0,0,0,0,453
2021-10-01 16:57:01 UTC,4708,23,432,,0,0,0,0,453
2021-10-01 17:57:01 UTC,4709,28,460,,0,0,0,0,453
2021-10-01 18:57:01 UTC,4710,13,473,,0,0,0,0,453
2021-10-01 19:57:01 UTC,4711,7,480,,0,0,0,0,453
2021-10-01 20:57:01 UTC,4712,13,493,,3.9,0,0,0,453
2021-10-01 21:57:01 UTC,4713,,,493,,,,,
2021-10-01 22:57:01 UTC,4714,2,2,,0,0,0,0,495
2021-10-01 23:57:01 UTC,4715,4,6,,0,0,0,0,495
2021-10-02 00:57:01 UTC,4716,3,9,,0,0,0,0,495
2021-10-02 01:57:01 UTC,4717,1,10,,0,0,0,0,495
2021-10-02 02:57:01 UTC,4718,1,11,,3.9,0,0,0,495
2021-10-02 03:57:01 UTC,4719,1,12,,0,0,0,0,495
2021-10-02 04:57:01 UTC,4720,4,16,,0,0,0,0,495
2021-10-02 05:57:01 UTC,4721,36,52,,0,0,0,0,495
2021-10-02 06:57:01 UTC,4722,42,94,,3.9,0,0,0,495
2021-10-02 07:57:01 UTC,4723,57,155,,0,0,0,0,495
2021-10-02 08:57:01 UTC,4724,42,197,,0,0,0,0,495
2021-10-02 09:57:01 UTC,4725,35,232,,0,0,0,0,495
2021-10-02 10:57:01 UTC,4726,36,268,,3.9,0,0,0,495
2021-10-02 11:57:01 UTC,4727,9,277,,0,0,0,0,495
2021-10-02 12:57:01 UTC,4728,11,288,,0,0,0,0,495
2021-10-02 13:57:01 UTC,4729,12,300,,0,0,0,0,495
2021-10-02 14:57:01 UTC,4730,8,308,,0,0,0,0,495
2021-10-02 15:57:01 UTC,4731,10,318,,0,0,0,0,495
2021-10-02 16:57:01 UTC,4732,19,337,,0,0,0,0,495
2021-10-02 17:57:01 UTC,4733,30,367,,0,0,0,0,495
2021-10-02 18:57:01 UTC,4734,15,382,,0,0,0,0,495
2021-10-02 19:57:01 UTC,4735,11,393,,0,0,0,0,495
2021-10-02 20:57:01 UTC,4736,5,398,,3.9,0,0,0,495
2021-10-02 21:57:01 UTC,4737,,,398,,,,,
2021-10-02 22:57:01 UTC,4738,0,0,,0,0,0,0,407
2021-10-02 23:57:01 UTC,4739,5,5,,0,0,0,0,407
2021-10-03 00:57:01 UTC,4740,4,9,,0,0,0,0,407
2021-10-03 01:57:01 UTC,4741,2,11,,0,0,0,0,407
2021-10-03 02:57:01 UTC,4742,4,15,,3.9,0,0,0,407
2021-10-03 03:57:01 UTC,4743,1,16,,0,0,0,0,407
2021-10-03 04:57:01 UTC,4744,2,18,,0,0,0,0,407
2021-10-03 05:57:01 UTC,4745,4,22,,0,0,0,0,407
2021-10-03 06:57:01 UTC,4746,15,37,,3.9,0,0,0,407
2021-10-03 07:57:01 UTC,4747,26,64,,0,0,0,0,407
2021-10-03 08:57:01 UTC,4748,38,102,,0,0,0,0,407
2021-10-03 09:57:01 UTC,4749,25,127,,0,0,0,0,407
2021-10-03 10:57:01 UTC,4750,14,141,,0,0,0,0,407
2021-10-03 11:57:01 UTC,4751,11,152,,0,0,1,0,407
2021-10-03 12:57:01 UTC,4752,10,162,,0,0,1,0,407
2021-10-03 13:57:01 UTC,4753,13,175,,0,0,1,0,407
2021-10-03 14:57:01 UTC,4754,10,185,,0,0,1,0,407
2021-10-03 15:57:01 UTC,4755,9,194,,0,0,1,0,407
2021-10-03 16:57:01 UTC,4756,9,203,,0,0,1,0,407
2021-10-03 17:57:01 UTC,4757,20,223,,0,0,1,0,407
2021-10-03 18:57:01 UTC,4758,17,240,,0,0,1,0,407
2021-10-03 19:57:01 UTC,4759,7,247,,0,0,1,0,407
2021-10-03 20:57:01 UTC,4760,4,251,,3.9,0,1,0,407
2021-10-03 21:57:01 UTC,4761,,,251,,,,,
2021-10-03 22:57:01 UTC,4762,1,1,,0,0,0,0,253
2021-10-03 23:57:01 UTC,4763,1,2,,0,0,0,0,253
2021-10-04 00:57:01 UTC,4764,1,3,,0,0,0,0,253
2021-10-04 01:57:01 UTC,4765,3,6,,0,0,0,0,253
2021-10-04 02:57:01 UTC,4766,1,7,,3.9,0,0,0,253
2021-10-04 03:57:01 UTC,4767,2,9,,0,0,0,0,253
2021-10-04 04:57:01 UTC,4768,11,20,,0,0,0,0,253
2021-10-04 05:57:01 UTC,4769,18,38,,0,0,0,0,253
2021-10-04 06:57:01 UTC,4770,30,68,,3.9,0,0,0,253
2021-10-04 07:57:01 UTC,4771,29,98,,0,0,0,0,253
2021-10-04 08:57:01 UTC,4772,24,122,,0,0,0,0,253
2021-10-04 09:57:01 UTC,4773,28,150,,0,0,0,0,253
2021-10-04 10:57:01 UTC,4774,24,174,,0,0,0,0,253
2021-10-04 11:57:01 UTC,4775,18,192,,0,0,0,0,253
2021-10-04 12:57:01 UTC,4776,16,208,,0,0,0,0,253
2021-10-04 13:57:01 UTC,4777,18,226,,0,0,0,0,253
2021-10-04 14:57:01 UTC,4778,14,240,,0,0,0,0,253
2021-10-04 15:57:01 UTC,4779,15,255,,0,0,0,0,253
2021-10-04 16:57:01 UTC,4780,16,271,,0,0,0,0,253
2021-10-04 17:57:01 UTC,4781,10,281,,0,0,0,0,253
2021-10-04 18:57:01 UTC,4782,10,291,,0,0,0,0,253
2021-10-04 19:57:01 UTC,4783,6,297,,0,0,0,0,253
2021-10-04 20:57:01 UTC,4784,2,299,,3.9,0,0,0,253
2021-10-04 21:57:01 UTC,4785,,,299,,,,,
2021-10-04 22:57:01 UTC,4786,1,1,,0,0,0,0,302
2021-10-04 23:57:01 UTC,4787,0,1,,0,0,0,0,302
2021-10-05 00:57:01 UTC,4788,2,3,,0,0,0,0,302
2021-10-05 01:57:01 UTC,4789,0,3,,0,0,0,0,302
2021-10-05 02:57:01 UTC,4790,1,4,,3.9,0,0,0,302
2021-10-05 03:57:01 UTC,4791,1,6,,0,0,0,0,302
2021-10-05 04:57:01 UTC,4792,1,7,,0,0,0,0,302
2021-10-05 05:57:01 UTC,4793,33,40,,0,0,0,0,302
2021-10-05 06:57:01 UTC,4794,32,72,,3.9,0,0,0,302
2021-10-05 07:57:01 UTC,4795,18,91,,0,0,0,0,302
2021-10-05 08:57:01 UTC,4796,15,106,,0,0,0,0,302
2021-10-05 09:57:01 UTC,4797,43,149,,0,0,0,0,302
2021-10-05 10:57:01 UTC,4798,15,164,,3.9,0,0,0,302
2021-10-05 11:57:01 UTC,4799,11,176,,0,0,0,0,302
2021-10-05 12:57:01 UTC,4800,15,191,,0,0,0,0,302
2021-10-05 13:57:01 UTC,4801,11,202,,0,0,0,0,302
2021-10-05 14:57:01 UTC,4802,14,216,,0,0,0,0,302
2021-10-05 15:57:01 UTC,4803,33,249,,0,0,0,0,302
2021-10-05 16:57:01 UTC,4804,31,280,,0,0,0,0,302
2021-10-05 17:57:01 UTC,4805,30,310,,0,0,0,0,302
2021-10-05 18:57:01 UTC,4806,6,316,,3.9,0,0,0,302
2021-10-05 19:57:01 UTC,4807,24,340,,0,0,0,0,302
2021-10-05 20:57:01 UTC,4808,14,354,,3.9,0,0,0,302
2021-10-05 21:57:01 UTC,4809,,,354,,,,,
2021-10-05 22:57:01 UTC,4810,2,2,,0,0,0,0,356
2021-10-05 23:57:01 UTC,4811,0,2,,0,0,0,0,356
2021-10-06 00:57:01 UTC,4812,2,4,,0,0,0,0,356
2021-10-06 01:57:01 UTC,4813,1,5,,0,0,0,0,356
2021-10-06 02:57:01 UTC,4814,2,7,,3.9,0,0,0,356
2021-10-06 03:57:01 UTC,4815,1,8,,0,0,0,0,356
2021-10-06 04:57:01 UTC,4816,5,13,,0,0,0,0,356
2021-10-06 05:57:01 UTC,4817,34,47,,0,0,0,0,356
2021-10-06 06:57:01 UTC,4818,68,115,,3.9,0,0,0,356
2021-10-06 07:57:01 UTC,4819,119,234,,0,0,0,0,356
2021-10-06 08:57:01 UTC,4820,59,293,,0,0,0,0,356
2021-10-06 09:57:01 UTC,4821,14,307,,0,0,0,0,356
2021-10-06 10:57:01 UTC,4822,22,329,,3.9,0,0,0,356
2021-10-06 11:57:01 UTC,4823,14,344,,0,0,0,0,356
2021-10-06 12:57:01 UTC,4824,19,363,,0,0,0,0,356
2021-10-06 13:57:01 UTC,4825,6,369,,0,0,0,0,356
2021-10-06 14:57:01 UTC,4826,17,386,,3.9,0,0,0,356
2021-10-06 15:57:01 UTC,4827,6,392,,0,0,0,0,356
2021-10-06 16:57:01 UTC,4828,22,414,,0,0,0,0,356
2021-10-06 17:57:01 UTC,4829,18,432,,0,0,0,0,356
2021-10-06 18:57:01 UTC,4830,7,439,,3.9,0,0,0,356
2021-10-06 19:57:01 UTC,4831,7,446,,0,0,0,0,356
2021-10-06 20:57:01 UTC,4832,5,451,,3.9,0,0,0,356
2021-10-06 21:57:01 UTC,4833,,,451,,,,,
2021-10-06 22:57:01 UTC,4834,1,1,,0,0,0,0,459
2021-10-06 23:57:01 UTC,4835,2,3,,0,0,0,0,459
2021-10-07 00:57:01 UTC,4836,1,4,,0,0,0,0,459
2021-10-07 01:57:01 UTC,4837,0,4,,0,0,0,0,459
2021-10-07 02:57:01 UTC,4838,1,5,,3.9,0,0,0,459
2021-10-07 03:57:01 UTC,4839,1,6,,0,0,0,0,459
2021-10-07 04:57:01 UTC,4840,8,14,,0,0,0,0,459
2021-10-07 05:57:01 UTC,4841,30,44,,0,0,0,0,459
2021-10-07 06:57:01 UTC,4842,46,90,,3.9,0,0,0,459
2021-10-07 07:57:01 UTC,4843,56,148,,0,0,0,0,459
2021-10-07 08:57:01 UTC,4844,38,186,,0,0,0,0,459
2021-10-07 09:57:01 UTC,4845,53,239,,0,0,0,0,459
2021-10-07 10:57:01 UTC,4846,16,255,,3.9,0,0,0,459
2021-10-07 11:57:01 UTC,4847,77,332,,0,0,0,0,459
2021-10-07 12:57:01 UTC,4848,18,350,,0,0,0,0,459
2021-10-07 13:57:01 UTC,4849,11,361,,0,0,0,0,459
2021-10-07 14:57:01 UTC,4850,12,373,,3.9,0,0,0,459
2021-10-07 15:57:01 UTC,4851,18,391,,0,0,0,0,459
2021-10-07 16:57:01 UTC,4852,17,408,,0,0,0,0,459
2021-10-07 17:57:01 UTC,4853,14,422,,0,0,0,0,459
2021-10-07 18:57:01 UTC,4854,6,428,,3.9,0,0,0,459
2021-10-07 19:57:01 UTC,4855,3,432,,0,0,0,0,459
2021-10-07 20:57:01 UTC,4856,1,433,,3.9,0,0,0,459
2021-10-07 21:57:01 UTC,4857,,,433,,,,,
2021-10-07 22:57:01 UTC,4858,1,1,,0,0,0,0,439
2021-10-07 23:57:01 UTC,4859,1,2,,0,0,0,0,439
2021-10-08 00:57:01 UTC,4860,1,3,,0,0,0,0,439
2021-10-08 01:57:01 UTC,4861,0,3,,0,0,0,0,439
2021-10-08 02:57:01 UTC,4862,0,3,,3.9,0,0,0,439
2021-10-08 03:57:01 UTC,4863,4,7,,0,0,0,0,439
2021-10-08 04:57:01 UTC,4864,6,13,,0,0,0,0,439
2021-10-08 05:57:01 UTC,4865,79,92,,0,0,0,0,439
2021-10-08 06:57:01 UTC,4866,69,161,,3.9,0,0,0,439
2021-10-08 07:57:01 UTC,4867,63,224,,0,0,0,0,439
2021-10-08 08:57:01 UTC,4868,61,285,,0,0,0,0,439
2021-10-08 09:57:01 UTC,4869,45,330,,0,0,0,0,439
2021-10-08 10:57:01 UTC,4870,87,417,,3.9,0,0,0,439
2021-10-08 11:57:01 UTC,4871,16,433,,0,0,0,0,439
2021-10-08 12:57:01 UTC,4872,15,448,,0,0,0,0,439
2021-10-08 13:57:01 UTC,4873,15,463,,0,0,0,0,439
2021-10-08 14:57:01 UTC,4874,17,480,,0,0,0,0,439
2021-10-08 15:57:01 UTC,4875,19,499,,0,0,0,0,439
2021-10-08 16:57:01 UTC,4876,19,518,,0,0,0,0,439
2021-10-08 17:57:01 UTC,4877,18,536,,0,0,0,0,439
2021-10-08 18:57:01 UTC,4878,6,542,,3.9,0,0,0,439
2021-10-08 19:57:01 UTC,4879,4,546,,0,0,0,0,439
2021-10-08 20:57:01 UTC,4880,11,557,,3.9,0,0,0,439
2021-10-08 21:57:01 UTC,4881,,,557,,,,,
2021-10-08 22:57:01 UTC,4882,3,3,,0,0,0,0,559
2021-10-08 23:57:01 UTC,4883,0,3,,0,0,0,0,559
2021-10-09 00:57:01 UTC,4884,0,3,,0,0,0,0,559
2021-10-09 01:57:01 UTC,4885,1,4,,0,0,0,0,559
2021-10-09 02:57:01 UTC,4886,1,5,,3.9,0,0,0,559
2021-10-09 03:57:01 UTC,4887,2,7,,0,0,0,0,559
2021-10-09 04:57:01 UTC,4888,16,23,,0,0,0,0,559
2021-10-09 05:57:01 UTC,4889,86,109,,0,0,0,0,559
2021-10-09 06:57:01 UTC,4890,49,158,,3.9,0,0,0,559
2021-10-09 07:57:01 UTC,4891,48,206,,0,0,1,0,559
2021-10-09 08:57:01 UTC,4892,64,270,,0,0,1,0,559
2021-10-09 09:57:01 UTC,4893,54,324,,0,0,1,0,559
2021-10-09 10:57:01 UTC,4894,87,411,,3.9,0,1,0,559
2021-10-09 11:57:01 UTC,4895,18,429,,0,0,1,0,559
2021-10-09 12:57:01 UTC,4896,19,448,,0,0,1,0,559
2021-10-09 13:57:01 UTC,4897,16,464,,0,0,1,0,559
2021-10-09 14:57:01 UTC,4898,13,477,,0,0,1,0,559
2021-10-09 15:57:01 UTC,4899,20,497,,0,0,1,0,559
2021-10-09 16:57:01 UTC,4900,17,514,,0,0,1,0,559
2021-10-09 17:57:01 UTC,4901,25,539,,0,0,1,0,559
2021-10-09 18:57:01 UTC,4902,15,554,,3.9,0,1,0,559
2021-10-09 19:57:01 UTC,4903,3,557,,0,0,1,0,559
2021-10-09 20:57:01 UTC,4904,9,566,,3.9,0,1,0,559
2021-10-09 21:57:01 UTC,4905,,,566,,,,,
2021-10-09 22:57:01 UTC,4906,10,10,,0,0,0,0,573
2021-10-09 23:57:01 UTC,4907,2,12,,0,0,0,0,573
2021-10-10 00:57:01 UTC,4908,0,12,,0,0,0,0,573
2021-10-10 01:57:01 UTC,4909,0,12,,0,0,0,0,573
2021-10-10 02:57:01 UTC,4910,4,16,,3.9,0,0,0,573
2021-10-10 03:57:01 UTC,4911,3,19,,0,0,0,0,573
2021-10-10 04:57:01 UTC,4912,2,21,,0,0,0,0,573
2021-10-10 05:57:01 UTC,4913,13,34,,0,0,0,0,573
2021-10-10 06:57:01 UTC,4914,12,46,,3.9,0,0,0,573
2021-10-10 07:57:01 UTC,4915,29,76,,0,0,0,0,573
2021-10-10 08:57:01 UTC,4916,34,110,,0,0,0,0,573
2021-10-10 09:57:01 UTC,4917,35,145,,0,0,0,0,573
2021-10-10 10:57:01 UTC,4918,28,173,,3.9,0,0,0,573
2021-10-10 11:57:01 UTC,4919,24,197,,0,0,0,0,573
2021-10-10 12:57:01 UTC,4920,11,208,,0,0,0,0,573
2021-10-10 13:57:01 UTC,4921,16,224,,0,0,0,0,573
2021-10-10 14:57:01 UTC,4922,7,231,,3.9,0,0,0,573
2021-10-10 15:57:01 UTC,4923,18,249,,0,0,0,0,573
2021-10-10 16:57:01 UTC,4924,19,268,,0,0,0,0,573
2021-10-10 17:57:01 UTC,4925,13,281,,0,0,0,0,573
2021-10-10 18:57:01 UTC,4926,24,305,,3.9,0,0,0,573
2021-10-10 19:57:01 UTC,4927,7,312,,0,0,0,0,573
2021-10-10 20:57:01 UTC,4928,4,316,,3.9,0,0,0,573
2021-10-10 21:57:01 UTC,4929,,,316,,,,,
2021-10-10 22:57:01 UTC,4930,1,1,,0,0,0,0,318
2021-10-10 23:57:01 UTC,4931,1,2,,0,0,0,0,318
2021-10-11 00:57:01 UTC,4932,0,2,,0,0,0,0,318
2021-10-11 01:57:01 UTC,4933,0,2,,0,0,0,0,318
2021-10-11 02:57:01 UTC,4934,0,2,,3.9,0,0,0,318
2021-10-11 03:57:01 UTC,4935,2,5,,0,0,0,0,318
2021-10-11 04:57:01 UTC,4936,7,12,,0,0,0,0,318
2021-10-11 05:57:01 UTC,4937,38,50,,0,0,0,0,318
2021-10-11 06:57:01 UTC,4938,18,68,,3.9,0,0,0,318
2021-10-11 07:57:01 UTC,4939,10,78,,0,0,0,0,318
2021-10-11 08:57:01 UTC,4940,13,91,,0,0,0,0,318
2021-10-11 09:57:01 UTC,4941,21,112,,0,0,0,0,318
2021-10-11 10:57:01 UTC,4942,22,134,,3.9,0,0,0,318
2021-10-11 11:57:01 UTC,4943,9,146,,0,0,0,0,318
2021-10-11 12:57:01 UTC,4944,16,162,,0,0,0,0,318
2021-10-11 13:57:01 UTC,4945,9,171,,0,0,0,0,318
2021-10-11 14:57:01 UTC,4946,12,183,,3.9,0,0,0,318
2021-10-11 15:57:01 UTC,4947,23,206,,0,0,0,0,318
2021-10-11 16:57:01 UTC,4948,16,222,,0,0,0,0,318
2021-10-11 17:57:01 UTC,4949,21,243,,0,0,0,0,318
2021-10-11 18:57:01 UTC,4950,24,267,,3.9,0,0,0,318
2021-10-11 19:57:01 UTC,4951,5,272,,0,0,0,0,318
2021-10-11 20:57:01 UTC,4952,4,276,,3.9,0,0,0,318
2021-10-11 21:57:01 UTC,4953,,,276,,,,,
