created_at,entry_id,field1,field2,field3,field4,field5,field6,field7,field8
2022-01-01 00:57:01 UTC,9286,2,2,,0,0,0,0,1242
2022-01-01 01:57:01 UTC,9287,3,5,,0,0,0,0,1242
2022-01-01 02:57:01 UTC,9288,0,5,,0,0,0,0,1242
2022-01-01 03:57:01 UTC,9289,0,5,,3.9,0,0,0,1242
2022-01-01 04:57:01 UTC,9290,1,6,,0,0,0,0,1242
2022-01-01 05:57:01 UTC,9291,1,7,,0,0,0,0,1242
2022-01-01 06:57:01 UTC,9292,1,8,,0,0,0,0,1242
2022-01-01 07:57:01 UTC,9293,15,23,,3.9,0,0,0,1242
2022-01-01 08:57:01 UTC,9294,41,69,,0,0,0,0,1242
2022-01-01 09:57:01 UTC,9295,79,148,,0,0,0,0,1242
2022-01-01 10:57:01 UTC,9296,151,299,,0,0,0,0,1242
2022-01-01 11:57:01 UTC,9297,221,520,,3.9,0,0,0,1242
2022-01-01 12:57:01 UTC,9298,209,750,,0,0,0,0,1242
2022-01-01 13:57:01 UTC,9299,179,929,,0,0,0,0,1242
2022-01-01 14:57:01 UTC,9300,183,1112,,0,0,0,0,1242
2022-01-01 15:57:01 UTC,9301,127,1239,,3.9,0,0,0,1242
2022-01-01 16:57:01 UTC,9302,64,1317,,0,0,0,0,1242
2022-01-01 17:57:01 UTC,9303,17,1334,,0,0,0,0,1242
2022-01-01 18:57:01 UTC,9304,10,1344,,0,0,0,0,1242
2022-01-01 19:57:01 UTC,9305,6,1350,,3.9,0,0,0,1242
2022-01-01 20:57:01 UTC,9306,1,1351,,0,0,0,0,1242
2022-01-01 21:57:01 UTC,9307,7,1358,,3.9,0,0,0,1242
2022-01-01 22:57:01 UTC,9308,,,1358,,,,,
2022-01-01 23:57:01 UTC,9309,0,0,,0,0,0,0,1360
2022-01-02 00:57:01 UTC,9310,0,0,,0,0,0,0,1360
2022-01-02 01:57:01 UTC,9311,0,0,,0,0,0,0,1360
2022-01-02 02:57:01 UTC,9312,0,0,,0,0,0,0,1360
2022-01-02 03:57:01 UTC,9313,0,0,,3.9,0,0,0,1360
2022-01-02 04:57:01 UTC,9314,0,0,,0,0,0,0,1360
2022-01-02 05:57:01 UTC,9315,2,2,,0,0,0,0,1360
2022-01-02 06:57:01 UTC,9316,8,10,,0,0,0,0,1360
2022-01-02 07:57:01 UTC,9317,40,50,,3.9,0,0,0,1360
2022-01-02 08:57:01 UTC,9318,74,133,,0,0,1,0,1360
2022-01-02 09:57:01 UTC,9319,139,272,,0,0,1,0,1360
2022-01-02 10:57:01 UTC,9320,150,422,,0,0,1,0,1360
2022-01-02 11:57:01 UTC,9321,143,565,,3.9,0,1,0,1360
2022-01-02 12:57:01 UTC,9322,110,705,,0,0,1,0,1360
2022-01-02 13:57:01 UTC,9323,98,803,,0,0,1,0,1360
2022-01-02 14:57:01 UTC,9324,98,901,,0,0,1,0,1360
2022-01-02 15:57:01 UTC,9325,102,1003,,3.9,0,1,0,1360
2022-01-02 16:57:01 UTC,9326,42,1056,,0,0,1,0,1360
2022-01-02 17:57:01 UTC,9327,20,1076,,0,0,1,0,1360
2022-01-02 18:57:01 UTC,9328,7,1083,,0,0,1,0,1360
2022-01-02 19:57:01 UTC,9329,4,1087,,3.9,0,1,0,1360
2022-01-02 20:57:01 UTC,9330,1,1088,,0,0,1,0,1360
2022-01-02 21:57:01 UTC,9331,2,1090,,3.9,0,1,0,1360
2022-01-02 22:57:01 UTC,9332,,,1090,,,,,
2022-01-02 23:57:01 UTC,9333,1,1,,0,0,0,0,1091
2022-01-03 00:57:01 UTC,9334,0,1,,0,0,0,0,1091
2022-01-03 01:57:01 UTC,9335,0,1,,0,0,0,0,1091
2022-01-03 02:57:01 UTC,9336,0,1,,0,0,0,0,1091
2022-01-03 03:57:01 UTC,9337,3,4,,3.9,0,0,0,1091
2022-01-03 04:57:01 UTC,9338,1,5,,0,0,0,0,1091
2022-01-03 05:57:01 UTC,9339,2,7,,0,0,0,0,1091
2022-01-03 06:57:01 UTC,9340,21,28,,0,0,0,0,1091
2022-01-03 07:57:01 UTC,9341,40,68,,3.9,0,0,0,1091
2022-01-03 08:57:01 UTC,9342,41,112,,0,0,0,0,1091
2022-01-03 09:57:01 UTC,9343,71,183,,0,0,0,0,1091
2022-01-03 10:57:01 UTC,9344,80,263,,0,0,0,0,1091
2022-01-03 11:57:01 UTC,9345,72,335,,3.9,0,0,0,1091
2022-01-03 12:57:01 UTC,9346,63,411,,0,0,0,0,1091
2022-01-03 13:57:01 UTC,9347,50,461,,0,0,0,0,1091
2022-01-03 14:57:01 UTC,9348,66,527,,0,0,0,0,1091
2022-01-03 15:57:01 UTC,9349,64,591,,3.9,0,0,0,1091
2022-01-03 16:57:01 UTC,9350,43,641,,0,0,0,0,1091
2022-01-03 17:57:01 UTC,9351,32,673,,0,0,0,0,1091
2022-01-03 18:57:01 UTC,9352,16,689,,0,0,0,0,1091
2022-01-03 19:57:01 UTC,9353,11,700,,3.9,0,0,0,1091
2022-01-03 20:57:01 UTC,9354,17,717,,0,0,0,0,1091
2022-01-03 21:57:01 UTC,9355,9,726,,3.9,0,0,0,1091
2022-01-03 22:57:01 UTC,9356,,,726,,,,,
2022-01-03 23:57:01 UTC,9357,2,2,,0,0,0,0,729
2022-01-04 00:57:01 UTC,9358,0,2,,0,0,0,0,729
2022-01-04 01:57:01 UTC,9359,0,2,,0,0,0,0,729
2022-01-04 02:57:01 UTC,9360,0,2,,0,0,0,0,729
2022-01-04 03:57:01 UTC,9361,0,2,,3.9,0,0,0,729
2022-01-04 04:57:01 UTC,9362,2,6,,0,0,0,0,729
2022-01-04 05:57:01 UTC,9363,4,10,,0,0,0,0,729
2022-01-04 06:57:01 UTC,9364,13,23,,0,0,0,0,729
2022-01-04 07:57:01 UTC,9365,42,65,,3.9,0,0,0,729
2022-01-04 08:57:01 UTC,9366,53,127,,0,0,1,0,729
2022-01-04 09:57:01 UTC,9367,70,197,,0,0,1,0,729
2022-01-04 10:57:01 UTC,9368,69,266,,0,0,1,0,729
2022-01-04 11:57:01 UTC,9369,73,339,,3.9,0,1,0,729
2022-01-04 12:57:01 UTC,9370,48,400,,0,0,1,0,729
2022-01-04 13:57:01 UTC,9371,45,445,,0,0,1,0,729
2022-01-04 14:57:01 UTC,9372,61,506,,0,0,1,0,729
2022-01-04 15:57:01 UTC,9373,76,582,,3.9,0,1,0,729
2022-01-04 16:57:01 UTC,9374,50,643,,0,0,1,0,729
2022-01-04 17:57:01 UTC,9375,17,660,,0,0,1,0,729
2022-01-04 18:57:01 UTC,9376,12,672,,0,0,1,0,729
2022-01-04 19:57:01 UTC,9377,9,681,,3.9,0,1,0,729
2022-01-04 20:57:01 UTC,9378,5,686,,0,0,1,0,729
2022-01-04 21:57:01 UTC,9379,2,688,,3.9,0,1,0,729
2022-01-04 22:57:01 UTC,9380,,,688,,,,,
2022-01-04 23:57:01 UTC,9381,0,0,,0,0,0,0,689
2022-01-05 00:57:01 UTC,9382,0,0,,0,0,0,0,689
2022-01-05 01:57:01 UTC,9383,0,0,,0,0,0,0,689
2022-01-05 02:57:01 UTC,9384,0,0,,0,0,0,0,689
2022-01-05 03:57:01 UTC,9385,0,0,,3.9,0,0,0,689
2022-01-05 04:57:01 UTC,9386,2,2,,0,0,0,0,689
2022-01-05 05:57:01 UTC,9387,5,7,,0,0,0,0,689
2022-01-05 06:57:01 UTC,9388,20,27,,0,0,0,0,689
2022-01-05 07:57:01 UTC,9389,35,62,,3.9,0,0,0,689
2022-01-05 08:57:01 UTC,9390,102,169,,0,0,0,0,689
2022-01-05 09:57:01 UTC,9391,81,250,,0,0,0,0,689
2022-01-05 10:57:01 UTC,9392,121,371,,0,0,0,0,689
2022-01-05 11:57:01 UTC,9393,104,475,,3.9,0,0,0,689
2022-01-05 12:57:01 UTC,9394,57,540,,0,0,0,0,689
2022-01-05 13:57:01 UTC,9395,48,588,,0,0,0,0,689
2022-01-05 14:57:01 UTC,9396,56,644,,0,0,0,0,689
2022-01-05 15:57:01 UTC,9397,30,674,,3.9,0,0,0,689
2022-01-05 16:57:01 UTC,9398,19,695,,0,0,0,0,689
2022-01-05 17:57:01 UTC,9399,16,711,,0,0,0,0,689
2022-01-05 18:57:01 UTC,9400,11,722,,0,0,0,0,689
2022-01-05 19:57:01 UTC,9401,5,727,,3.9,0,0,0,689
2022-01-05 20:57:01 UTC,9402,0,727,,0,0,0,0,689
2022-01-05 21:57:01 UTC,9403,0,727,,3.9,0,0,0,689
2022-01-05 22:57:01 UTC,9404,,,727,,,,,
2022-01-05 23:57:01 UTC,9405,1,1,,0,0,0,0,731
2022-01-06 00:57:01 UTC,9406,0,1,,0,0,0,0,731
2022-01-06 01:57:01 UTC,9407,0,1,,0,0,0,0,731
2022-01-06 02:57:01 UTC,9408,0,1,,0,0,0,0,731
2022-01-06 03:57:01 UTC,9409,0,1,,3.9,0,0,0,731
2022-01-06 04:57:01 UTC,9410,1,4,,0,0,0,0,731
2022-01-06 05:57:01 UTC,9411,2,6,,0,0,0,0,731
2022-01-06 06:57:01 UTC,9412,17,23,,0,0,0,0,731
2022-01-06 07:57:01 UTC,9413,31,54,,3.9,0,0,0,731
2022-01-06 08:57:01 UTC,9414,102,168,,0,0,0,0,731
2022-01-06 09:57:01 UTC,9415,136,304,,0,0,0,0,731
2022-01-06 10:57:01 UTC,9416,156,460,,0,0,0,0,731
2022-01-06 11:57:01 UTC,9417,132,592,,3.9,0,0,0,731
2022-01-06 12:57:01 UTC,9418,87,699,,0,0,0,0,731
2022-01-06 13:57:01 UTC,9419,75,774,,0,0,0,0,731
2022-01-06 14:57:01 UTC,9420,115,889,,0,0,0,0,731
2022-01-06 15:57:01 UTC,9421,107,996,,3.9,0,0,0,731
2022-01-06 16:57:01 UTC,9422,94,1108,,0,0,0,0,731
2022-01-06 17:57:01 UTC,9423,24,1132,,0,0,0,0,731
2022-01-06 18:57:01 UTC,9424,14,1146,,0,0,0,0,731
2022-01-06 19:57:01 UTC,9425,5,1151,,3.9,0,0,0,731
2022-01-06 20:57:01 UTC,9426,1,1153,,0,0,0,0,731
2022-01-06 21:57:01 UTC,9427,2,1155,,3.9,0,0,0,731
2022-01-06 22:57:01 UTC,9428,,,1155,,,,,
2022-01-06 23:57:01 UTC,9429,1,1,,0,0,0,0,1157
2022-01-07 00:57:01 UTC,9430,0,1,,0,0,0,0,1157
2022-01-07 01:57:01 UTC,9431,1,2,,0,0,0,0,1157
2022-01-07 02:57:01 UTC,9432,0,2,,0,0,0,0,1157
2022-01-07 03:57:01 UTC,9433,0,2,,3.9,0,0,0,1157
2022-01-07 04:57:01 UTC,9434,2,6,,0,0,0,0,1157
2022-01-07 05:57:01 UTC,9435,3,9,,0,0,0,0,1157
2022-01-07 06:57:01 UTC,9436,29,38,,0,0,0,0,1157
2022-01-07 07:57:01 UTC,9437,41,79,,3.9,0,0,0,1157
2022-01-07 08:57:01 UTC,9438,81,175,,0,0,1,0,1157
2022-01-07 09:57:01 UTC,9439,111,286,,0,0,1,0,1157
2022-01-07 10:57:01 UTC,9440,182,468,,0,0,1,0,1157
2022-01-07 11:57:01 UTC,9441,181,649,,3.9,0,1,0,1157
2022-01-07 12:57:01 UTC,9442,150,821,,0,0,1,0,1157
2022-01-07 13:57:01 UTC,9443,97,918,,0,0,1,0,1157
2022-01-07 14:57:01 UTC,9444,108,1026,,0,0,1,0,1157
2022-01-07 15:57:01 UTC,9445,86,1112,,3.9,0,1,0,1157
2022-01-07 16:57:01 UTC,9446,49,1170,,0,0,1,0,1157
2022-01-07 17:57:01 UTC,9447,14,1184,,0,0,1,0,1157
2022-01-07 18:57:01 UTC,9448,11,1195,,0,0,1,0,1157
2022-01-07 19:57:01 UTC,9449,11,1206,,3.9,0,1,0,1157
2022-01-07 20:57:01 UTC,9450,3,1209,,0,0,2,0,1157
2022-01-07 21:57:01 UTC,9451,2,1211,,3.9,0,2,0,1157
2022-01-07 22:57:01 UTC,9452,,,1211,,,,,
2022-01-07 23:57:01 UTC,9453,0,0,,0,0,0,0,1216
2022-01-08 00:57:01 UTC,9454,0,0,,0,0,0,0,1216
2022-01-08 01:57:01 UTC,9455,0,0,,0,0,0,0,1216
2022-01-08 02:57:01 UTC,9456,0,0,,0,0,0,0,1216
2022-01-08 03:57:01 UTC,9457,1,1,,3.9,0,0,0,1216
2022-01-08 04:57:01 UTC,9458,1,5,,0,0,0,0,1216
2022-01-08 05:57:01 UTC,9459,1,6,,0,0,0,0,1216
2022-01-08 06:57:01 UTC,9460,13,19,,0,0,0,0,1216
2022-01-08 07:57:01 UTC,9461,27,46,,3.9,0,0,0,1216
2022-01-08 08:57:01 UTC,9462,98,149,,0,0,1,0,1216
2022-01-08 09:57:01 UTC,9463,171,320,,0,0,1,0,1216
2022-01-08 10:57:01 UTC,9464,207,527,,0,0,1,0,1216
2022-01-08 11:57:01 UTC,9465,196,723,,3.9,0,1,0,1216
2022-01-08 12:57:01 UTC,9466,178,935,,0,0,1,0,1216
2022-01-08 13:57:01 UTC,9467,144,1079,,0,0,1,0,1216
2022-01-08 14:57:01 UTC,9468,198,1277,,0,0,1,0,1216
2022-01-08 15:57:01 UTC,9469,119,1396,,3.9,0,1,0,1216
2022-01-08 16:57:01 UTC,9470,74,1486,,0,0,1,0,1216
2022-01-08 17:57:01 UTC,9471,22,1508,,0,0,1,0,1216
2022-01-08 18:57:01 UTC,9472,6,1514,,0,0,1,0,1216
2022-01-08 19:57:01 UTC,9473,11,1525,,3.9,0,1,0,1216
2022-01-08 20:57:01 UTC,9474,1,1526,,0,0,1,0,1216
2022-01-08 21:57:01 UTC,9475,2,1528,,3.9,0,1,0,1216
2022-01-08 22:57:01 UTC,9476,,,1528,,,,,
