created_at,entry_id,field1,field2,field3,field4,field5,field6,field7,field8
2022-08-01 00:57:01 UTC,14339,9,25,,0,0,0,0,1038
2022-08-01 01:57:01 UTC,14340,4,29,,0,0,0,0,1038
2022-08-01 02:57:01 UTC,14341,0,29,,3.9,0,0,0,1038
2022-08-01 03:57:01 UTC,14342,6,35,,0,0,1,0,1038
2022-08-01 04:57:01 UTC,14343,7,42,,0,0,1,0,1038
2022-08-01 05:57:01 UTC,14344,13,55,,0,0,1,0,1038
2022-08-01 06:57:01 UTC,14345,19,74,,3.9,0,1,0,1038
2022-08-01 07:57:01 UTC,14346,16,92,,0,0,1,1,1038
2022-08-01 08:57:01 UTC,14347,11,103,,0,0,1,1,1038
2022-08-01 09:57:01 UTC,14348,15,118,,0,0,1,1,1038
2022-08-01 10:57:01 UTC,14349,44,162,,0,0,1,1,1038
2022-08-01 11:57:01 UTC,14350,38,200,,0,0,1,1,1038
2022-08-01 12:57:01 UTC,14351,47,247,,0,0,1,1,1038
2022-08-01 13:57:01 UTC,14352,55,302,,0,0,1,1,1038
2022-08-01 14:57:01 UTC,14353,53,355,,0,0,1,1,1038
2022-08-01 15:57:01 UTC,14354,81,436,,0,0,1,1,1038
2022-08-01 16:57:01 UTC,14355,159,595,,0,0,1,1,1038
2022-08-01 17:57:01 UTC,14356,183,778,,0,0,1,1,1038
2022-08-01 18:57:01 UTC,14357,109,887,,3.9,0,1,1,1038
2022-08-01 19:57:01 UTC,14358,38,926,,0,0,1,1,1038
2022-08-01 20:57:01 UTC,14359,21,947,,3.9,0,1,1,1038
2022-08-01 21:57:01 UTC,14360,,,947,,,,,
2022-08-01 22:57:01 UTC,14361,4,4,,0,0,0,0,964
2022-08-01 23:57:01 UTC,14362,9,13,,0,0,0,0,964
2022-08-02 00:57:01 UTC,14363,11,24,,0,0,0,0,964
2022-08-02 01:57:01 UTC,14364,5,29,,0,0,0,0,964
2022-08-02 02:57:01 UTC,14365,3,32,,3.9,0,0,0,964
2022-08-02 03:57:01 UTC,14366,4,36,,0,0,0,0,964
2022-08-02 04:57:01 UTC,14367,4,40,,0,0,0,0,964
2022-08-02 05:57:01 UTC,14368,25,65,,0,0,0,0,964
2022-08-02 06:57:01 UTC,14369,15,80,,3.9,0,0,0,964
2022-08-02 07:57:01 UTC,14370,13,93,,0,0,0,0,964
2022-08-02 08:57:01 UTC,14371,12,105,,0,0,0,0,964
2022-08-02 09:57:01 UTC,14372,18,123,,0,0,0,0,964
2022-08-02 10:57:01 UTC,14373,57,180,,0,0,0,0,964
2022-08-02 11:57:01 UTC,14374,53,233,,0,0,0,0,964
2022-08-02 12:57:01 UTC,14375,36,269,,0,0,0,0,964
2022-08-02 13:57:01 UTC,14376,52,321,,0,0,0,0,964
2022-08-02 14:57:01 UTC,14377,57,378,,0,0,0,0,964
2022-08-02 15:57:01 UTC,14378,93,471,,0,0,0,0,964
2022-08-02 16:57:01 UTC,14379,143,614,,0,0,0,0,964
2022-08-02 17:57:01 UTC,14380,171,785,,0,0,0,0,964
2022-08-02 18:57:01 UTC,14381,106,891,,3.9,0,0,0,964
2022-08-02 19:57:01 UTC,14382,23,915,,0,0,0,0,964
2022-08-02 20:57:01 UTC,14383,32,947,,3.9,0,0,0,964
2022-08-02 21:57:01 UTC,14384,,,947,,,,,
2022-08-02 22:57:01 UTC,14385,12,12,,0,0,0,0,964
2022-08-02 23:57:01 UTC,14386,12,24,,0,0,0,0,964
2022-08-03 00:57:01 UTC,14387,10,34,,0,0,0,0,964
2022-08-03 01:57:01 UTC,14388,3,37,,0,0,0,0,964
2022-08-03 02:57:01 UTC,14389,5,42,,3.9,0,0,0,964
2022-08-03 03:57:01 UTC,14390,1,43,,0,0,1,0,964
2022-08-03 04:57:01 UTC,14391,6,49,,0,0,1,0,964
2022-08-03 05:57:01 UTC,14392,23,72,,0,0,1,0,964
2022-08-03 06:57:01 UTC,14393,10,82,,3.9,0,1,0,964
2022-08-03 07:57:01 UTC,14394,15,97,,0,0,1,0,964
2022-08-03 08:57:01 UTC,14395,21,118,,0,0,1,0,964
2022-08-03 09:57:01 UTC,14396,23,141,,0,0,1,0,964
2022-08-03 10:57:01 UTC,14397,31,172,,0,0,1,0,964
2022-08-03 11:57:01 UTC,14398,43,215,,0,0,1,0,964
2022-08-03 12:57:01 UTC,14399,46,261,,0,0,1,0,964
2022-08-03 13:57:01 UTC,14400,49,310,,0,0,1,0,964
2022-08-03 14:57:01 UTC,14401,47,357,,0,0,1,0,964
2022-08-03 15:57:01 UTC,14402,93,450,,0,0,2,0,964
2022-08-03 16:57:01 UTC,14403,105,555,,0,0,2,0,964
2022-08-03 17:57:01 UTC,14404,166,721,,0,0,2,0,964
2022-08-03 18:57:01 UTC,14405,117,838,,3.9,0,2,0,964
2022-08-03 19:57:01 UTC,14406,50,891,,0,0,2,0,964
2022-08-03 20:57:01 UTC,14407,36,927,,3.9,0,2,0,964
2022-08-03 21:57:01 UTC,14408,,,927,,,,,
2022-08-03 22:57:01 UTC,14409,11,11,,0,0,0,0,956
2022-08-03 23:57:01 UTC,14410,10,21,,0,0,0,0,956
2022-08-04 00:57:01 UTC,14411,14,35,,0,0,0,0,956
2022-08-04 01:57:01 UTC,14412,2,37,,0,0,0,0,956
2022-08-04 02:57:01 UTC,14413,1,38,,3.9,0,0,0,956
2022-08-04 03:57:01 UTC,14414,3,41,,0,0,0,0,956
2022-08-04 04:57:01 UTC,14415,14,55,,0,0,0,0,956
2022-08-04 05:57:01 UTC,14416,22,77,,0,0,0,0,956
2022-08-04 06:57:01 UTC,14417,14,91,,3.9,0,0,0,956
2022-08-04 07:57:01 UTC,14418,16,108,,0,0,0,0,956
2022-08-04 08:57:01 UTC,14419,14,122,,0,0,0,0,956
2022-08-04 09:57:01 UTC,14420,28,150,,0,0,0,0,956
2022-08-04 10:57:01 UTC,14421,37,187,,0,0,0,0,956
2022-08-04 11:57:01 UTC,14422,41,228,,0,0,0,0,956
2022-08-04 12:57:01 UTC,14423,53,281,,0,0,0,0,956
2022-08-04 13:57:01 UTC,14424,52,333,,0,0,0,0,956
2022-08-04 14:57:01 UTC,14425,59,392,,0,0,0,0,956
2022-08-04 15:57:01 UTC,14426,94,486,,0,0,0,0,956
2022-08-04 16:57:01 UTC,14427,149,635,,0,0,0,0,956
2022-08-04 17:57:01 UTC,14428,167,802,,0,0,0,0,956
2022-08-04 18:57:01 UTC,14429,88,890,,3.9,0,0,0,956
2022-08-04 19:57:01 UTC,14430,45,937,,0,0,0,0,956
2022-08-04 20:57:01 UTC,14431,26,963,,3.9,0,0,0,956
2022-08-04 21:57:01 UTC,14432,,,963,,,,,
2022-08-04 22:57:01 UTC,14433,13,13,,0,0,0,0,978
2022-08-04 23:57:01 UTC,14434,8,21,,0,0,0,0,978
2022-08-05 00:57:01 UTC,14435,8,29,,0,0,0,0,978
2022-08-05 01:57:01 UTC,14436,2,31,,0,0,0,0,978
2022-08-05 02:57:01 UTC,14437,2,33,,3.9,0,0,0,978
2022-08-05 03:57:01 UTC,14438,4,37,,0,0,0,0,978
2022-08-05 04:57:01 UTC,14439,3,40,,0,0,0,0,978
2022-08-05 05:57:01 UTC,14440,9,49,,0,0,0,0,978
2022-08-05 06:57:01 UTC,14441,14,63,,3.9,0,0,0,978
2022-08-05 07:57:01 UTC,14442,12,75,,0,0,0,0,978
2022-08-05 08:57:01 UTC,14443,9,84,,0,0,0,0,978
2022-08-05 09:57:01 UTC,14444,14,98,,0,0,0,0,978
2022-08-05 10:57:01 UTC,14445,31,129,,0,0,0,0,978
2022-08-05 11:57:01 UTC,14446,41,170,,0,0,0,0,978
2022-08-05 12:57:01 UTC,14447,34,204,,0,0,0,0,978
2022-08-05 13:57:01 UTC,14448,41,245,,0,0,0,0,978
2022-08-05 14:57:01 UTC,14449,60,305,,0,0,0,0,978
2022-08-05 15:57:01 UTC,14450,85,390,,0,0,0,0,978
2022-08-05 16:57:01 UTC,14451,87,477,,0,0,0,0,978
2022-08-05 17:57:01 UTC,14452,131,608,,0,0,0,0,978
2022-08-05 18:57:01 UTC,14453,71,679,,3.9,0,0,0,978
2022-08-05 19:57:01 UTC,14454,44,728,,0,0,0,0,978
2022-08-05 20:57:01 UTC,14455,32,760,,3.9,0,0,0,978
2022-08-05 21:57:01 UTC,14456,,,760,,,,,
2022-08-05 22:57:01 UTC,14457,20,20,,0,0,0,0,769
2022-08-05 23:57:01 UTC,14458,8,28,,0,0,0,0,769
2022-08-06 00:57:01 UTC,14459,7,35,,0,0,0,0,769
2022-08-06 01:57:01 UTC,14460,0,35,,0,0,0,0,769
2022-08-06 02:57:01 UTC,14461,3,38,,3.9,0,0,0,769
2022-08-06 03:57:01 UTC,14462,2,40,,0,0,0,0,769
2022-08-06 04:57:01 UTC,14463,8,48,,0,0,0,0,769
2022-08-06 05:57:01 UTC,14464,10,58,,0,0,0,0,769
2022-08-06 06:57:01 UTC,14465,8,66,,3.9,0,0,0,769
2022-08-06 07:57:01 UTC,14466,9,75,,0,0,0,0,769
2022-08-06 08:57:01 UTC,14467,20,95,,0,0,0,0,769
2022-08-06 09:57:01 UTC,14468,38,133,,0,0,0,0,769
2022-08-06 10:57:01 UTC,14469,40,173,,0,0,0,0,769
2022-08-06 11:57:01 UTC,14470,38,211,,0,0,0,0,769
2022-08-06 12:57:01 UTC,14471,40,251,,0,0,0,0,769
2022-08-06 13:57:01 UTC,14472,62,313,,0,0,0,0,769
2022-08-06 14:57:01 UTC,14473,45,358,,0,0,0,0,769
2022-08-06 15:57:01 UTC,14474,60,418,,0,0,0,0,769
2022-08-06 16:57:01 UTC,14475,93,511,,0,0,0,0,769
2022-08-06 17:57:01 UTC,14476,98,609,,0,0,0,0,769
2022-08-06 18:57:01 UTC,14477,88,697,,3.9,0,0,0,769
2022-08-06 19:57:01 UTC,14478,51,748,,0,0,0,0,769
2022-08-06 20:57:01 UTC,14479,50,798,,3.9,0,0,0,769
2022-08-06 21:57:01 UTC,14480,,,798,,,,,
2022-08-06 22:57:01 UTC,14481,32,32,,0,0,0,0,851
2022-08-06 23:57:01 UTC,14482,16,48,,0,0,0,0,851
2022-08-07 00:57:01 UTC,14483,17,65,,0,0,0,0,851
2022-08-07 01:57:01 UTC,14484,2,67,,0,0,0,0,851
2022-08-07 02:57:01 UTC,14485,3,70,,3.9,0,0,0,851
2022-08-07 03:57:01 UTC,14486,4,74,,0,0,1,0,851
2022-08-07 04:57:01 UTC,14487,4,78,,0,0,1,0,851
2022-08-07 05:57:01 UTC,14488,10,88,,0,0,1,0,851
2022-08-07 06:57:01 UTC,14489,15,103,,3.9,0,1,0,851
2022-08-07 07:57:01 UTC,14490,21,124,,0,0,1,0,851
2022-08-07 08:57:01 UTC,14491,25,149,,0,0,1,0,851
2022-08-07 09:57:01 UTC,14492,47,196,,0,0,1,0,851
2022-08-07 10:57:01 UTC,14493,58,254,,0,0,1,0,851
2022-08-07 11:57:01 UTC,14494,30,284,,0,0,1,0,851
2022-08-07 12:57:01 UTC,14495,44,328,,0,0,1,0,851
2022-08-07 13:57:01 UTC,14496,39,367,,0,0,1,0,851
2022-08-07 14:57:01 UTC,14497,43,410,,0,0,1,0,851
2022-08-07 15:57:01 UTC,14498,82,492,,0,0,1,0,851
2022-08-07 16:57:01 UTC,14499,96,588,,0,0,1,0,851
2022-08-07 17:57:01 UTC,14500,132,720,,0,0,1,0,851
2022-08-07 18:57:01 UTC,14501,74,794,,3.9,0,1,0,851
2022-08-07 19:57:01 UTC,14502,53,850,,0,0,1,0,851
2022-08-07 20:57:01 UTC,14503,29,879,,3.9,0,1,0,851
2022-08-07 21:57:01 UTC,14504,,,879,,,,,
2022-08-07 22:57:01 UTC,14505,8,8,,0,0,0,0,913
2022-08-07 23:57:01 UTC,14506,10,18,,0,0,0,0,913
2022-08-08 00:57:01 UTC,14507,9,27,,0,0,0,0,913
2022-08-08 01:57:01 UTC,14508,2,29,,0,0,0,0,913
2022-08-08 02:57:01 UTC,14509,5,34,,3.9,0,0,0,913
2022-08-08 03:57:01 UTC,14510,5,39,,0,0,0,0,913
2022-08-08 04:57:01 UTC,14511,7,46,,0,0,0,0,913
2022-08-08 05:57:01 UTC,14512,17,63,,0,0,0,0,913
2022-08-08 06:57:01 UTC,14513,13,76,,3.9,0,0,0,913
2022-08-08 07:57:01 UTC,14514,11,89,,0,0,0,0,913
2022-08-08 08:57:01 UTC,14515,19,108,,0,0,0,0,913
2022-08-08 09:57:01 UTC,14516,17,125,,0,0,0,0,913
2022-08-08 10:57:01 UTC,14517,37,162,,0,0,0,0,913
2022-08-08 11:57:01 UTC,14518,28,190,,0,0,0,0,913
2022-08-08 12:57:01 UTC,14519,32,222,,0,0,0,0,913
2022-08-08 13:57:01 UTC,14520,25,247,,0,0,0,0,913
2022-08-08 14:57:01 UTC,14521,52,299,,0,0,0,0,913
2022-08-08 15:57:01 UTC,14522,67,366,,0,0,0,0,913
2022-08-08 16:57:01 UTC,14523,105,471,,0,0,0,0,913
2022-08-08 17:57:01 UTC,14524,159,630,,0,0,0,0,913
2022-08-08 18:57:01 UTC,14525,83,713,,3.9,0,0,0,913
2022-08-08 19:57:01 UTC,14526,43,756,,0,0,0,0,913
2022-08-08 20:57:01 UTC,14527,30,786,,3.9,0,0,0,913
2022-08-08 21:57:01 UTC,14528,,,786,,,,,
2022-08-08 22:57:01 UTC,14529,17,17,,0,0,0,0,803
2022-08-08 23:57:01 UTC,14530,14,31,,0,0,0,0,803
2022-08-09 00:57:01 UTC,14531,4,35,,0,0,0,0,803
2022-08-09 01:57:01 UTC,14532,4,39,,0,0,0,0,803
2022-08-09 02:57:01 UTC,14533,5,44,,3.9,0,0,0,803
2022-08-09 03:57:01 UTC,14534,5,49,,0,0,0,0,803
2022-08-09 04:57:01 UTC,14535,12,61,,0,0,0,0,803
2022-08-09 05:57:01 UTC,14536,13,74,,0,0,0,0,803
2022-08-09 06:57:01 UTC,14537,11,85,,3.9,0,0,0,803
2022-08-09 07:57:01 UTC,14538,10,95,,0,0,0,1,803
2022-08-09 08:57:01 UTC,14539,15,110,,0,0,0,1,803
2022-08-09 09:57:01 UTC,14540,22,132,,0,0,0,1,803
2022-08-09 10:57:01 UTC,14541,40,172,,3.9,0,0,1,803
2022-08-09 11:57:01 UTC,14542,35,207,,0,0,0,1,803
2022-08-09 12:57:01 UTC,14543,32,239,,0,0,0,1,803
2022-08-09 13:57:01 UTC,14544,18,257,,0,0,0,1,803
2022-08-09 14:57:01 UTC,14545,11,268,,3.9,0,0,1,803
2022-08-09 15:57:01 UTC,14546,13,281,,0,0,0,1,803
2022-08-09 16:57:01 UTC,14547,34,315,,0,0,0,1,803
2022-08-09 17:57:01 UTC,14548,36,351,,0,0,0,1,803
2022-08-09 18:57:01 UTC,14549,47,398,,3.9,0,0,1,803
2022-08-09 19:57:01 UTC,14550,24,422,,0,0,0,1,803
2022-08-09 20:57:01 UTC,14551,12,434,,3.9,0,0,1,803
2022-08-09 21:57:01 UTC,14552,,,434,,,,,
2022-08-09 22:57:01 UTC,14553,12,12,,0,0,0,0,452
2022-08-09 23:57:01 UTC,14554,10,22,,0,0,0,0,452
2022-08-10 00:57:01 UTC,14555,8,30,,0,0,0,0,452
2022-08-10 01:57:01 UTC,14556,0,30,,0,0,0,0,452
2022-08-10 02:57:01 UTC,14557,2,32,,3.9,0,0,0,452
2022-08-10 03:57:01 UTC,14558,3,40,,0,0,0,0,452
2022-08-10 04:57:01 UTC,14559,13,53,,0,0,0,0,452
2022-08-10 05:57:01 UTC,14560,35,88,,0,0,0,0,452
2022-08-10 06:57:01 UTC,14561,32,120,,3.9,0,0,0,452
2022-08-10 07:57:01 UTC,14562,47,170,,0,0,0,0,452
2022-08-10 08:57:01 UTC,14563,25,195,,0,0,0,0,452
2022-08-10 09:57:01 UTC,14564,37,232,,0,0,0,0,452
2022-08-10 10:57:01 UTC,14565,47,279,,0,0,0,0,452
2022-08-10 11:57:01 UTC,14566,46,325,,0,0,0,0,452
2022-08-10 12:57:01 UTC,14567,28,353,,0,0,0,0,452
2022-08-10 13:57:01 UTC,14568,50,403,,0,0,0,0,452
2022-08-10 14:57:01 UTC,14569,67,470,,0,0,0,0,452
2022-08-10 15:57:01 UTC,14570,89,559,,0,0,0,0,452
2022-08-10 16:57:01 UTC,14571,128,687,,0,0,0,0,452
2022-08-10 17:57:01 UTC,14572,129,816,,0,0,0,0,452
2022-08-10 18:57:01 UTC,14573,65,881,,3.9,0,0,0,452
2022-08-10 19:57:01 UTC,14574,28,910,,0,0,0,0,452
2022-08-10 20:57:01 UTC,14575,21,931,,3.9,0,0,0,452
2022-08-10 21:57:01 UTC,14576,,,931,,,,,
2022-08-10 22:57:01 UTC,14577,16,16,,0,0,0,0,948
2022-08-10 23:57:01 UTC,14578,5,21,,0,0,0,0,948
2022-08-11 00:57:01 UTC,14579,9,30,,0,0,0,0,948
2022-08-11 01:57:01 UTC,14580,0,30,,0,0,0,0,948
2022-08-11 02:57:01 UTC,14581,2,32,,3.9,0,0,0,948
2022-08-11 03:57:01 UTC,14582,2,34,,0,0,0,0,948
2022-08-11 04:57:01 UTC,14583,6,40,,0,0,0,0,948
2022-08-11 05:57:01 UTC,14584,12,52,,0,0,0,0,948
2022-08-11 06:57:01 UTC,14585,20,72,,3.9,0,0,0,948
2022-08-11 07:57:01 UTC,14586,12,85,,0,0,0,0,948
2022-08-11 08:57:01 UTC,14587,13,98,,0,0,0,0,948
2022-08-11 09:57:01 UTC,14588,19,117,,0,0,0,0,948
2022-08-11 10:57:01 UTC,14589,45,162,,3.9,0,0,0,948
2022-08-11 11:57:01 UTC,14590,31,193,,0,0,0,0,948
2022-08-11 12:57:01 UTC,14591,35,228,,0,0,0,0,948
2022-08-11 13:57:01 UTC,14592,44,272,,0,0,0,0,948
2022-08-11 14:57:01 UTC,14593,52,324,,0,0,0,0,948
2022-08-11 15:57:01 UTC,14594,89,413,,0,0,0,0,948
2022-08-11 16:57:01 UTC,14595,102,515,,0,0,0,0,948
2022-08-11 17:57:01 UTC,14596,100,615,,0,0,0,0,948
2022-08-11 18:57:01 UTC,14597,44,659,,3.9,0,0,0,948
2022-08-11 19:57:01 UTC,14598,22,683,,0,0,0,0,948
2022-08-11 20:57:01 UTC,14599,11,694,,3.9,0,0,0,948
2022-08-11 21:57:01 UTC,14600,,,694,,,,,
2022-08-11 22:57:01 UTC,14601,7,7,,0,0,0,0,706
2022-08-11 23:57:01 UTC,14602,10,17,,0,0,0,0,706
2022-08-12 00:57:01 UTC,14603,5,22,,0,0,0,0,706
2022-08-12 01:57:01 UTC,14604,0,22,,0,0,0,0,706
2022-08-12 02:57:01 UTC,14605,2,24,,3.9,0,0,0,706
2022-08-12 03:57:01 UTC,14606,1,26,,0,0,0,0,706
2022-08-12 04:57:01 UTC,14607,14,40,,0,0,0,0,706
2022-08-12 05:57:01 UTC,14608,23,63,,0,0,0,0,706
2022-08-12 06:57:01 UTC,14609,27,90,,3.9,0,0,0,706
2022-08-12 07:57:01 UTC,14610,30,122,,0,0,0,0,706
2022-08-12 08:57:01 UTC,14611,25,147,,0,0,0,0,706
2022-08-12 09:57:01 UTC,14612,30,177,,0,0,0,0,706
2022-08-12 10:57:01 UTC,14613,36,213,,3.9,0,0,0,706
2022-08-12 11:57:01 UTC,14614,33,246,,0,0,0,0,706
2022-08-12 12:57:01 UTC,14615,42,288,,0,0,0,0,706
2022-08-12 13:57:01 UTC,14616,55,343,,0,0,0,0,706
2022-08-12 14:57:01 UTC,14617,53,396,,0,0,0,0,706
2022-08-12 15:57:01 UTC,14618,87,483,,0,0,0,0,706
2022-08-12 16:57:01 UTC,14619,91,574,,0,0,0,0,706
2022-08-12 17:57:01 UTC,14620,79,653,,0,0,0,0,706
2022-08-12 18:57:01 UTC,14621,39,692,,3.9,0,0,0,706
2022-08-12 19:57:01 UTC,14622,34,728,,0,0,0,0,706
2022-08-12 20:57:01 UTC,14623,34,762,,3.9,0,0,0,706
2022-08-12 21:57:01 UTC,14624,,,762,,,,,
