created_at,entry_id,field1,field2,field3,field4,field5,field6,field7,field8
2022-02-01 00:57:01 UTC,10030,0,0,,0,0,0,0,464
2022-02-01 01:57:01 UTC,10031,0,0,,0,0,0,0,464
2022-02-01 02:57:01 UTC,10032,0,0,,0,0,0,0,464
2022-02-01 03:57:01 UTC,10033,4,4,,3.9,0,0,0,464
2022-02-01 04:57:01 UTC,10034,2,8,,0,0,0,0,464
2022-02-01 05:57:01 UTC,10035,11,19,,0,0,0,0,464
2022-02-01 06:57:01 UTC,10036,43,62,,0,0,0,0,464
2022-02-01 07:57:01 UTC,10037,60,122,,3.9,0,0,0,464
2022-02-01 08:57:01 UTC,10038,104,245,,0,0,0,0,464
2022-02-01 09:57:01 UTC,10039,98,343,,0,0,0,0,464
2022-02-01 10:57:01 UTC,10040,78,421,,0,0,0,0,464
2022-02-01 11:57:01 UTC,10041,87,508,,3.9,0,0,0,464
2022-02-01 12:57:01 UTC,10042,99,619,,0,0,0,0,464
2022-02-01 13:57:01 UTC,10043,47,666,,0,0,0,0,464
2022-02-01 14:57:01 UTC,10044,72,738,,0,0,0,0,464
2022-02-01 15:57:01 UTC,10045,62,800,,3.9,0,0,0,464
2022-02-01 16:57:01 UTC,10046,54,861,,0,0,0,0,464
2022-02-01 17:57:01 UTC,10047,27,888,,0,0,0,0,464
2022-02-01 18:57:01 UTC,10048,30,918,,0,0,0,0,464
2022-02-01 19:57:01 UTC,10049,15,933,,3.9,0,0,0,464
2022-02-01 20:57:01 UTC,10050,11,944,,0,0,1,0,464
2022-02-01 21:57:01 UTC,10051,1,945,,3.9,0,1,0,464
2022-02-01 22:57:01 UTC,10052,,,945,,,,,
2022-02-01 23:57:01 UTC,10053,0,0,,0,0,0,0,950
2022-02-02 00:57:01 UTC,10054,0,0,,0,0,0,0,950
2022-02-02 01:57:01 UTC,10055,2,2,,0,0,0,0,950
2022-02-02 02:57:01 UTC,10056,0,2,,0,0,0,0,950
2022-02-02 03:57:01 UTC,10057,0,2,,3.9,0,0,0,950
2022-02-02 04:57:01 UTC,10058,2,5,,0,0,0,0,950
2022-02-02 05:57:01 UTC,10059,8,13,,0,0,0,0,950
2022-02-02 06:57:01 UTC,10060,43,56,,0,0,0,0,950
2022-02-02 07:57:01 UTC,10061,55,111,,3.9,0,0,0,950
2022-02-02 08:57:01 UTC,10062,70,200,,0,0,0,0,950
2022-02-02 09:57:01 UTC,10063,92,292,,0,0,0,0,950
2022-02-02 10:57:01 UTC,10064,102,394,,0,0,0,0,950
2022-02-02 11:57:01 UTC,10065,79,473,,3.9,0,0,0,950
2022-02-02 12:57:01 UTC,10066,87,570,,0,0,0,0,950
2022-02-02 13:57:01 UTC,10067,96,666,,0,0,0,0,950
2022-02-02 14:57:01 UTC,10068,89,755,,0,0,0,0,950
2022-02-02 15:57:01 UTC,10069,59,814,,3.9,0,0,0,950
2022-02-02 16:57:01 UTC,10070,83,903,,0,0,0,0,950
2022-02-02 17:57:01 UTC,10071,45,948,,0,0,0,0,950
2022-02-02 18:57:01 UTC,10072,28,976,,0,0,0,0,950
2022-02-02 19:57:01 UTC,10073,12,988,,3.9,0,0,0,950
2022-02-02 20:57:01 UTC,10074,2,990,,0,0,0,0,950
2022-02-02 21:57:01 UTC,10075,2,992,,3.9,0,0,0,950
2022-02-02 22:57:01 UTC,10076,,,992,,,,,
2022-02-02 23:57:01 UTC,10077,0,0,,0,0,0,0,997
2022-02-03 00:57:01 UTC,10078,0,0,,0,0,0,0,997
2022-02-03 01:57:01 UTC,10079,0,0,,0,0,0,0,997
2022-02-03 02:57:01 UTC,10080,0,0,,0,0,0,0,997
2022-02-03 03:57:01 UTC,10081,1,1,,3.9,0,0,0,997
2022-02-03 04:57:01 UTC,10082,0,1,,0,0,0,0,997
2022-02-03 05:57:01 UTC,10083,5,6,,0,0,0,0,997
2022-02-03 06:57:01 UTC,10084,32,38,,0,0,0,0,997
2022-02-03 07:57:01 UTC,10085,45,83,,3.9,0,0,0,997
2022-02-03 08:57:01 UTC,10086,97,194,,0,0,0,0,997
2022-02-03 09:57:01 UTC,10087,90,284,,0,0,0,0,997
2022-02-03 10:57:01 UTC,10088,122,406,,0,0,0,0,997
2022-02-03 11:57:01 UTC,10089,109,515,,3.9,0,0,0,997
2022-02-03 12:57:01 UTC,10090,110,639,,0,0,0,0,997
2022-02-03 13:57:01 UTC,10091,73,712,,0,0,0,0,997
2022-02-03 14:57:01 UTC,10092,65,777,,0,0,0,0,997
2022-02-03 15:57:01 UTC,10093,69,846,,3.9,0,0,0,997
2022-02-03 16:57:01 UTC,10094,61,916,,0,0,1,1,997
2022-02-03 17:57:01 UTC,10095,60,976,,0,0,1,1,997
2022-02-03 18:57:01 UTC,10096,63,1039,,0,0,1,1,997
2022-02-03 19:57:01 UTC,10097,18,1057,,3.9,0,1,1,997
2022-02-03 20:57:01 UTC,10098,5,1062,,0,0,1,1,997
2022-02-03 21:57:01 UTC,10099,4,1066,,3.9,0,1,1,997
2022-02-03 22:57:01 UTC,10100,,,1066,,,,,
2022-02-03 23:57:01 UTC,10101,1,1,,0,0,0,0,1067
2022-02-04 00:57:01 UTC,10102,0,1,,0,0,0,0,1067
2022-02-04 01:57:01 UTC,10103,1,2,,0,0,0,0,1067
2022-02-04 02:57:01 UTC,10104,0,2,,0,0,0,0,1067
2022-02-04 03:57:01 UTC,10105,0,2,,3.9,0,0,0,1067
2022-02-04 04:57:01 UTC,10106,5,7,,0,0,0,0,1067
2022-02-04 05:57:01 UTC,10107,4,11,,0,0,0,0,1067
2022-02-04 06:57:01 UTC,10108,26,37,,0,0,0,0,1067
2022-02-04 07:57:01 UTC,10109,54,91,,3.9,0,0,0,1067
2022-02-04 08:57:01 UTC,10110,62,163,,0,0,0,0,1067
2022-02-04 09:57:01 UTC,10111,51,214,,0,0,0,0,1067
2022-02-04 10:57:01 UTC,10112,60,274,,0,0,0,0,1067
2022-02-04 11:57:01 UTC,10113,53,327,,3.9,0,0,0,1067
2022-02-04 12:57:01 UTC,10114,44,381,,0,0,0,0,1067
2022-02-04 13:57:01 UTC,10115,33,414,,0,0,0,0,1067
2022-02-04 14:57:01 UTC,10116,36,450,,0,0,0,0,1067
2022-02-04 15:57:01 UTC,10117,49,499,,3.9,0,0,0,1067
2022-02-04 16:57:01 UTC,10118,65,573,,0,0,0,0,1067
2022-02-04 17:57:01 UTC,10119,25,598,,0,0,0,0,1067
2022-02-04 18:57:01 UTC,10120,20,618,,0,0,0,0,1067
2022-02-04 19:57:01 UTC,10121,4,622,,3.9,0,0,0,1067
2022-02-04 20:57:01 UTC,10122,1,625,,0,0,0,0,1067
2022-02-04 21:57:01 UTC,10123,2,627,,3.9,0,0,0,1067
2022-02-04 22:57:01 UTC,10124,,,627,,,,,
2022-02-04 23:57:01 UTC,10125,1,1,,0,0,0,0,629
2022-02-05 00:57:01 UTC,10126,0,1,,0,0,0,0,629
2022-02-05 01:57:01 UTC,10127,0,1,,0,0,0,0,629
2022-02-05 02:57:01 UTC,10128,0,1,,0,0,0,0,629
2022-02-05 03:57:01 UTC,10129,0,1,,3.9,0,0,0,629
2022-02-05 04:57:01 UTC,10130,0,1,,0,0,0,0,629
2022-02-05 05:57:01 UTC,10131,2,3,,0,0,0,0,629
2022-02-05 06:57:01 UTC,10132,25,28,,0,0,0,0,629
2022-02-05 07:57:01 UTC,10133,63,91,,3.9,0,0,0,629
2022-02-05 08:57:01 UTC,10134,135,240,,0,0,0,0,629
2022-02-05 09:57:01 UTC,10135,128,368,,0,0,0,0,629
2022-02-05 10:57:01 UTC,10136,167,535,,0,0,0,0,629
2022-02-05 11:57:01 UTC,10137,133,668,,3.9,0,0,0,629
2022-02-05 12:57:01 UTC,10138,105,789,,0,0,0,0,629
2022-02-05 13:57:01 UTC,10139,93,882,,0,0,0,0,629
2022-02-05 14:57:01 UTC,10140,99,981,,0,0,0,0,629
2022-02-05 15:57:01 UTC,10141,115,1096,,3.9,0,0,0,629
2022-02-05 16:57:01 UTC,10142,90,1210,,0,0,0,0,629
2022-02-05 17:57:01 UTC,10143,32,1242,,0,0,0,0,629
2022-02-05 18:57:01 UTC,10144,17,1259,,0,0,0,0,629
2022-02-05 19:57:01 UTC,10145,3,1262,,3.9,0,0,0,629
2022-02-05 20:57:01 UTC,10146,3,1265,,0,0,0,0,629
2022-02-05 21:57:01 UTC,10147,5,1270,,3.9,0,0,0,629
2022-02-05 22:57:01 UTC,10148,,,1270,,,,,
2022-02-05 23:57:01 UTC,10149,4,4,,0,0,0,0,1277
2022-02-06 00:57:01 UTC,10150,1,5,,0,0,0,0,1277
2022-02-06 01:57:01 UTC,10151,1,6,,0,0,0,0,1277
2022-02-06 02:57:01 UTC,10152,0,6,,0,0,0,0,1277
2022-02-06 03:57:01 UTC,10153,0,6,,3.9,0,0,0,1277
2022-02-06 04:57:01 UTC,10154,1,7,,0,0,0,0,1277
2022-02-06 05:57:01 UTC,10155,2,9,,0,0,0,0,1277
2022-02-06 06:57:01 UTC,10156,13,22,,0,0,0,0,1277
2022-02-06 07:57:01 UTC,10157,62,84,,3.9,0,0,0,1277
2022-02-06 08:57:01 UTC,10158,202,309,,0,0,0,0,1277
2022-02-06 09:57:01 UTC,10159,291,600,,0,0,0,0,1277
2022-02-06 10:57:01 UTC,10160,343,943,,0,0,0,0,1277
2022-02-06 11:57:01 UTC,10161,364,1307,,3.9,0,0,0,1277
2022-02-06 12:57:01 UTC,10162,260,1597,,0,0,0,0,1277
2022-02-06 13:57:01 UTC,10163,209,1806,,0,0,0,0,1277
2022-02-06 14:57:01 UTC,10164,261,2067,,0,0,0,0,1277
2022-02-06 15:57:01 UTC,10165,156,2223,,3.9,0,0,0,1277
2022-02-06 16:57:01 UTC,10166,137,2378,,0,0,1,0,1277
2022-02-06 17:57:01 UTC,10167,41,2419,,0,0,1,0,1277
2022-02-06 18:57:01 UTC,10168,15,2434,,0,0,1,0,1277
2022-02-06 19:57:01 UTC,10169,6,2440,,3.9,0,1,0,1277
2022-02-06 20:57:01 UTC,10170,0,2444,,0,0,1,0,1277
2022-02-06 21:57:01 UTC,10171,0,2444,,3.9,0,1,0,1277
2022-02-06 22:57:01 UTC,10172,,,2444,,,,,
2022-02-06 23:57:01 UTC,10173,0,0,,0,0,0,0,2447
2022-02-07 00:57:01 UTC,10174,0,0,,0,0,0,0,2447
2022-02-07 01:57:01 UTC,10175,0,0,,0,0,0,0,2447
2022-02-07 02:57:01 UTC,10176,0,0,,0,0,0,0,2447
2022-02-07 03:57:01 UTC,10177,2,2,,3.9,0,0,0,2447
2022-02-07 04:57:01 UTC,10178,1,3,,0,0,0,0,2447
2022-02-07 05:57:01 UTC,10179,10,13,,0,0,0,0,2447
2022-02-07 06:57:01 UTC,10180,27,40,,0,0,0,0,2447
2022-02-07 07:57:01 UTC,10181,53,93,,3.9,0,0,0,2447
2022-02-07 08:57:01 UTC,10182,64,172,,0,0,0,0,2447
2022-02-07 09:57:01 UTC,10183,64,236,,0,0,0,0,2447
2022-02-07 10:57:01 UTC,10184,72,308,,0,0,0,0,2447
2022-02-07 11:57:01 UTC,10185,76,384,,3.9,0,0,0,2447
2022-02-07 12:57:01 UTC,10186,73,470,,0,0,0,0,2447
2022-02-07 13:57:01 UTC,10187,90,560,,0,0,0,0,2447
2022-02-07 14:57:01 UTC,10188,40,600,,0,0,0,0,2447
2022-02-07 15:57:01 UTC,10189,42,642,,3.9,0,0,0,2447
2022-02-07 16:57:01 UTC,10190,93,739,,0,0,0,0,2447
2022-02-07 17:57:01 UTC,10191,38,777,,0,0,0,0,2447
2022-02-07 18:57:01 UTC,10192,26,803,,0,0,0,0,2447
2022-02-07 19:57:01 UTC,10193,12,815,,3.9,0,0,0,2447
2022-02-07 20:57:01 UTC,10194,2,818,,0,0,0,0,2447
2022-02-07 21:57:01 UTC,10195,0,818,,3.9,0,0,0,2447
2022-02-07 22:57:01 UTC,10196,,,818,,,,,
2022-02-07 23:57:01 UTC,10197,1,1,,0,0,0,0,818
2022-02-08 00:57:01 UTC,10198,0,1,,0,0,0,0,818
2022-02-08 01:57:01 UTC,10199,0,1,,0,0,0,0,818
2022-02-08 02:57:01 UTC,10200,0,1,,0,0,0,0,818
2022-02-08 03:57:01 UTC,10201,0,1,,3.9,0,0,0,818
2022-02-08 04:57:01 UTC,10202,2,3,,0,0,0,0,818
2022-02-08 05:57:01 UTC,10203,3,6,,0,0,0,0,818
2022-02-08 06:57:01 UTC,10204,41,47,,0,0,0,0,818
2022-02-08 07:57:01 UTC,10205,77,124,,3.9,0,0,0,818
2022-02-08 08:57:01 UTC,10206,100,248,,0,0,0,1,818
2022-02-08 09:57:01 UTC,10207,84,332,,0,0,0,1,818
2022-02-08 10:57:01 UTC,10208,108,440,,0,0,0,1,818
2022-02-08 11:57:01 UTC,10209,80,520,,3.9,0,0,1,818
2022-02-08 12:57:01 UTC,10210,91,614,,0,0,0,1,818
2022-02-08 13:57:01 UTC,10211,70,684,,0,0,0,1,818
2022-02-08 14:57:01 UTC,10212,83,767,,0,0,0,1,818
2022-02-08 15:57:01 UTC,10213,69,836,,3.9,0,0,1,818
2022-02-08 16:57:01 UTC,10214,72,917,,0,0,1,1,818
2022-02-08 17:57:01 UTC,10215,49,966,,0,0,1,1,818
2022-02-08 18:57:01 UTC,10216,30,996,,0,0,1,1,818
2022-02-08 19:57:01 UTC,10217,11,1007,,3.9,0,1,1,818
2022-02-08 20:57:01 UTC,10218,6,1014,,0,0,1,1,818
2022-02-08 21:57:01 UTC,10219,8,1022,,3.9,0,1,1,818
2022-02-08 22:57:01 UTC,10220,,,1022,,,,,
2022-02-08 23:57:01 UTC,10221,0,0,,0,0,0,0,1030
2022-02-09 00:57:01 UTC,10222,2,2,,0,0,0,0,1030
2022-02-09 01:57:01 UTC,10223,0,2,,0,0,0,0,1030
2022-02-09 02:57:01 UTC,10224,0,2,,0,0,0,0,1030
2022-02-09 03:57:01 UTC,10225,0,2,,3.9,0,0,0,1030
2022-02-09 04:57:01 UTC,10226,1,3,,0,0,0,0,1030
2022-02-09 05:57:01 UTC,10227,10,13,,0,0,0,0,1030
2022-02-09 06:57:01 UTC,10228,64,77,,0,0,0,0,1030
2022-02-09 07:57:01 UTC,10229,75,152,,3.9,0,0,0,1030
2022-02-09 08:57:01 UTC,10230,92,266,,0,0,0,0,1030
2022-02-09 09:57:01 UTC,10231,94,360,,0,0,0,0,1030
2022-02-09 10:57:01 UTC,10232,118,478,,0,0,0,0,1030
2022-02-09 11:57:01 UTC,10233,118,596,,3.9,0,0,0,1030
2022-02-09 12:57:01 UTC,10234,96,699,,0,0,0,0,1030
2022-02-09 13:57:01 UTC,10235,105,804,,0,0,0,0,1030
2022-02-09 14:57:01 UTC,10236,78,882,,0,0,0,0,1030
2022-02-09 15:57:01 UTC,10237,87,969,,3.9,0,0,0,1030
2022-02-09 16:57:01 UTC,10238,70,1043,,0,0,1,0,1030
2022-02-09 17:57:01 UTC,10239,37,1080,,0,0,1,0,1030
2022-02-09 18:57:01 UTC,10240,30,1110,,0,0,1,0,1030
2022-02-09 19:57:01 UTC,10241,15,1125,,3.9,0,1,0,1030
2022-02-09 20:57:01 UTC,10242,4,1129,,0,0,1,0,1030
2022-02-09 21:57:01 UTC,10243,1,1130,,3.9,0,1,0,1030
2022-02-09 22:57:01 UTC,10244,,,1130,,,,,
2022-02-09 23:57:01 UTC,10245,0,0,,0,0,0,0,1135
2022-02-10 00:57:01 UTC,10246,0,0,,0,0,0,0,1135
2022-02-10 01:57:01 UTC,10247,2,2,,0,0,0,0,1135
2022-02-10 02:57:01 UTC,10248,0,2,,0,0,0,0,1135
2022-02-10 03:57:01 UTC,10249,0,2,,3.9,0,0,0,1135
2022-02-10 04:57:01 UTC,10250,1,3,,0,0,0,0,1135
2022-02-10 05:57:01 UTC,10251,14,17,,0,0,0,0,1135
2022-02-10 06:57:01 UTC,10252,60,77,,0,0,0,0,1135
2022-02-10 07:57:01 UTC,10253,81,158,,3.9,0,0,0,1135
2022-02-10 08:57:01 UTC,10254,100,268,,0,0,0,0,1135
2022-02-10 09:57:01 UTC,10255,90,358,,0,0,0,0,1135
2022-02-10 10:57:01 UTC,10256,109,467,,0,0,0,0,1135
2022-02-10 11:57:01 UTC,10257,98,565,,3.9,0,0,0,1135
2022-02-10 12:57:01 UTC,10258,95,674,,0,0,1,0,1135
2022-02-10 13:57:01 UTC,10259,98,772,,0,0,1,0,1135
2022-02-10 14:57:01 UTC,10260,88,860,,0,0,1,0,1135
2022-02-10 15:57:01 UTC,10261,80,940,,3.9,0,1,0,1135
2022-02-10 16:57:01 UTC,10262,86,1033,,0,0,1,0,1135
2022-02-10 17:57:01 UTC,10263,44,1077,,0,0,1,0,1135
2022-02-10 18:57:01 UTC,10264,20,1097,,0,0,1,0,1135
2022-02-10 19:57:01 UTC,10265,13,1110,,3.9,0,1,0,1135
2022-02-10 20:57:01 UTC,10266,6,1117,,0,0,1,0,1135
2022-02-10 21:57:01 UTC,10267,1,1118,,3.9,0,1,0,1135
2022-02-10 22:57:01 UTC,10268,,,1118,,,,,
