created_at,entry_id,field1,field2,field3,field4,field5,field6,field7,field8
2022-12-01 00:57:01 UTC,17256,0,0,,0,0,0,0,823
2022-12-01 01:57:01 UTC,17257,0,0,,0,0,0,0,823
2022-12-01 02:57:01 UTC,17258,0,0,,0,0,0,0,823
2022-12-01 03:57:01 UTC,17259,0,0,,3.9,0,0,0,823
2022-12-01 04:57:01 UTC,17260,0,0,,0,0,0,0,823
2022-12-01 05:57:01 UTC,17261,8,8,,0,0,0,0,823
2022-12-01 06:57:01 UTC,17262,49,57,,0,0,0,0,823
2022-12-01 07:57:01 UTC,17263,74,131,,3.9,0,0,0,823
2022-12-01 08:57:01 UTC,17264,71,209,,0,0,1,0,823
2022-12-01 09:57:01 UTC,17265,68,277,,0,0,1,0,823
2022-12-01 10:57:01 UTC,17266,90,367,,0,0,1,0,823
2022-12-01 11:57:01 UTC,17267,67,434,,0,0,1,0,823
2022-12-01 12:57:01 UTC,17268,96,530,,0,0,1,0,823
2022-12-01 13:57:01 UTC,17269,79,609,,0,0,1,0,823
2022-12-01 14:57:01 UTC,17270,58,667,,0,0,1,0,823
2022-12-01 15:57:01 UTC,17271,64,731,,0,0,1,0,823
2022-12-01 16:57:01 UTC,17272,44,775,,0,0,2,0,823
2022-12-01 17:57:01 UTC,17273,28,803,,0,0,2,0,823
2022-12-01 18:57:01 UTC,17274,33,836,,0,0,2,0,823
2022-12-01 19:57:01 UTC,17275,15,851,,3.9,0,2,0,823
2022-12-01 20:57:01 UTC,17276,5,856,,0,0,3,0,823
2022-12-01 21:57:01 UTC,17277,3,859,,3.9,0,3,0,823
2022-12-01 22:57:01 UTC,17278,,,859,,,,,
2022-12-01 23:57:01 UTC,17279,0,0,,0,0,0,0,859
2022-12-02 00:57:01 UTC,17280,2,2,,0,0,0,0,859
2022-12-02 01:57:01 UTC,17281,0,2,,0,0,0,0,859
2022-12-02 02:57:01 UTC,17282,0,2,,0,0,0,0,859
2022-12-02 03:57:01 UTC,17283,5,7,,3.9,0,0,0,859
2022-12-02 04:57:01 UTC,17284,1,8,,0,0,0,0,859
2022-12-02 05:57:01 UTC,17285,8,16,,0,0,0,0,859
2022-12-02 06:57:01 UTC,17286,38,54,,0,0,0,0,859
2022-12-02 07:57:01 UTC,17287,55,109,,3.9,0,0,0,859
2022-12-02 08:57:01 UTC,17288,62,171,,0,0,1,0,859
2022-12-02 09:57:01 UTC,17289,59,230,,0,0,1,0,859
2022-12-02 10:57:01 UTC,17290,51,281,,0,0,1,0,859
2022-12-02 11:57:01 UTC,17291,50,331,,3.9,0,1,0,859
2022-12-02 12:57:01 UTC,17292,39,370,,0,0,1,0,859
2022-12-02 13:57:01 UTC,17293,18,388,,0,0,1,0,859
2022-12-02 14:57:01 UTC,17294,9,397,,0,0,1,0,859
2022-12-02 15:57:01 UTC,17295,17,414,,3.9,0,1,0,859
2022-12-02 16:57:01 UTC,17296,9,423,,0,0,1,0,859
2022-12-02 17:57:01 UTC,17297,6,429,,0,0,1,0,859
2022-12-02 18:57:01 UTC,17298,9,438,,0,0,1,0,859
2022-12-02 19:57:01 UTC,17299,6,444,,3.9,0,1,0,859
2022-12-02 20:57:01 UTC,17300,2,446,,0,0,1,0,859
2022-12-02 21:57:01 UTC,17301,1,447,,3.9,0,1,0,859
2022-12-02 22:57:01 UTC,17302,,,447,,,,,
2022-12-03 22:57:01 UTC,17303,,,0,,,,,
2022-12-04 22:57:01 UTC,17304,,,0,,,,,
2022-12-04 23:57:01 UTC,17305,2,2,,0,0,0,0,25564
2022-12-05 00:57:01 UTC,17306,0,2,,0,0,0,0,25564
2022-12-05 01:57:01 UTC,17307,0,2,,0,0,0,0,25564
2022-12-05 02:57:01 UTC,17308,0,2,,0,0,0,0,25564
2022-12-05 03:57:01 UTC,17309,3,5,,3.8,0,0,0,25564
2022-12-05 04:57:01 UTC,17310,1,6,,0,0,0,0,25564
2022-12-05 05:57:01 UTC,17311,2,8,,0,0,0,0,25564
2022-12-05 06:57:01 UTC,17312,34,42,,0,0,0,0,25564
2022-12-05 07:57:01 UTC,17313,67,109,,3.7,0,0,0,25564
2022-12-05 08:57:01 UTC,17314,76,185,,0,0,0,0,25564
2022-12-05 09:57:01 UTC,17315,70,255,,0,0,0,0,25564
2022-12-05 10:57:01 UTC,17316,60,315,,0,0,0,0,25564
2022-12-05 11:57:01 UTC,17317,42,357,,0,0,0,0,25564
2022-12-05 12:57:01 UTC,17318,59,416,,0,0,0,0,25564
2022-12-05 13:57:01 UTC,17319,45,461,,0,0,0,0,25564
2022-12-05 14:57:01 UTC,17320,47,508,,0,0,0,0,25564
2022-12-05 15:57:01 UTC,17321,56,564,,0,0,0,0,25564
2022-12-05 16:57:01 UTC,17322,37,601,,0,0,0,0,25564
2022-12-05 17:57:01 UTC,17323,24,625,,0,0,0,0,25564
2022-12-05 18:57:01 UTC,17324,29,654,,0,0,0,0,25564
2022-12-05 19:57:01 UTC,17325,10,664,,0,0,0,0,25564
2022-12-05 20:57:01 UTC,17326,4,668,,0,0,0,0,25564
2022-12-05 21:57:01 UTC,17327,0,668,,3.9,0,0,0,25564
2022-12-05 22:57:01 UTC,17328,,,668,,,,,
2022-12-05 23:57:01 UTC,17329,0,0,,0,0,0,0,668
2022-12-06 00:57:01 UTC,17330,0,0,,0,0,0,0,668
2022-12-06 01:57:01 UTC,17331,0,0,,0,0,0,0,668
2022-12-06 02:57:01 UTC,17332,0,0,,0,0,0,0,668
2022-12-06 03:57:01 UTC,17333,0,0,,3.9,0,0,0,668
2022-12-06 04:57:01 UTC,17334,0,0,,0,0,0,1,668
2022-12-06 05:57:01 UTC,17335,8,8,,0,0,0,1,668
2022-12-06 06:57:01 UTC,17336,67,75,,0,0,0,1,668
2022-12-06 07:57:01 UTC,17337,83,158,,0,0,0,1,668
2022-12-06 08:57:01 UTC,17338,79,237,,0,0,0,1,668
2022-12-06 09:57:01 UTC,17339,55,292,,0,0,0,1,668
2022-12-06 10:57:01 UTC,17340,64,356,,0,0,0,1,668
2022-12-06 11:57:01 UTC,17341,63,419,,0,0,0,1,668
2022-12-06 12:57:01 UTC,17342,58,477,,0,0,0,1,668
2022-12-06 13:57:01 UTC,17343,40,517,,0,0,0,1,668
2022-12-06 14:57:01 UTC,17344,41,558,,0,0,0,1,668
2022-12-06 15:57:01 UTC,17345,66,624,,0,0,0,1,668
2022-12-06 16:57:01 UTC,17346,34,658,,0,0,0,1,668
2022-12-06 17:57:01 UTC,17347,20,678,,0,0,0,1,668
2022-12-06 18:57:01 UTC,17348,19,697,,0,0,0,1,668
2022-12-06 19:57:01 UTC,17349,12,709,,0,0,0,1,668
2022-12-06 20:57:01 UTC,17350,5,714,,0,0,0,1,668
2022-12-06 21:57:01 UTC,17351,0,714,,3.9,0,0,1,668
2022-12-06 22:57:01 UTC,17352,,,714,,,,,
2022-12-06 23:57:01 UTC,17353,3,3,,0,0,0,0,717
2022-12-07 00:57:01 UTC,17354,0,3,,0,0,0,0,717
2022-12-07 01:57:01 UTC,17355,1,4,,0,0,0,0,717
2022-12-07 02:57:01 UTC,17356,0,4,,0,0,0,0,717
2022-12-07 03:57:01 UTC,17357,6,10,,3.9,0,0,0,717
2022-12-07 04:57:01 UTC,17358,3,13,,0,0,0,0,717
2022-12-07 05:57:01 UTC,17359,9,22,,0,0,0,0,717
2022-12-07 06:57:01 UTC,17360,59,81,,0,0,0,0,717
2022-12-07 07:57:01 UTC,17361,72,153,,3.9,0,0,0,717
2022-12-07 08:57:01 UTC,17362,85,239,,0,0,0,0,717
2022-12-07 09:57:01 UTC,17363,77,316,,0,0,0,0,717
2022-12-07 10:57:01 UTC,17364,92,408,,0,0,0,0,717
2022-12-07 11:57:01 UTC,17365,50,458,,0,0,0,0,717
2022-12-07 12:57:01 UTC,17366,49,507,,0,0,0,0,717
2022-12-07 13:57:01 UTC,17367,49,556,,0,0,0,0,717
2022-12-07 14:57:01 UTC,17368,58,614,,0,0,0,0,717
2022-12-07 15:57:01 UTC,17369,66,680,,0,0,0,0,717
2022-12-07 16:57:01 UTC,17370,32,712,,0,0,1,0,717
2022-12-07 17:57:01 UTC,17371,39,751,,0,0,1,0,717
2022-12-07 18:57:01 UTC,17372,23,774,,0,0,1,0,717
2022-12-07 19:57:01 UTC,17373,10,784,,0,0,1,0,717
2022-12-07 20:57:01 UTC,17374,6,790,,0,0,1,0,717
2022-12-07 21:57:01 UTC,17375,2,792,,3.9,0,1,0,717
2022-12-07 22:57:01 UTC,17376,,,792,,,,,
2022-12-07 23:57:01 UTC,17377,1,1,,0,0,0,0,793
2022-12-08 00:57:01 UTC,17378,0,1,,0,0,0,0,793
2022-12-08 01:57:01 UTC,17379,0,1,,0,0,0,0,793
2022-12-08 02:57:01 UTC,17380,0,1,,0,0,0,0,793
2022-12-08 03:57:01 UTC,17381,3,4,,0,0,0,0,793
2022-12-08 04:57:01 UTC,17382,0,4,,0,0,0,0,793
2022-12-08 05:57:01 UTC,17383,4,8,,0,0,0,0,793
2022-12-08 06:57:01 UTC,17384,41,49,,0,0,0,0,793
2022-12-08 07:57:01 UTC,17385,88,137,,3.9,0,0,0,793
2022-12-08 08:57:01 UTC,17386,132,271,,0,0,0,0,793
2022-12-08 09:57:01 UTC,17387,161,432,,0,0,0,0,793
2022-12-08 10:57:01 UTC,17388,195,627,,0,0,0,0,793
2022-12-08 11:57:01 UTC,17389,109,736,,0,0,0,0,793
2022-12-08 12:57:01 UTC,17390,77,813,,0,0,0,0,793
2022-12-08 13:57:01 UTC,17391,61,874,,0,0,0,0,793
2022-12-08 14:57:01 UTC,17392,93,967,,0,0,0,0,793
2022-12-08 15:57:01 UTC,17393,103,1070,,0,0,0,0,793
2022-12-08 16:57:01 UTC,17394,42,1112,,0,0,0,0,793
2022-12-08 17:57:01 UTC,17395,30,1142,,0,0,0,0,793
2022-12-08 18:57:01 UTC,17396,26,1168,,0,0,0,0,793
2022-12-08 19:57:01 UTC,17397,13,1181,,3.9,0,0,0,793
2022-12-08 20:57:01 UTC,17398,5,1186,,0,0,0,0,793
2022-12-08 21:57:01 UTC,17399,1,1187,,3.8,0,0,0,793
2022-12-08 22:57:01 UTC,17400,,,1187,,,,,
2022-12-08 23:57:01 UTC,17401,1,1,,0,0,0,0,1187
2022-12-09 00:57:01 UTC,17402,0,1,,0,0,0,0,1187
2022-12-09 01:57:01 UTC,17403,0,1,,0,0,0,0,1187
2022-12-09 02:57:01 UTC,17404,0,1,,0,0,0,0,1187
2022-12-09 03:57:01 UTC,17405,4,5,,0,0,0,0,1187
2022-12-09 04:57:01 UTC,17406,1,6,,0,0,0,0,1187
2022-12-09 05:57:01 UTC,17407,3,9,,0,0,0,0,1187
2022-12-09 06:57:01 UTC,17408,32,41,,0,0,0,0,1187
2022-12-09 07:57:01 UTC,17409,60,101,,0,0,0,0,1187
2022-12-09 08:57:01 UTC,17410,73,174,,0,0,0,0,1187
2022-12-09 09:57:01 UTC,17411,53,227,,0,0,0,0,1187
2022-12-09 10:57:01 UTC,17412,44,271,,0,0,0,0,1187
2022-12-09 11:57:01 UTC,17413,48,319,,0,0,0,0,1187
2022-12-09 12:57:01 UTC,17414,17,336,,0,0,0,0,1187
2022-12-09 13:57:01 UTC,17415,10,346,,0,0,0,0,1187
2022-12-09 14:57:01 UTC,17416,12,358,,0,0,0,0,1187
2022-12-09 15:57:01 UTC,17417,24,382,,0,0,0,0,1187
2022-12-09 16:57:01 UTC,17418,17,399,,0,0,0,0,1187
2022-12-09 17:57:01 UTC,17419,2,401,,0,0,0,0,1187
2022-12-09 18:57:01 UTC,17420,6,407,,0,0,0,0,1187
2022-12-09 19:57:01 UTC,17421,4,411,,0,0,0,0,1187
2022-12-09 20:57:01 UTC,17422,0,411,,0,0,0,0,1187
2022-12-09 21:57:01 UTC,17423,0,411,,0,0,0,0,1187
2022-12-09 22:57:01 UTC,17424,,,411,,,,,
2022-12-09 23:57:01 UTC,17425,0,0,,0,0,0,0,411
2022-12-10 00:57:01 UTC,17426,4,4,,0,0,0,0,411
2022-12-10 01:57:01 UTC,17427,1,5,,0,0,0,0,411
2022-12-10 02:57:01 UTC,17428,3,8,,0,0,0,0,411
2022-12-10 03:57:01 UTC,17429,0,8,,0,0,0,0,411
2022-12-10 04:57:01 UTC,17430,0,8,,0,0,0,1,411
2022-12-10 05:57:01 UTC,17431,1,9,,0,0,0,1,411
2022-12-10 06:57:01 UTC,17432,13,22,,0,0,0,1,411
2022-12-10 07:57:01 UTC,17433,6,28,,0,0,0,1,411
2022-12-10 08:57:01 UTC,17434,4,32,,0,0,0,1,411
2022-12-10 09:57:01 UTC,17435,10,42,,0,0,0,1,411
2022-12-10 10:57:01 UTC,17436,32,74,,0,0,0,1,411
2022-12-10 11:57:01 UTC,17437,39,113,,0,0,0,1,411
2022-12-10 12:57:01 UTC,17438,14,127,,0,0,0,1,411
2022-12-10 13:57:01 UTC,17439,20,147,,0,0,0,1,411
2022-12-10 14:57:01 UTC,17440,39,186,,0,0,0,1,411
2022-12-10 15:57:01 UTC,17441,33,219,,0,0,0,1,411
2022-12-10 16:57:01 UTC,17442,6,225,,0,0,0,1,411
2022-12-10 17:57:01 UTC,17443,6,231,,0,0,0,1,411
2022-12-10 18:57:01 UTC,17444,1,232,,0,0,0,1,411
2022-12-10 19:57:01 UTC,17445,4,236,,0,0,0,1,411
2022-12-10 20:57:01 UTC,17446,14,250,,0,0,0,1,411
2022-12-10 21:57:01 UTC,17447,0,250,,3.9,0,0,1,411
2022-12-10 22:57:01 UTC,17448,,,250,,,,,
2022-12-10 23:57:01 UTC,17449,0,0,,0,0,0,0,254
2022-12-11 00:57:01 UTC,17450,0,0,,0,0,0,0,254
2022-12-11 01:57:01 UTC,17451,0,0,,0,0,0,0,254
2022-12-11 02:57:01 UTC,17452,0,0,,0,0,0,0,254
2022-12-11 03:57:01 UTC,17453,1,1,,0,0,0,0,254
2022-12-11 04:57:01 UTC,17454,0,1,,0,0,0,0,254
2022-12-11 05:57:01 UTC,17455,3,4,,0,0,0,0,254
2022-12-11 06:57:01 UTC,17456,19,23,,0,0,0,0,254
2022-12-11 07:57:01 UTC,17457,47,70,,3.9,0,0,0,254
2022-12-11 08:57:01 UTC,17458,126,196,,0,0,0,0,254
2022-12-11 09:57:01 UTC,17459,127,323,,0,0,0,0,254
2022-12-11 10:57:01 UTC,17460,165,488,,0,0,0,0,254
2022-12-11 11:57:01 UTC,17461,112,600,,0,0,0,0,254
2022-12-11 12:57:01 UTC,17462,72,672,,0,0,0,0,254
2022-12-11 13:57:01 UTC,17463,49,721,,0,0,0,0,254
2022-12-11 14:57:01 UTC,17464,54,775,,0,0,0,0,254
2022-12-11 15:57:01 UTC,17465,51,826,,0,0,0,0,254
2022-12-11 16:57:01 UTC,17466,22,848,,0,0,0,0,254
2022-12-11 17:57:01 UTC,17467,5,853,,0,0,0,0,254
2022-12-11 18:57:01 UTC,17468,3,856,,0,0,0,0,254
2022-12-11 19:57:01 UTC,17469,2,858,,3.9,0,0,0,254
2022-12-11 20:57:01 UTC,17470,0,858,,0,0,0,0,254
2022-12-11 21:57:01 UTC,17471,0,858,,3.9,0,0,0,254
2022-12-11 22:57:01 UTC,17472,,,858,,,,,
2022-12-11 23:57:01 UTC,17473,0,0,,0,0,0,0,858
2022-12-12 00:57:01 UTC,17474,1,1,,0,0,0,0,858
2022-12-12 01:57:01 UTC,17475,3,4,,0,0,0,0,858
2022-12-12 02:57:01 UTC,17476,0,4,,0,0,0,0,858
2022-12-12 03:57:01 UTC,17477,3,7,,3.9,0,0,0,858
2022-12-12 04:57:01 UTC,17478,0,7,,0,0,0,0,858
2022-12-12 05:57:01 UTC,17479,1,8,,0,0,0,0,858
2022-12-12 06:57:01 UTC,17480,26,34,,0,0,0,0,858
2022-12-12 07:57:01 UTC,17481,44,78,,3.9,0,0,0,858
2022-12-12 08:57:01 UTC,17482,50,129,,0,0,0,0,858
2022-12-12 09:57:01 UTC,17483,68,197,,0,0,0,0,858
2022-12-12 10:57:01 UTC,17484,55,252,,0,0,0,0,858
2022-12-12 11:57:01 UTC,17485,45,297,,0,0,0,0,858
2022-12-12 12:57:01 UTC,17486,56,353,,0,0,0,0,858
2022-12-12 13:57:01 UTC,17487,47,400,,0,0,0,0,858
2022-12-12 14:57:01 UTC,17488,41,441,,0,0,0,0,858
2022-12-12 15:57:01 UTC,17489,33,474,,0,0,0,0,858
2022-12-12 16:57:01 UTC,17490,20,494,,0,0,1,0,858
2022-12-12 17:57:01 UTC,17491,14,508,,0,0,1,0,858
2022-12-12 18:57:01 UTC,17492,14,522,,0,0,1,0,858
2022-12-12 19:57:01 UTC,17493,6,528,,3.9,0,1,0,858
2022-12-12 20:57:01 UTC,17494,2,530,,0,0,1,0,858
2022-12-12 21:57:01 UTC,17495,0,530,,3.9,0,1,0,858
2022-12-12 22:57:01 UTC,17496,,,530,,,,,
2022-12-12 23:57:01 UTC,17497,0,0,,0,0,0,0,533
2022-12-13 00:57:01 UTC,17498,0,0,,0,0,0,0,533
2022-12-13 01:57:01 UTC,17499,0,0,,0,0,0,0,533
2022-12-13 02:57:01 UTC,17500,0,0,,0,0,0,0,533
2022-12-13 03:57:01 UTC,17501,1,1,,3.9,0,0,0,533
2022-12-13 04:57:01 UTC,17502,3,4,,0,0,0,0,533
2022-12-13 05:57:01 UTC,17503,0,4,,0,0,0,0,533
2022-12-13 06:57:01 UTC,17504,3,7,,0,0,0,0,533
2022-12-13 07:57:01 UTC,17505,11,18,,3.9,0,0,0,533
2022-12-13 08:57:01 UTC,17506,15,33,,0,0,1,0,533
2022-12-13 09:57:01 UTC,17507,12,45,,0,0,1,0,533
2022-12-13 10:57:01 UTC,17508,13,58,,0,0,1,0,533
2022-12-13 11:57:01 UTC,17509,13,71,,3.9,0,1,0,533
2022-12-13 12:57:01 UTC,17510,17,88,,0,0,1,0,533
2022-12-13 13:57:01 UTC,17511,13,101,,0,0,1,0,533
2022-12-13 14:57:01 UTC,17512,16,117,,0,0,1,0,533
2022-12-13 15:57:01 UTC,17513,29,146,,3.9,0,1,0,533
2022-12-13 16:57:01 UTC,17514,14,160,,0,0,1,0,533
2022-12-13 17:57:01 UTC,17515,17,177,,0,0,1,0,533
2022-12-13 18:57:01 UTC,17516,7,184,,0,0,1,0,533
2022-12-13 19:57:01 UTC,17517,3,187,,3.9,0,1,0,533
2022-12-13 20:57:01 UTC,17518,5,192,,0,0,1,0,533
2022-12-13 21:57:01 UTC,17519,1,193,,3.9,0,1,0,533
2022-12-13 22:57:01 UTC,17520,,,193,,,,,
2022-12-13 23:57:01 UTC,17521,3,3,,0,0,0,0,195
2022-12-14 00:57:01 UTC,17522,1,4,,0,0,0,0,195
2022-12-14 01:57:01 UTC,17523,1,5,,0,0,0,0,195
2022-12-14 02:57:01 UTC,17524,2,7,,0,0,0,0,195
2022-12-14 03:57:01 UTC,17525,3,10,,3.9,0,0,0,195
2022-12-14 04:57:01 UTC,17526,0,10,,0,0,0,0,195
2022-12-14 05:57:01 UTC,17527,3,13,,0,0,0,0,195
2022-12-14 06:57:01 UTC,17528,5,18,,0,0,0,0,195
2022-12-14 07:57:01 UTC,17529,6,24,,3.7,0,0,0,195
2022-12-14 08:57:01 UTC,17530,119,143,,0,0,0,0,195
2022-12-14 09:57:01 UTC,17531,1515,1658,,0,0,0,0,195
2022-12-14 10:57:01 UTC,17532,1531,3189,,0,0,0,0,195
2022-12-14 11:57:01 UTC,17533,1497,4686,,3.9,0,0,0,195
2022-12-14 12:57:01 UTC,17534,1579,6286,,0,0,0,0,195
2022-12-14 13:57:01 UTC,17535,1577,7863,,0,0,0,0,195
2022-12-14 14:57:01 UTC,17536,1579,9442,,0,0,0,0,195
2022-12-14 15:57:01 UTC,17537,1525,10967,,3.8,0,0,0,195
2022-12-14 16:57:01 UTC,17538,1579,12576,,0,0,0,0,195
2022-12-14 17:57:01 UTC,17539,1579,14155,,0,0,0,0,195
2022-12-14 18:57:01 UTC,17540,1579,15734,,0,0,0,0,195
2022-12-14 19:57:01 UTC,17541,479,16213,,3.8,0,0,0,195
2022-12-14 20:57:01 UTC,17542,1,16214,,0,0,0,0,195
2022-12-14 21:57:01 UTC,17543,0,16214,,3.8,0,0,0,195
2022-12-14 22:57:01 UTC,17544,,,16214,,,,,
