created_at,entry_id,field1,field2,field3,field4,field5,field6,field7,field8
2022-10-01 00:57:01 UTC,15800,0,1,,0,0,0,0,1007
2022-10-01 01:57:01 UTC,15801,0,1,,0,0,0,0,1007
2022-10-01 02:57:01 UTC,15802,1,2,,3.9,0,0,0,1007
2022-10-01 03:57:01 UTC,15803,1,3,,0,0,0,0,1007
2022-10-01 04:57:01 UTC,15804,3,6,,0,0,0,0,1007
2022-10-01 05:57:01 UTC,15805,37,43,,0,0,0,0,1007
2022-10-01 06:57:01 UTC,15806,105,148,,3.9,0,0,0,1007
2022-10-01 07:57:01 UTC,15807,123,288,,0,0,0,0,1007
2022-10-01 08:57:01 UTC,15808,180,468,,0,0,0,0,1007
2022-10-01 09:57:01 UTC,15809,162,630,,0,0,0,0,1007
2022-10-01 10:57:01 UTC,15810,176,806,,3.9,0,0,0,1007
2022-10-01 11:57:01 UTC,15811,147,962,,0,0,1,0,1007
2022-10-01 12:57:01 UTC,15812,116,1078,,0,0,1,0,1007
2022-10-01 13:57:01 UTC,15813,104,1182,,0,0,1,0,1007
2022-10-01 14:57:01 UTC,15814,124,1306,,3.9,0,1,0,1007
2022-10-01 15:57:01 UTC,15815,115,1427,,0,0,1,0,1007
2022-10-01 16:57:01 UTC,15816,81,1508,,0,0,1,0,1007
2022-10-01 17:57:01 UTC,15817,32,1540,,0,0,1,0,1007
2022-10-01 18:57:01 UTC,15818,7,1547,,3.9,0,1,0,1007
2022-10-01 19:57:01 UTC,15819,6,1553,,0,0,1,0,1007
2022-10-01 20:57:01 UTC,15820,3,1556,,3.9,0,1,0,1007
2022-10-01 21:57:01 UTC,15821,,,1556,,,,,
2022-10-01 22:57:01 UTC,15822,4,4,,0,0,0,0,1559
2022-10-01 23:57:01 UTC,15823,2,6,,0,0,0,0,1559
2022-10-02 00:57:01 UTC,15824,5,11,,0,0,0,0,1559
2022-10-02 01:57:01 UTC,15825,1,12,,0,0,0,0,1559
2022-10-02 02:57:01 UTC,15826,2,14,,3.9,0,0,0,1559
2022-10-02 03:57:01 UTC,15827,0,14,,0,0,0,0,1559
2022-10-02 04:57:01 UTC,15828,6,20,,0,0,0,0,1559
2022-10-02 05:57:01 UTC,15829,40,60,,0,0,0,0,1559
2022-10-02 06:57:01 UTC,15830,110,170,,3.9,0,0,0,1559
2022-10-02 07:57:01 UTC,15831,208,408,,0,0,0,0,1559
2022-10-02 08:57:01 UTC,15832,278,686,,0,0,0,0,1559
2022-10-02 09:57:01 UTC,15833,310,996,,0,0,0,0,1559
2022-10-02 10:57:01 UTC,15834,380,1376,,3.9,0,0,0,1559
2022-10-02 11:57:01 UTC,15835,219,1605,,0,0,0,0,1559
2022-10-02 12:57:01 UTC,15836,160,1765,,0,0,0,0,1559
2022-10-02 13:57:01 UTC,15837,185,1950,,0,0,0,0,1559
2022-10-02 14:57:01 UTC,15838,219,2169,,3.9,0,0,0,1559
2022-10-02 15:57:01 UTC,15839,189,2359,,0,0,0,0,1559
2022-10-02 16:57:01 UTC,15840,131,2490,,0,0,0,0,1559
2022-10-02 17:57:01 UTC,15841,50,2540,,0,0,0,0,1559
2022-10-02 18:57:01 UTC,15842,14,2554,,3.9,0,0,0,1559
2022-10-02 19:57:01 UTC,15843,10,2564,,0,0,0,0,1559
2022-10-02 20:57:01 UTC,15844,8,2572,,3.9,0,0,0,1559
2022-10-02 21:57:01 UTC,15845,,,2572,,,,,
2022-10-02 22:57:01 UTC,15846,1,1,,0,0,0,0,2574
2022-10-02 23:57:01 UTC,15847,5,6,,0,0,0,0,2574
2022-10-03 00:57:01 UTC,15848,1,7,,0,0,0,0,2574
2022-10-03 01:57:01 UTC,15849,0,7,,0,0,0,0,2574
2022-10-03 02:57:01 UTC,15850,0,7,,3.9,0,0,0,2574
2022-10-03 03:57:01 UTC,15851,0,7,,0,0,0,0,2574
2022-10-03 04:57:01 UTC,15852,16,23,,0,0,0,0,2574
2022-10-03 05:57:01 UTC,15853,53,76,,0,0,0,0,2574
2022-10-03 06:57:01 UTC,15854,77,153,,3.9,0,0,0,2574
2022-10-03 07:57:01 UTC,15855,117,283,,0,0,0,0,2574
2022-10-03 08:57:01 UTC,15856,92,375,,0,0,0,0,2574
2022-10-03 09:57:01 UTC,15857,111,486,,0,0,0,0,2574
2022-10-03 10:57:01 UTC,15858,132,618,,3.9,0,0,0,2574
2022-10-03 11:57:01 UTC,15859,99,725,,0,0,1,0,2574
2022-10-03 12:57:01 UTC,15860,95,820,,0,0,1,0,2574
2022-10-03 13:57:01 UTC,15861,77,897,,0,0,1,0,2574
2022-10-03 14:57:01 UTC,15862,114,1011,,3.9,0,1,0,2574
2022-10-03 15:57:01 UTC,15863,102,1113,,0,0,1,0,2574
2022-10-03 16:57:01 UTC,15864,110,1223,,0,0,1,0,2574
2022-10-03 17:57:01 UTC,15865,54,1277,,0,0,1,0,2574
2022-10-03 18:57:01 UTC,15866,13,1290,,3.9,0,1,0,2574
2022-10-03 19:57:01 UTC,15867,1,1291,,0,0,1,0,2574
2022-10-03 20:57:01 UTC,15868,3,1294,,3.9,0,1,0,2574
2022-10-03 21:57:01 UTC,15869,,,1294,,,,,
2022-10-03 22:57:01 UTC,15870,1,1,,0,0,0,0,1295
2022-10-03 23:57:01 UTC,15871,0,1,,0,0,0,0,1295
2022-10-04 00:57:01 UTC,15872,0,1,,0,0,0,0,1295
2022-10-04 01:57:01 UTC,15873,0,1,,0,0,0,0,1295
2022-10-04 02:57:01 UTC,15874,4,5,,3.9,0,0,0,1295
2022-10-04 03:57:01 UTC,15875,0,11,,0,0,0,0,1295
2022-10-04 04:57:01 UTC,15876,20,31,,0,0,0,0,1295
2022-10-04 05:57:01 UTC,15877,63,94,,0,0,0,0,1295
2022-10-04 06:57:01 UTC,15878,83,177,,3.9,0,0,0,1295
2022-10-04 07:57:01 UTC,15879,111,300,,0,0,0,0,1295
2022-10-04 08:57:01 UTC,15880,84,384,,0,0,0,0,1295
2022-10-04 09:57:01 UTC,15881,96,480,,0,0,0,0,1295
2022-10-04 10:57:01 UTC,15882,96,576,,3.9,0,0,0,1295
2022-10-04 11:57:01 UTC,15883,89,671,,0,0,0,0,1295
2022-10-04 12:57:01 UTC,15884,74,745,,0,0,0,0,1295
2022-10-04 13:57:01 UTC,15885,81,826,,0,0,0,0,1295
2022-10-04 14:57:01 UTC,15886,94,920,,3.9,0,0,0,1295
2022-10-04 15:57:01 UTC,15887,89,1012,,0,0,0,0,1295
2022-10-04 16:57:01 UTC,15888,104,1116,,0,0,0,0,1295
2022-10-04 17:57:01 UTC,15889,60,1176,,0,0,0,0,1295
2022-10-04 18:57:01 UTC,15890,13,1189,,3.9,0,0,0,1295
2022-10-04 19:57:01 UTC,15891,5,1195,,0,0,0,0,1295
2022-10-04 20:57:01 UTC,15892,8,1203,,3.9,0,0,0,1295
2022-10-04 21:57:01 UTC,15893,,,1203,,,,,
2022-10-04 22:57:01 UTC,15894,0,0,,0,0,0,0,1203
2022-10-04 23:57:01 UTC,15895,1,1,,0,0,0,0,1203
2022-10-05 00:57:01 UTC,15896,0,1,,0,0,0,0,1203
2022-10-05 01:57:01 UTC,15897,0,1,,0,0,0,0,1203
2022-10-05 02:57:01 UTC,15898,2,3,,3.9,0,0,0,1203
2022-10-05 03:57:01 UTC,15899,0,6,,0,0,0,0,1203
2022-10-05 04:57:01 UTC,15900,19,25,,0,0,0,0,1203
2022-10-05 05:57:01 UTC,15901,65,90,,0,0,0,0,1203
2022-10-05 06:57:01 UTC,15902,103,193,,3.9,0,0,0,1203
2022-10-05 07:57:01 UTC,15903,138,352,,0,0,0,0,1203
2022-10-05 08:57:01 UTC,15904,98,450,,0,0,0,0,1203
2022-10-05 09:57:01 UTC,15905,89,539,,0,0,0,0,1203
2022-10-05 10:57:01 UTC,15906,98,637,,3.9,0,0,0,1203
2022-10-05 11:57:01 UTC,15907,97,734,,0,0,0,0,1203
2022-10-05 12:57:01 UTC,15908,81,815,,0,0,0,0,1203
2022-10-05 13:57:01 UTC,15909,80,895,,0,0,0,0,1203
2022-10-05 14:57:01 UTC,15910,102,997,,3.9,0,0,0,1203
2022-10-05 15:57:01 UTC,15911,125,1123,,0,0,0,0,1203
2022-10-05 16:57:01 UTC,15912,153,1276,,0,0,0,0,1203
2022-10-05 17:57:01 UTC,15913,77,1353,,0,0,0,0,1203
2022-10-05 18:57:01 UTC,15914,30,1383,,3.9,0,0,0,1203
2022-10-05 19:57:01 UTC,15915,7,1390,,0,0,0,0,1203
2022-10-05 20:57:01 UTC,15916,4,1394,,3.9,0,0,0,1203
2022-10-05 21:57:01 UTC,15917,,,1394,,,,,
2022-10-05 22:57:01 UTC,15918,4,4,,0,0,0,0,1396
2022-10-05 23:57:01 UTC,15919,3,7,,0,0,0,0,1396
2022-10-06 00:57:01 UTC,15920,0,7,,0,0,0,0,1396
2022-10-06 01:57:01 UTC,15921,0,7,,0,0,0,0,1396
2022-10-06 02:57:01 UTC,15922,1,8,,3.9,0,0,0,1396
2022-10-06 03:57:01 UTC,15923,4,14,,0,0,0,0,1396
2022-10-06 04:57:01 UTC,15924,6,20,,0,0,0,0,1396
2022-10-06 05:57:01 UTC,15925,61,81,,0,0,0,0,1396
2022-10-06 06:57:01 UTC,15926,108,189,,3.9,0,0,0,1396
2022-10-06 07:57:01 UTC,15927,102,305,,0,0,0,0,1396
2022-10-06 08:57:01 UTC,15928,93,398,,0,0,0,0,1396
2022-10-06 09:57:01 UTC,15929,93,491,,0,0,0,0,1396
2022-10-06 10:57:01 UTC,15930,98,589,,3.9,0,0,0,1396
2022-10-06 11:57:01 UTC,15931,101,697,,0,0,0,0,1396
2022-10-06 12:57:01 UTC,15932,90,787,,0,0,0,0,1396
2022-10-06 13:57:01 UTC,15933,65,852,,0,0,0,0,1396
2022-10-06 14:57:01 UTC,15934,87,939,,3.9,0,0,0,1396
2022-10-06 15:57:01 UTC,15935,82,1023,,0,0,0,0,1396
2022-10-06 16:57:01 UTC,15936,93,1116,,0,0,0,0,1396
2022-10-06 17:57:01 UTC,15937,49,1165,,0,0,0,0,1396
2022-10-06 18:57:01 UTC,15938,19,1184,,3.9,0,0,0,1396
2022-10-06 19:57:01 UTC,15939,7,1193,,0,0,1,0,1396
2022-10-06 20:57:01 UTC,15940,2,1195,,3.9,0,1,0,1396
2022-10-06 21:57:01 UTC,15941,,,1195,,,,,
2022-10-06 22:57:01 UTC,15942,6,6,,0,0,0,0,1202
2022-10-06 23:57:01 UTC,15943,2,8,,0,0,0,0,1202
2022-10-07 00:57:01 UTC,15944,0,8,,0,0,0,0,1202
2022-10-07 01:57:01 UTC,15945,0,8,,0,0,0,0,1202
2022-10-07 02:57:01 UTC,15946,1,9,,3.9,0,0,0,1202
2022-10-07 03:57:01 UTC,15947,2,15,,0,0,0,0,1202
2022-10-07 04:57:01 UTC,15948,11,26,,0,0,0,0,1202
2022-10-07 05:57:01 UTC,15949,56,82,,0,0,0,0,1202
2022-10-07 06:57:01 UTC,15950,90,172,,3.9,0,0,0,1202
2022-10-07 07:57:01 UTC,15951,100,283,,0,0,0,0,1202
2022-10-07 08:57:01 UTC,15952,77,360,,0,0,0,0,1202
2022-10-07 09:57:01 UTC,15953,93,453,,0,0,0,0,1202
2022-10-07 10:57:01 UTC,15954,61,514,,3.9,0,0,0,1202
2022-10-07 11:57:01 UTC,15955,72,586,,0,0,0,0,1202
2022-10-07 12:57:01 UTC,15956,66,652,,0,0,0,0,1202
2022-10-07 13:57:01 UTC,15957,69,721,,0,0,0,0,1202
2022-10-07 14:57:01 UTC,15958,69,790,,3.9,0,0,0,1202
2022-10-07 15:57:01 UTC,15959,83,874,,0,0,0,0,1202
2022-10-07 16:57:01 UTC,15960,84,958,,0,0,0,0,1202
2022-10-07 17:57:01 UTC,15961,45,1003,,0,0,0,0,1202
2022-10-07 18:57:01 UTC,15962,25,1028,,3.9,0,0,0,1202
2022-10-07 19:57:01 UTC,15963,10,1039,,0,0,1,0,1202
2022-10-07 20:57:01 UTC,15964,5,1044,,3.9,0,1,0,1202
2022-10-07 21:57:01 UTC,15965,,,1044,,,,,
2022-10-07 22:57:01 UTC,15966,4,4,,0,0,0,0,1048
2022-10-07 23:57:01 UTC,15967,5,9,,0,0,0,0,1048
2022-10-08 00:57:01 UTC,15968,2,11,,0,0,0,0,1048
2022-10-08 01:57:01 UTC,15969,0,11,,0,0,0,0,1048
2022-10-08 02:57:01 UTC,15970,1,12,,3.9,0,0,0,1048
2022-10-08 03:57:01 UTC,15971,3,20,,0,0,0,0,1048
2022-10-08 04:57:01 UTC,15972,4,24,,0,0,0,0,1048
2022-10-08 05:57:01 UTC,15973,34,58,,0,0,0,0,1048
2022-10-08 06:57:01 UTC,15974,81,139,,3.9,0,0,0,1048
2022-10-08 07:57:01 UTC,15975,118,270,,0,0,0,0,1048
2022-10-08 08:57:01 UTC,15976,151,421,,0,0,0,0,1048
2022-10-08 09:57:01 UTC,15977,133,554,,0,0,0,0,1048
2022-10-08 10:57:01 UTC,15978,147,701,,3.9,0,0,0,1048
2022-10-08 11:57:01 UTC,15979,119,826,,0,0,1,0,1048
2022-10-08 12:57:01 UTC,15980,109,935,,0,0,1,0,1048
2022-10-08 13:57:01 UTC,15981,114,1049,,0,0,1,0,1048
2022-10-08 14:57:01 UTC,15982,133,1182,,3.9,0,1,0,1048
2022-10-08 15:57:01 UTC,15983,107,1296,,0,0,1,0,1048
2022-10-08 16:57:01 UTC,15984,82,1378,,0,0,1,0,1048
2022-10-08 17:57:01 UTC,15985,44,1422,,0,0,1,0,1048
2022-10-08 18:57:01 UTC,15986,19,1441,,3.9,0,1,0,1048
2022-10-08 19:57:01 UTC,15987,12,1453,,0,0,1,0,1048
2022-10-08 20:57:01 UTC,15988,4,1457,,3.9,0,1,0,1048
2022-10-08 21:57:01 UTC,15989,,,1457,,,,,
