created_at,entry_id,field1,field2,field3,field4,field5,field6,field7,field8
2022-07-01 00:57:01 UTC,13595,9,38,,0,0,0,0,1148
2022-07-01 01:57:01 UTC,13596,3,41,,0,0,0,0,1148
2022-07-01 02:57:01 UTC,13597,6,47,,3.9,0,0,0,1148
2022-07-01 03:57:01 UTC,13598,5,53,,0,0,0,0,1148
2022-07-01 04:57:01 UTC,13599,15,68,,0,0,0,0,1148
2022-07-01 05:57:01 UTC,13600,44,112,,0,0,0,0,1148
2022-07-01 06:57:01 UTC,13601,24,136,,3.9,0,0,0,1148
2022-07-01 07:57:01 UTC,13602,24,161,,0,0,0,0,1148
2022-07-01 08:57:01 UTC,13603,30,191,,0,0,0,0,1148
2022-07-01 09:57:01 UTC,13604,36,227,,0,0,0,0,1148
2022-07-01 10:57:01 UTC,13605,60,287,,0,0,0,0,1148
2022-07-01 11:57:01 UTC,13606,98,385,,0,0,1,0,1148
2022-07-01 12:57:01 UTC,13607,45,430,,0,0,1,0,1148
2022-07-01 13:57:01 UTC,13608,55,485,,0,0,1,0,1148
2022-07-01 14:57:01 UTC,13609,66,551,,0,0,1,0,1148
2022-07-01 15:57:01 UTC,13610,117,668,,0,0,1,0,1148
2022-07-01 16:57:01 UTC,13611,132,800,,0,0,1,0,1148
2022-07-01 17:57:01 UTC,13612,158,958,,0,0,1,0,1148
2022-07-01 18:57:01 UTC,13613,88,1046,,3.9,0,1,0,1148
2022-07-01 19:57:01 UTC,13614,51,1099,,0,0,1,0,1148
2022-07-01 20:57:01 UTC,13615,40,1139,,3.9,0,1,0,1148
2022-07-01 21:57:01 UTC,13616,,,1139,,,,,
2022-07-01 22:57:01 UTC,13617,25,25,,0,0,0,0,1165
2022-07-01 23:57:01 UTC,13618,7,32,,0,0,0,0,1165
2022-07-02 00:57:01 UTC,13619,16,48,,0,0,0,0,1165
2022-07-02 01:57:01 UTC,13620,6,54,,0,0,0,0,1165
2022-07-02 02:57:01 UTC,13621,2,56,,3.9,0,0,0,1165
2022-07-02 03:57:01 UTC,13622,8,64,,0,0,0,0,1165
2022-07-02 04:57:01 UTC,13623,11,75,,0,0,0,0,1165
2022-07-02 05:57:01 UTC,13624,34,109,,0,0,0,0,1165
2022-07-02 06:57:01 UTC,13625,51,160,,3.9,0,0,0,1165
2022-07-02 07:57:01 UTC,13626,39,200,,0,0,1,1,1165
2022-07-02 08:57:01 UTC,13627,54,254,,0,0,1,1,1165
2022-07-02 09:57:01 UTC,13628,64,318,,0,0,1,1,1165
2022-07-02 10:57:01 UTC,13629,68,386,,0,0,1,1,1165
2022-07-02 11:57:01 UTC,13630,60,446,,0,0,1,1,1165
2022-07-02 12:57:01 UTC,13631,65,511,,0,0,1,1,1165
2022-07-02 13:57:01 UTC,13632,54,565,,0,0,1,1,1165
2022-07-02 14:57:01 UTC,13633,69,634,,0,0,1,1,1165
2022-07-02 15:57:01 UTC,13634,84,718,,0,0,1,1,1165
2022-07-02 16:57:01 UTC,13635,110,828,,0,0,1,1,1165
2022-07-02 17:57:01 UTC,13636,159,987,,0,0,1,1,1165
2022-07-02 18:57:01 UTC,13637,127,1114,,3.9,0,1,1,1165
2022-07-02 19:57:01 UTC,13638,94,1208,,0,0,1,1,1165
2022-07-02 20:57:01 UTC,13639,84,1292,,3.9,0,1,1,1165
2022-07-02 21:57:01 UTC,13640,,,1292,,,,,
2022-07-02 22:57:01 UTC,13641,34,34,,0,0,0,0,1362
2022-07-02 23:57:01 UTC,13642,19,53,,0,0,0,0,1362
2022-07-03 00:57:01 UTC,13643,14,67,,0,0,0,0,1362
2022-07-03 01:57:01 UTC,13644,9,76,,0,0,0,0,1362
2022-07-03 02:57:01 UTC,13645,3,79,,3.9,0,0,0,1362
2022-07-03 03:57:01 UTC,13646,1,80,,0,0,0,0,1362
2022-07-03 04:57:01 UTC,13647,2,82,,0,0,0,0,1362
2022-07-03 05:57:01 UTC,13648,24,106,,0,0,0,0,1362
2022-07-03 06:57:01 UTC,13649,48,154,,3.9,0,0,0,1362
2022-07-03 07:57:01 UTC,13650,44,201,,0,0,0,0,1362
2022-07-03 08:57:01 UTC,13651,89,290,,0,0,0,0,1362
2022-07-03 09:57:01 UTC,13652,89,379,,0,0,0,0,1362
2022-07-03 10:57:01 UTC,13653,66,445,,0,0,0,0,1362
2022-07-03 11:57:01 UTC,13654,42,487,,0,0,1,0,1362
2022-07-03 12:57:01 UTC,13655,50,537,,0,0,1,0,1362
2022-07-03 13:57:01 UTC,13656,34,571,,0,0,1,0,1362
2022-07-03 14:57:01 UTC,13657,55,626,,0,0,1,0,1362
2022-07-03 15:57:01 UTC,13658,85,711,,0,0,1,0,1362
2022-07-03 16:57:01 UTC,13659,125,836,,0,0,1,0,1362
2022-07-03 17:57:01 UTC,13660,175,1011,,0,0,1,0,1362
2022-07-03 18:57:01 UTC,13661,119,1130,,3.9,0,1,0,1362
2022-07-03 19:57:01 UTC,13662,71,1202,,0,0,1,0,1362
2022-07-03 20:57:01 UTC,13663,31,1233,,3.9,0,1,0,1362
2022-07-03 21:57:01 UTC,13664,,,1233,,,,,
2022-07-03 22:57:01 UTC,13665,11,11,,0,0,0,0,1260
2022-07-03 23:57:01 UTC,13666,16,27,,0,0,0,0,1260
2022-07-04 00:57:01 UTC,13667,8,35,,0,0,0,0,1260
2022-07-04 01:57:01 UTC,13668,4,39,,0,0,0,0,1260
2022-07-04 02:57:01 UTC,13669,7,46,,3.9,0,0,0,1260
2022-07-04 03:57:01 UTC,13670,3,49,,0,0,0,0,1260
2022-07-04 04:57:01 UTC,13671,7,56,,0,0,0,0,1260
2022-07-04 05:57:01 UTC,13672,20,76,,0,0,0,0,1260
2022-07-04 06:57:01 UTC,13673,17,93,,3.9,0,0,0,1260
2022-07-04 07:57:01 UTC,13674,22,115,,0,0,0,0,1260
2022-07-04 08:57:01 UTC,13675,15,130,,0,0,0,0,1260
2022-07-04 09:57:01 UTC,13676,23,153,,0,0,0,0,1260
2022-07-04 10:57:01 UTC,13677,39,192,,0,0,0,0,1260
2022-07-04 11:57:01 UTC,13678,46,238,,0,0,0,0,1260
2022-07-04 12:57:01 UTC,13679,31,269,,0,0,0,0,1260
2022-07-04 13:57:01 UTC,13680,37,306,,0,0,0,0,1260
2022-07-04 14:57:01 UTC,13681,46,352,,0,0,0,0,1260
2022-07-04 15:57:01 UTC,13682,70,422,,0,0,0,0,1260
2022-07-04 16:57:01 UTC,13683,118,540,,0,0,0,0,1260
2022-07-04 17:57:01 UTC,13684,166,706,,0,0,0,0,1260
2022-07-04 18:57:01 UTC,13685,130,836,,3.9,0,0,0,1260
2022-07-04 19:57:01 UTC,13686,69,907,,0,0,0,0,1260
2022-07-04 20:57:01 UTC,13687,26,933,,3.9,0,0,0,1260
2022-07-04 21:57:01 UTC,13688,,,933,,,,,
2022-07-04 22:57:01 UTC,13689,9,9,,0,0,0,0,955
2022-07-04 23:57:01 UTC,13690,11,20,,0,0,0,0,955
2022-07-05 00:57:01 UTC,13691,11,31,,0,0,0,0,955
2022-07-05 01:57:01 UTC,13692,3,34,,0,0,0,0,955
2022-07-05 02:57:01 UTC,13693,1,35,,3.9,0,0,0,955
2022-07-05 03:57:01 UTC,13694,3,38,,0,0,0,0,955
2022-07-05 04:57:01 UTC,13695,5,43,,0,0,0,0,955
2022-07-05 05:57:01 UTC,13696,29,72,,0,0,0,0,955
2022-07-05 06:57:01 UTC,13697,25,97,,3.9,0,0,0,955
2022-07-05 07:57:01 UTC,13698,14,113,,0,0,0,0,955
2022-07-05 08:57:01 UTC,13699,27,140,,0,0,0,0,955
2022-07-05 09:57:01 UTC,13700,39,179,,0,0,0,0,955
2022-07-05 10:57:01 UTC,13701,50,229,,0,0,0,0,955
2022-07-05 11:57:01 UTC,13702,35,264,,0,0,0,0,955
2022-07-05 12:57:01 UTC,13703,37,301,,0,0,0,0,955
2022-07-05 13:57:01 UTC,13704,56,357,,0,0,0,0,955
2022-07-05 14:57:01 UTC,13705,65,422,,0,0,0,0,955
2022-07-05 15:57:01 UTC,13706,76,498,,0,0,0,0,955
2022-07-05 16:57:01 UTC,13707,159,657,,0,0,0,0,955
2022-07-05 17:57:01 UTC,13708,207,864,,0,0,0,0,955
2022-07-05 18:57:01 UTC,13709,154,1018,,3.9,0,0,0,955
2022-07-05 19:57:01 UTC,13710,101,1121,,0,0,0,0,955
2022-07-05 20:57:01 UTC,13711,33,1154,,3.9,0,0,0,955
2022-07-05 21:57:01 UTC,13712,,,1154,,,,,
2022-07-05 22:57:01 UTC,13713,21,21,,0,0,0,0,1185
2022-07-05 23:57:01 UTC,13714,10,31,,0,0,0,0,1185
2022-07-06 00:57:01 UTC,13715,15,46,,0,0,0,0,1185
2022-07-06 01:57:01 UTC,13716,4,50,,0,0,0,0,1185
2022-07-06 02:57:01 UTC,13717,2,52,,3.9,0,0,0,1185
2022-07-06 03:57:01 UTC,13718,4,56,,0,0,0,0,1185
2022-07-06 04:57:01 UTC,13719,9,65,,0,0,0,0,1185
2022-07-06 05:57:01 UTC,13720,21,86,,0,0,0,0,1185
2022-07-06 06:57:01 UTC,13721,28,114,,3.9,0,0,0,1185
2022-07-06 07:57:01 UTC,13722,18,135,,0,0,0,0,1185
2022-07-06 08:57:01 UTC,13723,17,152,,0,0,0,0,1185
2022-07-06 09:57:01 UTC,13724,22,174,,0,0,0,0,1185
2022-07-06 10:57:01 UTC,13725,45,219,,0,0,0,0,1185
2022-07-06 11:57:01 UTC,13726,55,274,,0,0,0,0,1185
2022-07-06 12:57:01 UTC,13727,54,328,,0,0,0,0,1185
2022-07-06 13:57:01 UTC,13728,47,375,,0,0,0,0,1185
2022-07-06 14:57:01 UTC,13729,59,434,,0,0,0,0,1185
2022-07-06 15:57:01 UTC,13730,110,544,,0,0,0,0,1185
2022-07-06 16:57:01 UTC,13731,166,710,,0,0,0,0,1185
2022-07-06 17:57:01 UTC,13732,208,918,,0,0,0,0,1185
2022-07-06 18:57:01 UTC,13733,147,1065,,3.9,0,0,0,1185
2022-07-06 19:57:01 UTC,13734,83,1150,,0,0,0,0,1185
2022-07-06 20:57:01 UTC,13735,61,1211,,3.9,0,0,0,1185
2022-07-06 21:57:01 UTC,13736,,,1211,,,,,
2022-07-06 22:57:01 UTC,13737,30,30,,0,0,0,0,1247
2022-07-06 23:57:01 UTC,13738,10,40,,0,0,0,0,1247
2022-07-07 00:57:01 UTC,13739,10,50,,0,0,0,0,1247
2022-07-07 01:57:01 UTC,13740,3,53,,0,0,0,0,1247
2022-07-07 02:57:01 UTC,13741,2,55,,3.9,0,0,0,1247
2022-07-07 03:57:01 UTC,13742,2,59,,0,0,0,0,1247
2022-07-07 04:57:01 UTC,13743,7,66,,0,0,0,0,1247
2022-07-07 05:57:01 UTC,13744,19,85,,0,0,0,0,1247
2022-07-07 06:57:01 UTC,13745,21,106,,3.9,0,0,0,1247
2022-07-07 07:57:01 UTC,13746,12,118,,0,0,0,0,1247
2022-07-07 08:57:01 UTC,13747,12,130,,0,0,0,0,1247
2022-07-07 09:57:01 UTC,13748,20,150,,0,0,0,0,1247
2022-07-07 10:57:01 UTC,13749,35,185,,0,0,0,0,1247
2022-07-07 11:57:01 UTC,13750,45,230,,0,0,0,0,1247
2022-07-07 12:57:01 UTC,13751,59,289,,0,0,0,0,1247
2022-07-07 13:57:01 UTC,13752,71,360,,0,0,0,0,1247
2022-07-07 14:57:01 UTC,13753,61,421,,0,0,0,0,1247
2022-07-07 15:57:01 UTC,13754,81,502,,0,0,1,0,1247
2022-07-07 16:57:01 UTC,13755,194,696,,0,0,1,0,1247
2022-07-07 17:57:01 UTC,13756,208,904,,0,0,1,0,1247
2022-07-07 18:57:01 UTC,13757,107,1011,,3.9,0,1,0,1247
2022-07-07 19:57:01 UTC,13758,76,1094,,0,0,1,0,1247
2022-07-07 20:57:01 UTC,13759,51,1145,,3.9,0,1,0,1247
2022-07-07 21:57:01 UTC,13760,,,1145,,,,,
2022-07-07 22:57:01 UTC,13761,13,13,,0,0,0,0,1163
2022-07-07 23:57:01 UTC,13762,9,22,,0,0,0,0,1163
2022-07-08 00:57:01 UTC,13763,11,33,,0,0,0,0,1163
2022-07-08 01:57:01 UTC,13764,0,33,,0,0,0,0,1163
2022-07-08 02:57:01 UTC,13765,4,37,,3.9,0,0,0,1163
2022-07-08 03:57:01 UTC,13766,2,39,,0,0,0,0,1163
2022-07-08 04:57:01 UTC,13767,11,50,,0,0,0,0,1163
2022-07-08 05:57:01 UTC,13768,48,98,,0,0,0,0,1163
2022-07-08 06:57:01 UTC,13769,59,157,,3.9,0,0,0,1163
2022-07-08 07:57:01 UTC,13770,65,230,,0,0,0,0,1163
2022-07-08 08:57:01 UTC,13771,48,278,,0,0,0,0,1163
2022-07-08 09:57:01 UTC,13772,65,343,,0,0,0,0,1163
2022-07-08 10:57:01 UTC,13773,45,388,,3.9,0,0,0,1163
2022-07-08 11:57:01 UTC,13774,46,434,,0,0,0,0,1163
2022-07-08 12:57:01 UTC,13775,60,494,,0,0,0,0,1163
2022-07-08 13:57:01 UTC,13776,83,577,,0,0,0,0,1163
2022-07-08 14:57:01 UTC,13777,89,666,,3.9,0,0,0,1163
2022-07-08 15:57:01 UTC,13778,104,770,,0,0,0,0,1163
2022-07-08 16:57:01 UTC,13779,158,928,,0,0,0,0,1163
2022-07-08 17:57:01 UTC,13780,163,1091,,0,0,0,0,1163
2022-07-08 18:57:01 UTC,13781,81,1172,,3.9,0,0,0,1163
2022-07-08 19:57:01 UTC,13782,56,1229,,0,0,0,0,1163
2022-07-08 20:57:01 UTC,13783,41,1270,,3.9,0,0,0,1163
2022-07-08 21:57:01 UTC,13784,,,1270,,,,,
2022-07-08 22:57:01 UTC,13785,23,23,,0,0,0,0,1315
2022-07-08 23:57:01 UTC,13786,19,42,,0,0,0,0,1315
2022-07-09 00:57:01 UTC,13787,15,57,,0,0,0,0,1315
2022-07-09 01:57:01 UTC,13788,3,60,,0,0,0,0,1315
2022-07-09 02:57:01 UTC,13789,7,67,,3.9,0,0,0,1315
2022-07-09 03:57:01 UTC,13790,2,73,,0,0,0,0,1315
2022-07-09 04:57:01 UTC,13791,9,82,,0,0,0,0,1315
2022-07-09 05:57:01 UTC,13792,42,124,,0,0,0,0,1315
2022-07-09 06:57:01 UTC,13793,56,180,,3.9,0,0,0,1315
2022-07-09 07:57:01 UTC,13794,60,246,,0,0,0,0,1315
2022-07-09 08:57:01 UTC,13795,66,312,,0,0,0,0,1315
2022-07-09 09:57:01 UTC,13796,120,432,,0,0,0,0,1315
2022-07-09 10:57:01 UTC,13797,94,526,,3.9,0,0,0,1315
2022-07-09 11:57:01 UTC,13798,70,596,,0,0,0,0,1315
2022-07-09 12:57:01 UTC,13799,69,665,,0,0,0,0,1315
2022-07-09 13:57:01 UTC,13800,66,731,,0,0,0,0,1315
2022-07-09 14:57:01 UTC,13801,93,824,,0,0,0,0,1315
2022-07-09 15:57:01 UTC,13802,150,974,,0,0,0,0,1315
2022-07-09 16:57:01 UTC,13803,182,1156,,0,0,0,0,1315
2022-07-09 17:57:01 UTC,13804,145,1301,,0,0,0,0,1315
2022-07-09 18:57:01 UTC,13805,112,1413,,3.9,0,0,0,1315
2022-07-09 19:57:01 UTC,13806,70,1486,,0,0,0,0,1315
2022-07-09 20:57:01 UTC,13807,71,1557,,3.9,0,0,0,1315
2022-07-09 21:57:01 UTC,13808,,,1557,,,,,
2022-07-09 22:57:01 UTC,13809,40,40,,0,0,0,0,1629
2022-07-09 23:57:01 UTC,13810,20,60,,0,0,0,0,1629
2022-07-10 00:57:01 UTC,13811,16,76,,0,0,0,0,1629
2022-07-10 01:57:01 UTC,13812,5,81,,0,0,0,0,1629
2022-07-10 02:57:01 UTC,13813,0,81,,3.9,0,0,0,1629
2022-07-10 03:57:01 UTC,13814,8,89,,0,0,0,0,1629
2022-07-10 04:57:01 UTC,13815,6,95,,0,0,0,0,1629
2022-07-10 05:57:01 UTC,13816,26,121,,0,0,0,0,1629
2022-07-10 06:57:01 UTC,13817,49,170,,3.9,0,0,0,1629
2022-07-10 07:57:01 UTC,13818,61,237,,0,0,0,0,1629
2022-07-10 08:57:01 UTC,13819,69,306,,0,0,0,0,1629
2022-07-10 09:57:01 UTC,13820,130,436,,0,0,0,0,1629
2022-07-10 10:57:01 UTC,13821,142,578,,0,0,0,0,1629
2022-07-10 11:57:01 UTC,13822,83,661,,0,0,0,0,1629
2022-07-10 12:57:01 UTC,13823,107,768,,0,0,0,0,1629
2022-07-10 13:57:01 UTC,13824,80,848,,0,0,0,0,1629
2022-07-10 14:57:01 UTC,13825,93,941,,0,0,0,0,1629
2022-07-10 15:57:01 UTC,13826,124,1065,,0,0,0,0,1629
2022-07-10 16:57:01 UTC,13827,197,1262,,0,0,0,0,1629
2022-07-10 17:57:01 UTC,13828,199,1461,,0,0,0,0,1629
2022-07-10 18:57:01 UTC,13829,135,1596,,3.9,0,0,0,1629
2022-07-10 19:57:01 UTC,13830,54,1652,,0,0,0,0,1629
2022-07-10 20:57:01 UTC,13831,30,1682,,3.9,0,0,0,1629
2022-07-10 21:57:01 UTC,13832,,,1682,,,,,
