created_at,entry_id,field1,field2,field3,field4,field5,field6,field7,field8
2023-02-01 00:57:01 UTC,18675,0,1,,0,0,0,0,781
2023-02-01 01:57:01 UTC,18676,0,1,,0,0,0,0,781
2023-02-01 02:57:01 UTC,18677,1,2,,0,0,0,0,781
2023-02-01 03:57:01 UTC,18678,1,3,,3.9,0,0,0,781
2023-02-01 04:57:01 UTC,18679,14,17,,0,0,0,0,781
2023-02-01 05:57:01 UTC,18680,5,22,,0,0,0,0,781
2023-02-01 06:57:01 UTC,18681,43,65,,0,0,0,0,781
2023-02-01 07:57:01 UTC,18682,63,128,,3.9,0,0,0,781
2023-02-01 08:57:01 UTC,18683,67,197,,0,0,0,0,781
2023-02-01 09:57:01 UTC,18684,61,258,,0,0,0,0,781
2023-02-01 10:57:01 UTC,18685,80,338,,0,0,0,0,781
2023-02-01 11:57:01 UTC,18686,57,395,,3.9,0,0,0,781
2023-02-01 12:57:01 UTC,18687,53,448,,0,0,0,0,781
2023-02-01 13:57:01 UTC,18688,41,489,,0,0,0,0,781
2023-02-01 14:57:01 UTC,18689,76,565,,0,0,0,0,781
2023-02-01 15:57:01 UTC,18690,48,613,,0,0,0,0,781
2023-02-01 16:57:01 UTC,18691,41,654,,0,0,0,0,781
2023-02-01 17:57:01 UTC,18692,44,698,,0,0,0,0,781
2023-02-01 18:57:01 UTC,18693,21,719,,0,0,0,0,781
2023-02-01 19:57:01 UTC,18694,17,736,,3.9,0,0,0,781
2023-02-01 20:57:01 UTC,18695,8,744,,0,0,0,0,781
2023-02-01 21:57:01 UTC,18696,14,758,,3.9,0,0,0,781
2023-02-01 22:57:01 UTC,18697,,,758,,,,,
2023-02-01 23:57:01 UTC,18698,0,0,,0,0,0,0,777
2023-02-02 00:57:01 UTC,18699,0,0,,0,0,0,0,777
2023-02-02 01:57:01 UTC,18700,0,0,,0,0,0,0,777
2023-02-02 02:57:01 UTC,18701,0,0,,0,0,0,0,777
2023-02-02 03:57:01 UTC,18702,0,0,,3.9,0,0,0,777
2023-02-02 04:57:01 UTC,18703,0,0,,0,0,0,0,777
2023-02-02 05:57:01 UTC,18704,5,5,,0,0,0,0,777
2023-02-02 06:57:01 UTC,18705,27,32,,0,0,0,0,777
2023-02-02 07:57:01 UTC,18706,53,85,,3.9,0,0,0,777
2023-02-02 08:57:01 UTC,18707,62,149,,0,0,0,0,777
2023-02-02 09:57:01 UTC,18708,58,207,,0,0,0,0,777
2023-02-02 10:57:01 UTC,18709,67,274,,0,0,0,0,777
2023-02-02 11:57:01 UTC,18710,79,353,,0,0,0,0,777
2023-02-02 12:57:01 UTC,18711,72,425,,0,0,0,0,777
2023-02-02 13:57:01 UTC,18712,71,496,,0,0,0,0,777
2023-02-02 14:57:01 UTC,18713,57,553,,0,0,0,0,777
2023-02-02 15:57:01 UTC,18714,49,602,,0,0,0,0,777
2023-02-02 16:57:01 UTC,18715,46,648,,0,0,0,0,777
2023-02-02 17:57:01 UTC,18716,21,669,,0,0,0,0,777
2023-02-02 18:57:01 UTC,18717,24,693,,0,0,0,0,777
2023-02-02 19:57:01 UTC,18718,13,706,,3.9,0,0,0,777
2023-02-02 20:57:01 UTC,18719,3,709,,0,0,0,0,777
2023-02-02 21:57:01 UTC,18720,0,709,,3.9,0,0,0,777
2023-02-02 22:57:01 UTC,18721,,,709,,,,,
2023-02-02 23:57:01 UTC,18722,0,0,,0,0,0,0,710
2023-02-03 00:57:01 UTC,18723,0,0,,0,0,0,0,710
2023-02-03 01:57:01 UTC,18724,1,1,,0,0,0,0,710
2023-02-03 02:57:01 UTC,18725,0,1,,0,0,0,0,710
2023-02-03 03:57:01 UTC,18726,0,1,,3.9,0,0,0,710
2023-02-03 04:57:01 UTC,18727,3,4,,0,0,0,0,710
2023-02-03 05:57:01 UTC,18728,3,7,,0,0,0,0,710
2023-02-03 06:57:01 UTC,18729,28,35,,0,0,0,0,710
2023-02-03 07:57:01 UTC,18730,57,92,,3.9,0,0,0,710
2023-02-03 08:57:01 UTC,18731,92,187,,0,0,0,0,710
2023-02-03 09:57:01 UTC,18732,70,257,,0,0,0,0,710
2023-02-03 10:57:01 UTC,18733,87,344,,0,0,0,0,710
2023-02-03 11:57:01 UTC,18734,77,421,,0,0,0,0,710
2023-02-03 12:57:01 UTC,18735,81,502,,0,0,0,0,710
2023-02-03 13:57:01 UTC,18736,66,568,,0,0,0,0,710
2023-02-03 14:57:01 UTC,18737,74,642,,0,0,0,0,710
2023-02-03 15:57:01 UTC,18738,65,707,,0,0,0,0,710
2023-02-03 16:57:01 UTC,18739,44,751,,0,0,1,0,710
2023-02-03 17:57:01 UTC,18740,23,774,,0,0,1,0,710
2023-02-03 18:57:01 UTC,18741,25,799,,0,0,1,0,710
2023-02-03 19:57:01 UTC,18742,6,805,,3.9,0,1,0,710
2023-02-03 20:57:01 UTC,18743,2,807,,0,0,1,0,710
2023-02-03 21:57:01 UTC,18744,8,815,,3.9,0,1,0,710
2023-02-03 22:57:01 UTC,18745,,,815,,,,,
2023-02-03 23:57:01 UTC,18746,0,0,,0,0,0,0,819
2023-02-04 00:57:01 UTC,18747,1,1,,0,0,0,0,819
2023-02-04 01:57:01 UTC,18748,0,1,,0,0,0,0,819
2023-02-04 02:57:01 UTC,18749,0,1,,0,0,0,0,819
2023-02-04 03:57:01 UTC,18750,6,7,,3.9,0,0,0,819
2023-02-04 04:57:01 UTC,18751,3,10,,0,0,1,0,819
2023-02-04 05:57:01 UTC,18752,2,12,,0,0,1,0,819
2023-02-04 06:57:01 UTC,18753,14,26,,0,0,1,0,819
2023-02-04 07:57:01 UTC,18754,59,85,,3.9,0,1,0,819
2023-02-04 08:57:01 UTC,18755,100,188,,0,0,1,0,819
2023-02-04 09:57:01 UTC,18756,147,335,,0,0,1,0,819
2023-02-04 10:57:01 UTC,18757,194,529,,0,0,1,0,819
2023-02-04 11:57:01 UTC,18758,154,683,,0,0,1,0,819
2023-02-04 12:57:01 UTC,18759,114,797,,0,0,1,0,819
2023-02-04 13:57:01 UTC,18760,110,907,,0,0,1,0,819
2023-02-04 14:57:01 UTC,18761,109,1016,,0,0,1,0,819
2023-02-04 15:57:01 UTC,18762,110,1126,,0,0,1,0,819
2023-02-04 16:57:01 UTC,18763,80,1206,,0,0,1,0,819
2023-02-04 17:57:01 UTC,18764,18,1224,,0,0,1,0,819
2023-02-04 18:57:01 UTC,18765,5,1229,,0,0,1,0,819
2023-02-04 19:57:01 UTC,18766,5,1234,,3.9,0,1,0,819
2023-02-04 20:57:01 UTC,18767,11,1245,,0,0,1,0,819
2023-02-04 21:57:01 UTC,18768,10,1255,,3.9,0,1,0,819
2023-02-04 22:57:01 UTC,18769,,,1255,,,,,
2023-02-04 23:57:01 UTC,18770,0,0,,0,0,0,0,1255
2023-02-05 00:57:01 UTC,18771,1,1,,0,0,0,0,1255
2023-02-05 01:57:01 UTC,18772,0,1,,0,0,0,0,1255
2023-02-05 02:57:01 UTC,18773,1,2,,0,0,0,0,1255
2023-02-05 03:57:01 UTC,18774,0,2,,3.9,0,0,0,1255
2023-02-05 04:57:01 UTC,18775,0,2,,0,0,0,0,1255
2023-02-05 05:57:01 UTC,18776,0,2,,0,0,0,0,1255
2023-02-05 06:57:01 UTC,18777,23,25,,0,0,0,0,1255
2023-02-05 07:57:01 UTC,18778,81,106,,3.9,0,0,0,1255
2023-02-05 08:57:01 UTC,18779,167,279,,0,0,0,0,1255
2023-02-05 09:57:01 UTC,18780,253,532,,0,0,0,0,1255
2023-02-05 10:57:01 UTC,18781,338,870,,0,0,0,0,1255
2023-02-05 11:57:01 UTC,18782,269,1139,,0,0,0,0,1255
2023-02-05 12:57:01 UTC,18783,189,1328,,0,0,0,0,1255
2023-02-05 13:57:01 UTC,18784,164,1492,,0,0,0,0,1255
2023-02-05 14:57:01 UTC,18785,152,1644,,0,0,0,0,1255
2023-02-05 15:57:01 UTC,18786,101,1745,,0,0,0,0,1255
2023-02-05 16:57:01 UTC,18787,78,1823,,0,0,1,0,1255
2023-02-05 17:57:01 UTC,18788,39,1862,,0,0,1,0,1255
2023-02-05 18:57:01 UTC,18789,11,1873,,0,0,1,0,1255
2023-02-05 19:57:01 UTC,18790,10,1883,,3.9,0,1,0,1255
2023-02-05 20:57:01 UTC,18791,1,1884,,0,0,1,0,1255
2023-02-05 21:57:01 UTC,18792,1,1885,,3.9,0,1,0,1255
2023-02-05 22:57:01 UTC,18793,,,1885,,,,,
2023-02-05 23:57:01 UTC,18794,0,0,,0,0,0,0,1885
2023-02-06 00:57:01 UTC,18795,1,1,,0,0,0,0,1885
2023-02-06 01:57:01 UTC,18796,0,1,,0,0,0,0,1885
2023-02-06 02:57:01 UTC,18797,0,1,,0,0,0,0,1885
2023-02-06 03:57:01 UTC,18798,0,1,,3.9,0,0,0,1885
2023-02-06 04:57:01 UTC,18799,4,5,,0,0,0,0,1885
2023-02-06 05:57:01 UTC,18800,5,10,,0,0,0,0,1885
2023-02-06 06:57:01 UTC,18801,38,48,,0,0,0,0,1885
2023-02-06 07:57:01 UTC,18802,49,97,,3.9,0,0,0,1885
2023-02-06 08:57:01 UTC,18803,84,188,,0,0,0,0,1885
2023-02-06 09:57:01 UTC,18804,74,262,,0,0,0,0,1885
2023-02-06 10:57:01 UTC,18805,63,325,,0,0,0,0,1885
2023-02-06 11:57:01 UTC,18806,69,394,,0,0,0,0,1885
2023-02-06 12:57:01 UTC,18807,69,463,,0,0,0,0,1885
2023-02-06 13:57:01 UTC,18808,46,509,,0,0,0,0,1885
2023-02-06 14:57:01 UTC,18809,48,557,,0,0,0,0,1885
2023-02-06 15:57:01 UTC,18810,48,605,,0,0,0,0,1885
2023-02-06 16:57:01 UTC,18811,33,638,,0,0,0,0,1885
2023-02-06 17:57:01 UTC,18812,20,658,,0,0,0,0,1885
2023-02-06 18:57:01 UTC,18813,16,674,,0,0,0,0,1885
2023-02-06 19:57:01 UTC,18814,10,684,,3.9,0,0,0,1885
2023-02-06 20:57:01 UTC,18815,7,691,,0,0,0,0,1885
2023-02-06 21:57:01 UTC,18816,1,692,,3.9,0,0,0,1885
2023-02-06 22:57:01 UTC,18817,,,692,,,,,
2023-02-06 23:57:01 UTC,18818,0,0,,0,0,0,0,692
2023-02-07 00:57:01 UTC,18819,0,0,,0,0,0,0,692
2023-02-07 01:57:01 UTC,18820,0,0,,0,0,0,0,692
2023-02-07 02:57:01 UTC,18821,0,0,,0,0,0,0,692
2023-02-07 03:57:01 UTC,18822,1,1,,3.8,0,0,0,692
2023-02-07 04:57:01 UTC,18823,3,4,,0,0,0,0,692
2023-02-07 05:57:01 UTC,18824,7,11,,0,0,0,0,692
2023-02-07 06:57:01 UTC,18825,41,52,,0,0,0,0,692
2023-02-07 07:57:01 UTC,18826,55,107,,3.9,0,0,0,692
2023-02-07 08:57:01 UTC,18827,70,183,,0,0,0,0,692
2023-02-07 09:57:01 UTC,18828,78,261,,0,0,0,0,692
2023-02-07 10:57:01 UTC,18829,63,324,,0,0,0,0,692
2023-02-07 11:57:01 UTC,18830,75,399,,0,0,0,0,692
2023-02-07 12:57:01 UTC,18831,73,472,,0,0,0,0,692
2023-02-07 13:57:01 UTC,18832,75,547,,0,0,0,0,692
2023-02-07 14:57:01 UTC,18833,74,621,,0,0,0,0,692
2023-02-07 15:57:01 UTC,18834,70,691,,0,0,0,0,692
2023-02-07 16:57:01 UTC,18835,55,746,,0,0,0,0,692
2023-02-07 17:57:01 UTC,18836,28,774,,0,0,0,0,692
2023-02-07 18:57:01 UTC,18837,19,793,,0,0,0,0,692
2023-02-07 19:57:01 UTC,18838,7,800,,3.6,0,0,0,692
2023-02-07 20:57:01 UTC,18839,4,805,,0,0,0,0,692
2023-02-07 21:57:01 UTC,18840,0,805,,3.8,0,0,0,692
2023-02-07 22:57:01 UTC,18841,,,805,,,,,
2023-02-07 23:57:01 UTC,18842,0,0,,0,0,0,0,807
2023-02-08 00:57:01 UTC,18843,0,0,,0,0,0,0,807
2023-02-08 01:57:01 UTC,18844,0,0,,0,0,0,0,807
2023-02-08 02:57:01 UTC,18845,0,0,,0,0,0,0,807
2023-02-08 03:57:01 UTC,18846,0,0,,3.7,0,0,0,807
2023-02-08 04:57:01 UTC,18847,5,5,,0,0,0,1,807
2023-02-08 05:57:01 UTC,18848,8,13,,0,0,0,1,807
2023-02-08 06:57:01 UTC,18849,41,54,,0,0,0,1,807
2023-02-08 07:57:01 UTC,18850,64,118,,0,0,0,1,807
2023-02-08 08:57:01 UTC,18851,56,174,,0,0,0,1,807
2023-02-08 09:57:01 UTC,18852,64,238,,0,0,0,1,807
2023-02-08 10:57:01 UTC,18853,60,298,,0,0,0,1,807
2023-02-08 11:57:01 UTC,18854,62,360,,3.9,0,0,1,807
2023-02-08 12:57:01 UTC,18855,78,439,,0,0,0,1,807
2023-02-08 13:57:01 UTC,18856,49,488,,0,0,0,1,807
2023-02-08 14:57:01 UTC,18857,47,535,,0,0,0,1,807
2023-02-08 15:57:01 UTC,18858,41,576,,0,0,0,1,807
2023-02-08 23:57:01 UTC,18859,0,0,,0,0,0,4,685
2023-02-09 00:57:01 UTC,18860,0,1,,0,0,0,4,685
2023-02-09 01:57:01 UTC,18861,1,2,,0,0,0,4,685
2023-02-09 02:57:01 UTC,18862,0,2,,0,0,0,4,685
2023-02-09 03:57:01 UTC,18863,0,2,,0,0,0,4,685
2023-02-09 04:57:01 UTC,18864,2,4,,0,0,0,4,685
2023-02-09 05:57:01 UTC,18865,10,14,,0,0,0,4,685
2023-02-09 06:57:01 UTC,18866,39,53,,0,0,0,4,685
2023-02-09 07:57:01 UTC,18867,65,118,,0,0,0,4,685
2023-02-09 08:57:01 UTC,18868,74,192,,0,0,0,4,685
2023-02-09 09:57:01 UTC,18869,59,251,,0,0,0,4,685
2023-02-09 10:57:01 UTC,18870,66,317,,0,0,0,4,685
2023-02-09 11:57:01 UTC,18871,57,374,,0,0,0,4,685
2023-02-09 12:57:01 UTC,18872,53,427,,0,0,0,4,685
2023-02-09 13:57:01 UTC,18873,39,466,,0,0,0,4,685
2023-02-09 14:57:01 UTC,18874,33,499,,0,0,0,4,685
2023-02-09 15:57:01 UTC,18875,55,554,,3.6,0,0,4,685
2023-02-09 16:57:01 UTC,18876,71,635,,0,0,0,4,685
2023-02-09 17:57:01 UTC,18877,34,669,,0,0,0,4,685
2023-02-09 18:57:01 UTC,18878,22,691,,0,0,0,4,685
2023-02-09 19:57:01 UTC,18879,8,699,,3.8,0,0,4,685
2023-02-09 23:57:01 UTC,18880,0,0,,0,0,0,2,707
2023-02-10 00:57:01 UTC,18881,0,0,,0,0,0,2,707
2023-02-10 01:57:01 UTC,18882,1,1,,0,0,0,2,707
2023-02-10 02:57:01 UTC,18883,0,1,,0,0,0,2,707
2023-02-10 03:57:01 UTC,18884,0,1,,0,0,0,2,707
2023-02-10 04:57:01 UTC,18885,8,9,,0,0,0,2,707
2023-02-10 05:57:01 UTC,18886,12,21,,0,0,0,2,707
2023-02-10 06:57:01 UTC,18887,31,52,,0,0,0,2,707
2023-02-10 07:57:01 UTC,18888,56,108,,3.8,0,0,2,707
2023-02-10 08:57:01 UTC,18889,74,188,,0,0,0,2,707
2023-02-10 09:57:01 UTC,18890,71,259,,0,0,0,2,707
2023-02-10 10:57:01 UTC,18891,70,329,,0,0,0,2,707
2023-02-10 11:57:01 UTC,18892,87,416,,0,0,0,2,707
2023-02-10 12:57:01 UTC,18893,59,475,,0,0,0,2,707
2023-02-10 13:57:01 UTC,18894,88,563,,0,0,0,2,707
2023-02-10 14:57:01 UTC,18895,78,641,,0,0,0,2,707
2023-02-10 15:57:01 UTC,18896,59,700,,0,0,0,2,707
2023-02-10 16:57:01 UTC,18897,63,763,,0,0,0,3,707
2023-02-10 17:57:01 UTC,18898,39,802,,0,0,0,3,707
2023-02-10 18:57:01 UTC,18899,20,822,,0,0,0,3,707
2023-02-10 19:57:01 UTC,18900,9,831,,3.7,0,0,3,707
2023-02-10 20:57:01 UTC,18901,5,836,,0,0,0,3,707
2023-02-10 21:57:01 UTC,18902,1,837,,3.7,0,0,3,707
2023-02-10 22:57:01 UTC,18903,,,837,,,,,
2023-02-10 23:57:01 UTC,18904,0,0,,0,0,0,0,838
2023-02-11 00:57:01 UTC,18905,0,0,,0,0,0,0,838
2023-02-11 01:57:01 UTC,18906,0,0,,0,0,0,0,838
2023-02-11 02:57:01 UTC,18907,0,0,,0,0,0,0,838
2023-02-11 03:57:01 UTC,18908,0,0,,3.9,0,0,0,838
2023-02-11 04:57:01 UTC,18909,0,0,,0,0,0,0,838
2023-02-11 05:57:01 UTC,18910,3,3,,0,0,0,0,838
2023-02-11 06:57:01 UTC,18911,10,13,,0,0,0,0,838
2023-02-11 07:57:01 UTC,18912,47,60,,3.9,0,0,0,838
2023-02-11 08:57:01 UTC,18913,98,163,,0,0,0,0,838
2023-02-11 09:57:01 UTC,18914,145,308,,0,0,0,0,838
2023-02-11 10:57:01 UTC,18915,158,466,,0,0,0,0,838
2023-02-11 11:57:01 UTC,18916,174,640,,0,0,0,0,838
2023-02-11 12:57:01 UTC,18917,129,769,,0,0,0,0,838
2023-02-11 13:57:01 UTC,18918,108,877,,0,0,0,0,838
2023-02-11 14:57:01 UTC,18919,135,1012,,0,0,0,0,838
2023-02-11 15:57:01 UTC,18920,90,1102,,0,0,0,0,838
2023-02-11 16:57:01 UTC,18921,60,1162,,0,0,0,1,838
2023-02-11 17:57:01 UTC,18922,27,1189,,0,0,0,1,838
2023-02-11 18:57:01 UTC,18923,11,1200,,0,0,0,1,838
2023-02-11 19:57:01 UTC,18924,3,1203,,3.8,0,0,1,838
2023-02-11 20:57:01 UTC,18925,1,1204,,0,0,0,3,838
2023-02-11 21:57:01 UTC,18926,1,1205,,3.8,0,0,3,838
2023-02-11 22:57:01 UTC,18927,,,1205,,,,,
2023-02-11 23:57:01 UTC,18928,2,2,,0,0,0,0,1206
2023-02-12 00:57:01 UTC,18929,2,4,,0,0,0,0,1206
2023-02-12 01:57:01 UTC,18930,0,4,,0,0,0,0,1206
2023-02-12 02:57:01 UTC,18931,0,4,,0,0,0,0,1206
2023-02-12 03:57:01 UTC,18932,1,5,,3.8,0,0,0,1206
2023-02-12 04:57:01 UTC,18933,0,10,,0,0,0,3,1206
2023-02-12 05:57:01 UTC,18934,0,10,,0,0,0,3,1206
2023-02-12 06:57:01 UTC,18935,16,26,,0,0,0,3,1206
2023-02-12 07:57:01 UTC,18936,62,88,,3.8,0,0,3,1206
2023-02-12 08:57:01 UTC,18937,145,233,,0,0,0,3,1206
2023-02-12 09:57:01 UTC,18938,222,455,,0,0,0,3,1206
2023-02-12 10:57:01 UTC,18939,307,762,,0,0,0,3,1206
2023-02-12 11:57:01 UTC,18940,259,1021,,0,0,0,3,1206
2023-02-12 12:57:01 UTC,18941,145,1166,,0,0,0,3,1206
2023-02-12 13:57:01 UTC,18942,107,1273,,0,0,0,3,1206
2023-02-12 14:57:01 UTC,18943,105,1378,,0,0,0,3,1206
2023-02-12 15:57:01 UTC,18944,122,1500,,0,0,0,3,1206
2023-02-12 16:57:01 UTC,18945,81,1581,,0,0,0,5,1206
2023-02-12 17:57:01 UTC,18946,22,1603,,0,0,0,5,1206
2023-02-12 18:57:01 UTC,18947,4,1607,,0,0,0,5,1206
2023-02-12 19:57:01 UTC,18948,5,1612,,3.9,0,0,5,1206
2023-02-12 20:57:01 UTC,18949,7,1619,,3.7,0,0,5,1206
2023-02-12 23:57:01 UTC,18950,0,0,,0,0,0,0,1622
2023-02-13 00:57:01 UTC,18951,0,0,,0,0,0,0,1622
2023-02-13 01:57:01 UTC,18952,0,0,,0,0,0,0,1622
2023-02-13 02:57:01 UTC,18953,0,0,,0,0,0,0,1622
2023-02-13 03:57:01 UTC,18954,1,1,,3.8,0,0,0,1622
2023-02-13 04:57:01 UTC,18955,4,9,,0,0,0,0,1622
2023-02-13 05:57:01 UTC,18956,6,15,,0,0,0,0,1622
2023-02-13 06:57:01 UTC,18957,34,49,,0,0,0,0,1622
2023-02-13 07:57:01 UTC,18958,62,111,,3.9,0,0,0,1622
2023-02-13 08:57:01 UTC,18959,92,210,,0,0,0,1,1622
2023-02-13 09:57:01 UTC,18960,82,292,,0,0,0,1,1622
2023-02-13 10:57:01 UTC,18961,72,364,,0,0,0,1,1622
2023-02-13 11:57:01 UTC,18962,72,436,,0,0,0,1,1622
2023-02-13 12:57:01 UTC,18963,68,504,,0,0,0,1,1622
2023-02-13 13:57:01 UTC,18964,58,562,,0,0,0,1,1622
2023-02-13 14:57:01 UTC,18965,70,632,,0,0,0,1,1622
2023-02-13 15:57:01 UTC,18966,55,687,,0,0,0,1,1622
2023-02-13 16:57:01 UTC,18967,52,739,,0,0,0,2,1622
2023-02-13 17:57:01 UTC,18968,38,777,,0,0,0,2,1622
2023-02-13 18:57:01 UTC,18969,18,795,,0,0,0,2,1622
2023-02-13 19:57:01 UTC,18970,6,801,,3.9,0,0,2,1622
