created_at,entry_id,field1,field2,field3,field4,field5,field6,field7,field8
2022-05-01 00:57:01 UTC,12166,0,4,,0,0,0,0,2703
2022-05-01 01:57:01 UTC,12167,1,5,,0,0,0,0,2703
2022-05-01 02:57:01 UTC,12168,0,5,,3.9,0,0,0,2703
2022-05-01 03:57:01 UTC,12169,0,5,,0,0,0,0,2703
2022-05-01 04:57:01 UTC,12170,6,11,,0,0,0,0,2703
2022-05-01 05:57:01 UTC,12171,31,42,,0,0,0,0,2703
2022-05-01 06:57:01 UTC,12172,77,119,,3.9,0,0,0,2703
2022-05-01 07:57:01 UTC,12173,131,269,,0,0,0,0,2703
2022-05-01 08:57:01 UTC,12174,135,404,,0,0,0,0,2703
2022-05-01 09:57:01 UTC,12175,108,512,,0,0,0,0,2703
2022-05-01 10:57:01 UTC,12176,142,654,,3.9,0,0,0,2703
2022-05-01 11:57:01 UTC,12177,97,766,,0,0,0,0,2703
2022-05-01 12:57:01 UTC,12178,149,915,,0,0,0,0,2703
2022-05-01 13:57:01 UTC,12179,142,1057,,0,0,0,0,2703
2022-05-01 14:57:01 UTC,12180,223,1280,,3.9,0,0,0,2703
2022-05-01 15:57:01 UTC,12181,190,1491,,0,0,0,0,2703
2022-05-01 16:57:01 UTC,12182,131,1622,,0,0,0,0,2703
2022-05-01 17:57:01 UTC,12183,57,1679,,0,0,0,0,2703
2022-05-01 18:57:01 UTC,12184,26,1705,,3.9,0,0,0,2703
2022-05-01 19:57:01 UTC,12185,1,1707,,0,0,0,0,2703
2022-05-01 20:57:01 UTC,12186,4,1711,,3.9,0,0,0,2703
2022-05-01 21:57:01 UTC,12187,,,1711,,,,,
2022-05-01 22:57:01 UTC,12188,0,0,,0,0,0,0,1715
2022-05-01 23:57:01 UTC,12189,1,1,,0,0,0,0,1715
2022-05-02 00:57:01 UTC,12190,1,2,,0,0,0,0,1715
2022-05-02 01:57:01 UTC,12191,0,2,,0,0,0,0,1715
2022-05-02 02:57:01 UTC,12192,2,4,,3.9,0,0,0,1715
2022-05-02 03:57:01 UTC,12193,2,6,,0,0,0,0,1715
2022-05-02 04:57:01 UTC,12194,14,20,,0,0,0,0,1715
2022-05-02 05:57:01 UTC,12195,57,77,,0,0,0,0,1715
2022-05-02 06:57:01 UTC,12196,74,151,,3.9,0,0,0,1715
2022-05-02 07:57:01 UTC,12197,144,314,,0,0,1,0,1715
2022-05-02 08:57:01 UTC,12198,146,460,,0,0,1,0,1715
2022-05-02 09:57:01 UTC,12199,128,588,,0,0,1,0,1715
2022-05-02 10:57:01 UTC,12200,127,715,,3.9,0,1,0,1715
2022-05-02 11:57:01 UTC,12201,156,873,,0,0,1,0,1715
2022-05-02 12:57:01 UTC,12202,111,984,,0,0,1,0,1715
2022-05-02 13:57:01 UTC,12203,147,1131,,0,0,1,0,1715
2022-05-02 14:57:01 UTC,12204,171,1302,,3.9,0,1,0,1715
2022-05-02 15:57:01 UTC,12205,201,1508,,0,0,1,0,1715
2022-05-02 16:57:01 UTC,12206,161,1669,,0,0,1,0,1715
2022-05-02 17:57:01 UTC,12207,73,1742,,0,0,1,0,1715
2022-05-02 18:57:01 UTC,12208,15,1757,,3.9,0,1,0,1715
2022-05-02 19:57:01 UTC,12209,0,1757,,0,0,2,0,1715
2022-05-02 20:57:01 UTC,12210,1,1758,,3.9,0,2,0,1715
2022-05-02 21:57:01 UTC,12211,,,1758,,,,,
2022-05-02 22:57:01 UTC,12212,0,0,,0,0,0,0,1762
2022-05-02 23:57:01 UTC,12213,0,0,,0,0,0,0,1762
2022-05-03 00:57:01 UTC,12214,0,0,,0,0,0,0,1762
2022-05-03 01:57:01 UTC,12215,0,0,,0,0,0,0,1762
2022-05-03 02:57:01 UTC,12216,0,0,,3.9,0,0,0,1762
2022-05-03 03:57:01 UTC,12217,3,3,,0,0,0,0,1762
2022-05-03 04:57:01 UTC,12218,19,22,,0,0,0,0,1762
2022-05-03 05:57:01 UTC,12219,89,111,,0,0,0,0,1762
2022-05-03 06:57:01 UTC,12220,123,234,,3.9,0,0,0,1762
2022-05-03 07:57:01 UTC,12221,131,380,,0,0,0,0,1762
2022-05-03 08:57:01 UTC,12222,151,531,,0,0,0,0,1762
2022-05-03 09:57:01 UTC,12223,139,670,,0,0,0,0,1762
2022-05-03 10:57:01 UTC,12224,180,850,,3.9,0,0,0,1762
2022-05-03 11:57:01 UTC,12225,140,996,,0,0,0,0,1762
2022-05-03 12:57:01 UTC,12226,104,1100,,0,0,0,0,1762
2022-05-03 13:57:01 UTC,12227,145,1245,,0,0,0,0,1762
2022-05-03 14:57:01 UTC,12228,136,1381,,3.9,0,0,0,1762
2022-05-03 15:57:01 UTC,12229,186,1573,,0,0,0,0,1762
2022-05-03 16:57:01 UTC,12230,136,1709,,0,0,0,0,1762
2022-05-03 17:57:01 UTC,12231,118,1827,,0,0,0,0,1762
2022-05-03 18:57:01 UTC,12232,45,1872,,3.9,0,0,0,1762
2022-05-03 19:57:01 UTC,12233,7,1881,,0,0,0,0,1762
2022-05-03 20:57:01 UTC,12234,3,1884,,3.9,0,0,0,1762
2022-05-03 21:57:01 UTC,12235,,,1884,,,,,
2022-05-03 22:57:01 UTC,12236,0,0,,0,0,0,0,1884
2022-05-03 23:57:01 UTC,12237,0,0,,0,0,0,0,1884
2022-05-04 00:57:01 UTC,12238,0,0,,0,0,0,0,1884
2022-05-04 01:57:01 UTC,12239,0,0,,0,0,0,0,1884
2022-05-04 02:57:01 UTC,12240,2,2,,3.9,0,0,0,1884
2022-05-04 03:57:01 UTC,12241,7,9,,0,0,0,0,1884
2022-05-04 04:57:01 UTC,12242,28,37,,0,0,0,0,1884
2022-05-04 05:57:01 UTC,12243,68,105,,0,0,0,0,1884
2022-05-04 06:57:01 UTC,12244,87,192,,3.9,0,0,0,1884
2022-05-04 07:57:01 UTC,12245,121,323,,0,0,0,0,1884
2022-05-04 08:57:01 UTC,12246,77,400,,0,0,0,0,1884
2022-05-04 09:57:01 UTC,12247,101,501,,0,0,0,0,1884
2022-05-04 10:57:01 UTC,12248,108,609,,3.9,0,0,0,1884
2022-05-04 11:57:01 UTC,12249,123,735,,0,0,0,0,1884
2022-05-04 12:57:01 UTC,12250,95,830,,0,0,0,0,1884
2022-05-04 13:57:01 UTC,12251,94,924,,0,0,0,0,1884
2022-05-04 14:57:01 UTC,12252,121,1045,,3.9,0,0,0,1884
2022-05-04 15:57:01 UTC,12253,152,1204,,0,0,0,0,1884
2022-05-04 16:57:01 UTC,12254,138,1342,,0,0,0,0,1884
2022-05-04 17:57:01 UTC,12255,102,1444,,0,0,0,0,1884
2022-05-04 18:57:01 UTC,12256,35,1479,,3.9,0,0,0,1884
2022-05-04 19:57:01 UTC,12257,8,1490,,0,0,0,0,1884
2022-05-04 20:57:01 UTC,12258,0,1490,,3.9,0,0,0,1884
2022-05-04 21:57:01 UTC,12259,,,1490,,,,,
2022-05-04 22:57:01 UTC,12260,3,3,,0,0,0,0,1491
2022-05-04 23:57:01 UTC,12261,0,3,,0,0,0,0,1491
2022-05-05 00:57:01 UTC,12262,0,3,,0,0,0,0,1491
2022-05-05 01:57:01 UTC,12263,0,3,,0,0,0,0,1491
2022-05-05 02:57:01 UTC,12264,4,7,,3.9,0,0,0,1491
2022-05-05 03:57:01 UTC,12265,1,9,,0,0,0,0,1491
2022-05-05 04:57:01 UTC,12266,18,27,,0,0,0,0,1491
2022-05-05 05:57:01 UTC,12267,56,83,,0,0,0,0,1491
2022-05-05 06:57:01 UTC,12268,62,145,,3.9,0,0,0,1491
2022-05-05 07:57:01 UTC,12269,59,216,,0,0,0,0,1491
2022-05-05 08:57:01 UTC,12270,39,255,,0,0,0,0,1491
2022-05-05 09:57:01 UTC,12271,31,286,,0,0,0,0,1491
2022-05-05 10:57:01 UTC,12272,34,320,,3.9,0,0,0,1491
2022-05-05 11:57:01 UTC,12273,43,367,,0,0,0,0,1491
2022-05-05 12:57:01 UTC,12274,33,400,,0,0,0,0,1491
2022-05-05 13:57:01 UTC,12275,29,429,,0,0,0,0,1491
2022-05-05 14:57:01 UTC,12276,35,464,,3.9,0,0,0,1491
2022-05-05 15:57:01 UTC,12277,51,519,,0,0,0,0,1491
2022-05-05 16:57:01 UTC,12278,83,602,,0,0,0,0,1491
2022-05-05 17:57:01 UTC,12279,58,660,,0,0,0,0,1491
2022-05-05 18:57:01 UTC,12280,18,678,,3.9,0,0,0,1491
2022-05-05 19:57:01 UTC,12281,2,681,,0,0,0,0,1491
2022-05-05 20:57:01 UTC,12282,0,681,,3.9,0,0,0,1491
2022-05-05 21:57:01 UTC,12283,,,681,,,,,
2022-05-05 22:57:01 UTC,12284,8,8,,0,0,0,0,683
2022-05-05 23:57:01 UTC,12285,1,9,,0,0,0,0,683
2022-05-06 00:57:01 UTC,12286,0,9,,0,0,0,0,683
2022-05-06 01:57:01 UTC,12287,0,9,,0,0,0,0,683
2022-05-06 02:57:01 UTC,12288,0,9,,3.9,0,0,0,683
2022-05-06 03:57:01 UTC,12289,1,10,,0,0,0,0,683
2022-05-06 04:57:01 UTC,12290,19,29,,0,0,0,0,683
2022-05-06 05:57:01 UTC,12291,48,77,,0,0,0,0,683
2022-05-06 06:57:01 UTC,12292,90,167,,3.9,0,0,0,683
2022-05-06 07:57:01 UTC,12293,81,259,,0,0,0,0,683
2022-05-06 08:57:01 UTC,12294,104,363,,0,0,0,0,683
2022-05-06 09:57:01 UTC,12295,64,427,,0,0,0,0,683
2022-05-06 10:57:01 UTC,12296,67,494,,3.9,0,0,0,683
2022-05-06 11:57:01 UTC,12297,61,560,,0,0,0,0,683
2022-05-06 12:57:01 UTC,12298,29,589,,0,0,0,0,683
2022-05-06 13:57:01 UTC,12299,31,620,,0,0,0,0,683
2022-05-06 14:57:01 UTC,12300,41,661,,3.9,0,0,0,683
2022-05-06 15:57:01 UTC,12301,47,713,,0,0,0,0,683
2022-05-06 16:57:01 UTC,12302,23,736,,0,0,0,0,683
2022-05-06 17:57:01 UTC,12303,20,756,,0,0,0,0,683
2022-05-06 18:57:01 UTC,12304,15,771,,3.9,0,0,0,683
2022-05-06 19:57:01 UTC,12305,3,775,,0,0,0,0,683
2022-05-06 20:57:01 UTC,12306,3,778,,3.9,0,0,0,683
2022-05-06 21:57:01 UTC,12307,,,778,,,,,
2022-05-06 22:57:01 UTC,12308,1,1,,0,0,0,0,782
2022-05-06 23:57:01 UTC,12309,0,1,,0,0,0,0,782
2022-05-07 00:57:01 UTC,12310,0,1,,0,0,0,0,782
2022-05-07 01:57:01 UTC,12311,0,1,,0,0,0,0,782
2022-05-07 02:57:01 UTC,12312,3,4,,3.9,0,0,0,782
2022-05-07 03:57:01 UTC,12313,1,5,,0,0,0,0,782
2022-05-07 04:57:01 UTC,12314,15,20,,0,0,0,0,782
2022-05-07 05:57:01 UTC,12315,46,66,,0,0,0,0,782
2022-05-07 06:57:01 UTC,12316,84,150,,3.9,0,0,0,782
2022-05-07 07:57:01 UTC,12317,158,319,,0,0,0,0,782
2022-05-07 08:57:01 UTC,12318,215,534,,0,0,0,0,782
2022-05-07 09:57:01 UTC,12319,194,728,,0,0,0,0,782
2022-05-07 10:57:01 UTC,12320,136,864,,3.9,0,0,0,782
2022-05-07 11:57:01 UTC,12321,77,954,,0,0,0,0,782
2022-05-07 12:57:01 UTC,12322,72,1026,,0,0,0,0,782
2022-05-07 13:57:01 UTC,12323,73,1099,,0,0,0,0,782
2022-05-07 14:57:01 UTC,12324,60,1159,,3.9,0,0,0,782
2022-05-07 15:57:01 UTC,12325,57,1224,,0,0,0,0,782
2022-05-07 16:57:01 UTC,12326,61,1285,,0,0,0,0,782
2022-05-07 17:57:01 UTC,12327,62,1347,,0,0,0,0,782
2022-05-07 18:57:01 UTC,12328,32,1379,,3.9,0,0,0,782
2022-05-07 19:57:01 UTC,12329,4,1383,,0,0,0,0,782
2022-05-07 20:57:01 UTC,12330,6,1389,,3.9,0,0,0,782
2022-05-07 21:57:01 UTC,12331,,,1389,,,,,
2022-05-07 22:57:01 UTC,12332,3,3,,0,0,0,0,1399
2022-05-07 23:57:01 UTC,12333,3,6,,0,0,0,0,1399
2022-05-08 00:57:01 UTC,12334,0,6,,0,0,0,0,1399
2022-05-08 01:57:01 UTC,12335,5,11,,0,0,0,0,1399
2022-05-08 02:57:01 UTC,12336,0,11,,3.9,0,0,0,1399
2022-05-08 03:57:01 UTC,12337,1,12,,0,0,0,0,1399
2022-05-08 04:57:01 UTC,12338,4,16,,0,0,0,0,1399
2022-05-08 05:57:01 UTC,12339,53,69,,0,0,0,0,1399
2022-05-08 06:57:01 UTC,12340,111,180,,3.9,0,0,0,1399
2022-05-08 07:57:01 UTC,12341,271,477,,0,0,0,0,1399
2022-05-08 08:57:01 UTC,12342,309,786,,0,0,0,0,1399
2022-05-08 09:57:01 UTC,12343,348,1134,,0,0,0,0,1399
2022-05-08 10:57:01 UTC,12344,235,1369,,3.9,0,0,0,1399
2022-05-08 11:57:01 UTC,12345,123,1495,,0,0,0,0,1399
2022-05-08 12:57:01 UTC,12346,72,1567,,0,0,0,0,1399
2022-05-08 13:57:01 UTC,12347,81,1648,,0,0,0,0,1399
2022-05-08 14:57:01 UTC,12348,106,1754,,3.9,0,0,0,1399
2022-05-08 15:57:01 UTC,12349,102,1865,,0,0,0,0,1399
2022-05-08 16:57:01 UTC,12350,94,1959,,0,0,0,0,1399
2022-05-08 17:57:01 UTC,12351,68,2027,,0,0,0,0,1399
2022-05-08 18:57:01 UTC,12352,16,2043,,3.9,0,0,0,1399
2022-05-08 19:57:01 UTC,12353,4,2049,,0,0,0,0,1399
2022-05-08 20:57:01 UTC,12354,1,2050,,3.9,0,0,0,1399
2022-05-08 21:57:01 UTC,12355,,,2050,,,,,
2022-05-08 22:57:01 UTC,12356,0,0,,0,0,0,0,2051
2022-05-08 23:57:01 UTC,12357,0,0,,0,0,0,0,2051
2022-05-09 00:57:01 UTC,12358,1,1,,0,0,0,0,2051
2022-05-09 01:57:01 UTC,12359,0,1,,0,0,0,0,2051
2022-05-09 02:57:01 UTC,12360,2,3,,3.9,0,0,0,2051
2022-05-09 03:57:01 UTC,12361,0,3,,0,0,0,0,2051
2022-05-09 04:57:01 UTC,12362,20,23,,0,0,0,0,2051
2022-05-09 05:57:01 UTC,12363,53,76,,0,0,0,0,2051
2022-05-09 06:57:01 UTC,12364,73,149,,3.9,0,0,0,2051
2022-05-09 07:57:01 UTC,12365,176,341,,0,0,0,0,2051
2022-05-09 08:57:01 UTC,12366,138,479,,0,0,0,0,2051
2022-05-09 09:57:01 UTC,12367,155,634,,0,0,0,0,2051
2022-05-09 10:57:01 UTC,12368,85,719,,3.9,0,0,0,2051
2022-05-09 11:57:01 UTC,12369,69,791,,0,0,0,0,2051
2022-05-09 12:57:01 UTC,12370,76,867,,0,0,0,0,2051
2022-05-09 13:57:01 UTC,12371,66,933,,0,0,0,0,2051
2022-05-09 14:57:01 UTC,12372,64,997,,3.9,0,0,0,2051
2022-05-09 15:57:01 UTC,12373,82,1084,,0,0,0,0,2051
2022-05-09 16:57:01 UTC,12374,67,1151,,0,0,0,0,2051
2022-05-09 17:57:01 UTC,12375,89,1240,,0,0,0,0,2051
2022-05-09 18:57:01 UTC,12376,49,1289,,3.9,0,0,0,2051
2022-05-09 19:57:01 UTC,12377,3,1294,,0,0,0,0,2051
2022-05-09 20:57:01 UTC,12378,1,1295,,3.9,0,0,0,2051
2022-05-09 21:57:01 UTC,12379,,,1295,,,,,
