created_at,entry_id,field1,field2,field3,field4,field5,field6,field7,field8
2022-11-01 00:57:01 UTC,16543,3,6,,0,0,0,0,1357
2022-11-01 01:57:01 UTC,16544,2,8,,0,0,0,0,1357
2022-11-01 02:57:01 UTC,16545,1,9,,0,0,0,0,1357
2022-11-01 03:57:01 UTC,16546,1,10,,3.9,0,0,0,1357
2022-11-01 04:57:01 UTC,16547,3,13,,0,0,0,0,1357
2022-11-01 05:57:01 UTC,16548,15,28,,0,0,0,0,1357
2022-11-01 06:57:01 UTC,16549,43,71,,0,0,0,0,1357
2022-11-01 07:57:01 UTC,16550,122,193,,3.9,0,0,0,1357
2022-11-01 08:57:01 UTC,16551,245,469,,0,0,0,0,1357
2022-11-01 09:57:01 UTC,16552,368,837,,0,0,0,0,1357
2022-11-01 10:57:01 UTC,16553,425,1262,,0,0,0,0,1357
2022-11-01 11:57:01 UTC,16554,303,1565,,3.9,0,0,0,1357
2022-11-01 12:57:01 UTC,16555,234,1808,,0,0,0,0,1357
2022-11-01 13:57:01 UTC,16556,168,1976,,0,0,0,0,1357
2022-11-01 14:57:01 UTC,16557,183,2159,,0,0,0,0,1357
2022-11-01 15:57:01 UTC,16558,136,2295,,3.9,0,0,0,1357
2022-11-01 16:57:01 UTC,16559,118,2419,,0,0,0,0,1357
2022-11-01 17:57:01 UTC,16560,21,2440,,0,0,0,0,1357
2022-11-01 18:57:01 UTC,16561,16,2456,,0,0,0,0,1357
2022-11-01 19:57:01 UTC,16562,19,2475,,3.9,0,0,0,1357
2022-11-01 20:57:01 UTC,16563,7,2483,,0,0,0,0,1357
2022-11-01 21:57:01 UTC,16564,3,2486,,3.9,0,0,0,1357
2022-11-01 22:57:01 UTC,16565,,,2486,,,,,
2022-11-01 23:57:01 UTC,16566,1,1,,0,0,0,0,2489
2022-11-02 00:57:01 UTC,16567,0,1,,0,0,0,0,2489
2022-11-02 01:57:01 UTC,16568,1,2,,0,0,0,0,2489
2022-11-02 02:57:01 UTC,16569,0,2,,0,0,0,0,2489
2022-11-02 03:57:01 UTC,16570,0,2,,3.9,0,0,0,2489
2022-11-02 04:57:01 UTC,16571,2,6,,0,0,0,0,2489
2022-11-02 05:57:01 UTC,16572,10,16,,0,0,0,0,2489
2022-11-02 06:57:01 UTC,16573,52,68,,0,0,0,0,2489
2022-11-02 07:57:01 UTC,16574,80,148,,3.9,0,0,0,2489
2022-11-02 08:57:01 UTC,16575,99,262,,0,0,0,0,2489
2022-11-02 09:57:01 UTC,16576,72,334,,0,0,0,0,2489
2022-11-02 10:57:01 UTC,16577,68,402,,0,0,0,0,2489
2022-11-02 11:57:01 UTC,16578,52,454,,3.9,0,0,0,2489
2022-11-02 12:57:01 UTC,16579,43,502,,0,0,0,0,2489
2022-11-02 13:57:01 UTC,16580,73,575,,0,0,0,0,2489
2022-11-02 14:57:01 UTC,16581,80,655,,0,0,0,0,2489
2022-11-02 15:57:01 UTC,16582,65,720,,3.9,0,0,0,2489
2022-11-02 16:57:01 UTC,16583,47,771,,0,0,0,0,2489
2022-11-02 17:57:01 UTC,16584,37,808,,0,0,0,0,2489
2022-11-02 18:57:01 UTC,16585,44,852,,0,0,0,0,2489
2022-11-02 19:57:01 UTC,16586,19,871,,3.9,0,0,0,2489
2022-11-02 20:57:01 UTC,16587,19,891,,0,0,0,0,2489
2022-11-02 21:57:01 UTC,16588,2,893,,3.9,0,0,0,2489
2022-11-02 22:57:01 UTC,16589,,,893,,,,,
2022-11-02 23:57:01 UTC,16590,0,0,,0,0,0,0,894
2022-11-03 00:57:01 UTC,16591,1,1,,0,0,0,0,894
2022-11-03 01:57:01 UTC,16592,0,1,,0,0,0,0,894
2022-11-03 02:57:01 UTC,16593,0,1,,0,0,0,0,894
2022-11-03 03:57:01 UTC,16594,0,1,,3.9,0,0,0,894
2022-11-03 04:57:01 UTC,16595,3,9,,0,0,0,0,894
2022-11-03 05:57:01 UTC,16596,13,22,,0,0,0,0,894
2022-11-03 06:57:01 UTC,16597,74,96,,0,0,0,0,894
2022-11-03 07:57:01 UTC,16598,89,185,,3.7,0,0,0,894
2022-11-03 08:57:01 UTC,16599,100,299,,0,0,0,0,894
2022-11-03 09:57:01 UTC,16600,101,400,,0,0,0,0,894
2022-11-03 10:57:01 UTC,16601,59,459,,0,0,0,0,894
2022-11-03 11:57:01 UTC,16602,72,531,,3.9,0,0,0,894
2022-11-03 12:57:01 UTC,16603,86,627,,0,0,0,0,894
2022-11-03 13:57:01 UTC,16604,61,688,,0,0,0,0,894
2022-11-03 14:57:01 UTC,16605,61,749,,0,0,0,0,894
2022-11-03 15:57:01 UTC,16606,64,813,,3.9,0,0,0,894
2022-11-03 16:57:01 UTC,16607,65,885,,0,0,0,0,894
2022-11-03 17:57:01 UTC,16608,30,915,,0,0,0,0,894
2022-11-03 18:57:01 UTC,16609,22,937,,0,0,0,0,894
2022-11-03 19:57:01 UTC,16610,17,954,,3.9,0,0,0,894
2022-11-03 20:57:01 UTC,16611,10,965,,0,0,0,0,894
2022-11-03 21:57:01 UTC,16612,4,969,,3.9,0,0,0,894
2022-11-03 22:57:01 UTC,16613,,,969,,,,,
2022-11-03 23:57:01 UTC,16614,4,4,,0,0,0,0,981
2022-11-04 00:57:01 UTC,16615,0,4,,0,0,0,0,981
2022-11-04 01:57:01 UTC,16616,0,4,,0,0,0,0,981
2022-11-04 02:57:01 UTC,16617,0,4,,0,0,0,0,981
2022-11-04 03:57:01 UTC,16618,2,6,,3.8,0,0,0,981
2022-11-04 04:57:01 UTC,16619,0,6,,0,0,0,0,981
2022-11-04 05:57:01 UTC,16620,19,25,,0,0,0,0,981
2022-11-04 06:57:01 UTC,16621,50,75,,0,0,0,0,981
2022-11-04 07:57:01 UTC,16622,33,108,,3.8,0,0,0,981
2022-11-04 08:57:01 UTC,16623,27,136,,0,0,0,0,981
2022-11-04 09:57:01 UTC,16624,40,176,,0,0,0,0,981
2022-11-04 10:57:01 UTC,16625,43,219,,0,0,0,0,981
2022-11-04 11:57:01 UTC,16626,36,255,,3.9,0,0,0,981
2022-11-04 12:57:01 UTC,16627,31,293,,0,0,0,1,981
2022-11-04 13:57:01 UTC,16628,31,324,,0,0,0,1,981
2022-11-04 14:57:01 UTC,16629,36,360,,0,0,0,1,981
2022-11-04 15:57:01 UTC,16630,48,408,,3.8,0,0,1,981
2022-11-04 16:57:01 UTC,16631,55,472,,0,0,0,1,981
2022-11-04 17:57:01 UTC,16632,41,513,,0,0,0,1,981
2022-11-04 18:57:01 UTC,16633,24,537,,0,0,0,1,981
2022-11-04 19:57:01 UTC,16634,12,549,,3.9,0,0,1,981
2022-11-04 20:57:01 UTC,16635,12,568,,0,0,4,6,981
2022-11-04 21:57:01 UTC,16636,3,571,,3.8,0,4,6,981
2022-11-04 22:57:01 UTC,16637,,,571,,,,,
2022-11-04 23:57:01 UTC,16638,1,1,,0,0,0,0,575
2022-11-05 00:57:01 UTC,16639,1,2,,0,0,0,0,575
2022-11-05 01:57:01 UTC,16640,0,2,,0,0,0,0,575
2022-11-05 02:57:01 UTC,16641,0,2,,0,0,0,0,575
2022-11-05 03:57:01 UTC,16642,1,3,,3.8,0,0,0,575
2022-11-05 04:57:01 UTC,16643,1,5,,0,0,0,2,575
2022-11-05 05:57:01 UTC,16644,7,12,,0,0,0,2,575
2022-11-05 06:57:01 UTC,16645,55,67,,0,0,0,2,575
2022-11-05 07:57:01 UTC,16646,97,164,,3.9,0,0,2,575
2022-11-05 08:57:01 UTC,16647,136,310,,0,0,0,2,575
2022-11-05 09:57:01 UTC,16648,152,462,,0,0,0,2,575
2022-11-05 10:57:01 UTC,16649,115,577,,0,0,0,2,575
2022-11-05 11:57:01 UTC,16650,140,717,,3.9,0,0,2,575
2022-11-05 12:57:01 UTC,16651,87,814,,0,0,0,2,575
2022-11-05 13:57:01 UTC,16652,71,885,,0,0,0,2,575
2022-11-05 14:57:01 UTC,16653,63,948,,0,0,0,2,575
2022-11-05 15:57:01 UTC,16654,115,1063,,3.9,0,0,2,575
2022-11-05 16:57:01 UTC,16655,55,1130,,0,0,0,2,575
2022-11-05 17:57:01 UTC,16656,22,1152,,0,0,0,2,575
2022-11-05 18:57:01 UTC,16657,9,1161,,0,0,0,2,575
2022-11-05 19:57:01 UTC,16658,2,1163,,3.9,0,0,2,575
2022-11-05 20:57:01 UTC,16659,2,1166,,0,0,0,2,575
2022-11-05 21:57:01 UTC,16660,4,1170,,3.9,0,0,2,575
2022-11-05 22:57:01 UTC,16661,,,1170,,,,,
2022-11-05 23:57:01 UTC,16662,0,0,,0,0,0,0,1173
2022-11-06 00:57:01 UTC,16663,1,1,,0,0,0,0,1173
2022-11-06 01:57:01 UTC,16664,0,1,,0,0,0,0,1173
2022-11-06 02:57:01 UTC,16665,0,1,,0,0,0,0,1173
2022-11-06 03:57:01 UTC,16666,0,1,,3.9,0,0,0,1173
2022-11-06 04:57:01 UTC,16667,4,5,,0,0,0,0,1173
2022-11-06 05:57:01 UTC,16668,7,12,,0,0,0,0,1173
2022-11-06 06:57:01 UTC,16669,63,75,,0,0,0,0,1173
2022-11-06 07:57:01 UTC,16670,128,203,,3.9,0,0,0,1173
2022-11-06 08:57:01 UTC,16671,275,511,,0,0,0,0,1173
2022-11-06 09:57:01 UTC,16672,352,863,,0,0,0,0,1173
2022-11-06 10:57:01 UTC,16673,413,1276,,0,0,0,0,1173
2022-11-06 11:57:01 UTC,16674,310,1586,,3.9,0,0,0,1173
2022-11-06 12:57:01 UTC,16675,181,1782,,0,0,0,0,1173
2022-11-06 13:57:01 UTC,16676,150,1932,,0,0,0,0,1173
2022-11-06 14:57:01 UTC,16677,160,2092,,0,0,0,0,1173
2022-11-06 15:57:01 UTC,16678,130,2222,,3.9,0,0,0,1173
2022-11-06 16:57:01 UTC,16679,57,2284,,0,0,0,0,1173
2022-11-06 17:57:01 UTC,16680,17,2301,,0,0,0,0,1173
2022-11-06 18:57:01 UTC,16681,16,2317,,0,0,0,0,1173
2022-11-06 19:57:01 UTC,16682,12,2329,,3.9,0,0,0,1173
2022-11-06 20:57:01 UTC,16683,8,2340,,0,0,1,0,1173
2022-11-06 21:57:01 UTC,16684,3,2343,,3.9,0,1,0,1173
2022-11-06 22:57:01 UTC,16685,,,2343,,,,,
2022-11-06 23:57:01 UTC,16686,0,0,,0,0,0,0,2344
2022-11-07 00:57:01 UTC,16687,4,4,,0,0,0,0,2344
2022-11-07 01:57:01 UTC,16688,1,5,,0,0,0,0,2344
2022-11-07 02:57:01 UTC,16689,0,5,,0,0,0,0,2344
2022-11-07 03:57:01 UTC,16690,0,5,,3.9,0,0,0,2344
2022-11-07 04:57:01 UTC,16691,0,6,,0,0,0,0,2344
2022-11-07 05:57:01 UTC,16692,11,17,,0,0,0,0,2344
2022-11-07 06:57:01 UTC,16693,62,79,,0,0,0,0,2344
2022-11-07 07:57:01 UTC,16694,69,148,,3.9,0,0,0,2344
2022-11-07 08:57:01 UTC,16695,89,256,,0,0,0,0,2344
2022-11-07 09:57:01 UTC,16696,93,349,,0,0,0,0,2344
2022-11-07 10:57:01 UTC,16697,91,440,,0,0,0,0,2344
2022-11-07 11:57:01 UTC,16698,79,519,,3.9,0,0,0,2344
2022-11-07 12:57:01 UTC,16699,103,628,,0,0,0,0,2344
2022-11-07 13:57:01 UTC,16700,99,727,,0,0,0,0,2344
2022-11-07 14:57:01 UTC,16701,69,796,,0,0,0,0,2344
2022-11-07 15:57:01 UTC,16702,68,864,,3.9,0,0,0,2344
2022-11-07 16:57:01 UTC,16703,57,928,,0,0,0,0,2344
2022-11-07 17:57:01 UTC,16704,47,975,,0,0,0,0,2344
2022-11-07 18:57:01 UTC,16705,31,1006,,0,0,0,0,2344
2022-11-07 19:57:01 UTC,16706,14,1020,,3.9,0,0,0,2344
2022-11-07 20:57:01 UTC,16707,7,1029,,0,0,0,0,2344
2022-11-07 21:57:01 UTC,16708,1,1030,,3.9,0,0,0,2344
2022-11-07 22:57:01 UTC,16709,,,1030,,,,,
2022-11-07 23:57:01 UTC,16710,1,1,,0,0,0,0,1032
2022-11-08 00:57:01 UTC,16711,0,1,,0,0,0,0,1032
2022-11-08 01:57:01 UTC,16712,0,1,,0,0,0,0,1032
2022-11-08 02:57:01 UTC,16713,0,1,,0,0,0,0,1032
2022-11-08 03:57:01 UTC,16714,3,4,,3.9,0,0,0,1032
2022-11-08 04:57:01 UTC,16715,2,10,,0,0,0,0,1032
2022-11-08 05:57:01 UTC,16716,13,23,,0,0,0,0,1032
2022-11-08 06:57:01 UTC,16717,79,102,,0,0,0,0,1032
2022-11-08 07:57:01 UTC,16718,101,203,,3.9,0,0,0,1032
2022-11-08 08:57:01 UTC,16719,118,347,,0,0,0,0,1032
2022-11-08 09:57:01 UTC,16720,132,479,,0,0,0,0,1032
2022-11-08 10:57:01 UTC,16721,104,583,,0,0,0,0,1032
2022-11-08 11:57:01 UTC,16722,92,675,,3.9,0,0,0,1032
2022-11-08 12:57:01 UTC,16723,109,789,,0,0,0,0,1032
2022-11-08 13:57:01 UTC,16724,76,865,,0,0,0,0,1032
2022-11-08 14:57:01 UTC,16725,76,941,,0,0,0,0,1032
2022-11-08 15:57:01 UTC,16726,67,1008,,3.9,0,0,0,1032
2022-11-08 16:57:01 UTC,16727,62,1074,,0,0,0,0,1032
2022-11-08 17:57:01 UTC,16728,47,1121,,0,0,0,0,1032
2022-11-08 18:57:01 UTC,16729,25,1146,,0,0,0,0,1032
2022-11-08 19:57:01 UTC,16730,19,1165,,3.9,0,0,0,1032
2022-11-08 20:57:01 UTC,16731,6,1173,,0,0,0,0,1032
2022-11-08 21:57:01 UTC,16732,5,1178,,3.9,0,0,0,1032
2022-11-08 22:57:01 UTC,16733,,,1178,,,,,
2022-11-08 23:57:01 UTC,16734,1,1,,0,0,0,0,1181
2022-11-09 00:57:01 UTC,16735,0,1,,0,0,0,0,1181
2022-11-09 01:57:01 UTC,16736,0,1,,0,0,0,0,1181
2022-11-09 02:57:01 UTC,16737,0,1,,0,0,0,0,1181
2022-11-09 03:57:01 UTC,16738,2,3,,3.9,0,0,0,1181
2022-11-09 04:57:01 UTC,16739,1,4,,0,0,0,0,1181
2022-11-09 05:57:01 UTC,16740,17,21,,0,0,0,0,1181
2022-11-09 06:57:01 UTC,16741,82,103,,0,0,0,0,1181
2022-11-09 07:57:01 UTC,16742,73,176,,3.9,0,0,0,1181
2022-11-09 08:57:01 UTC,16743,71,264,,0,0,0,0,1181
2022-11-09 09:57:01 UTC,16744,69,333,,0,0,0,0,1181
2022-11-09 10:57:01 UTC,16745,56,389,,0,0,0,0,1181
2022-11-09 11:57:01 UTC,16746,44,433,,3.9,0,0,0,1181
2022-11-09 12:57:01 UTC,16747,80,522,,0,0,0,0,1181
2022-11-09 13:57:01 UTC,16748,53,575,,0,0,0,0,1181
2022-11-09 14:57:01 UTC,16749,49,624,,0,0,0,0,1181
2022-11-09 15:57:01 UTC,16750,63,687,,3.9,0,0,0,1181
2022-11-10 23:57:01 UTC,16751,2,2,,0,0,0,0,771
2022-11-11 00:57:01 UTC,16752,0,2,,0,0,0,0,771
2022-11-11 01:57:01 UTC,16753,0,2,,0,0,0,0,771
2022-11-11 02:57:01 UTC,16754,1,3,,0,0,0,0,771
2022-11-11 03:57:01 UTC,16755,4,7,,3.9,0,0,0,771
2022-11-11 04:57:01 UTC,16756,3,10,,0,0,0,0,771
2022-11-11 05:57:01 UTC,16757,6,16,,0,0,0,0,771
2022-11-11 06:57:01 UTC,16758,73,89,,0,0,0,0,771
2022-11-11 07:57:01 UTC,16759,92,181,,3.9,0,0,0,771
2022-11-11 08:57:01 UTC,16760,122,324,,0,0,0,0,771
2022-11-11 09:57:01 UTC,16761,104,428,,0,0,0,0,771
2022-11-11 10:57:01 UTC,16762,123,551,,0,0,0,0,771
2022-11-11 11:57:01 UTC,16763,81,632,,3.9,0,0,0,771
2022-11-11 12:57:01 UTC,16764,88,721,,0,0,0,0,771
2022-11-11 13:57:01 UTC,16765,93,814,,0,0,0,0,771
2022-11-11 14:57:01 UTC,16766,76,890,,0,0,0,0,771
2022-11-11 15:57:01 UTC,16767,74,964,,3.9,0,0,0,771
2022-11-11 16:57:01 UTC,16768,53,1019,,0,0,0,0,771
2022-11-11 17:57:01 UTC,16769,25,1044,,0,0,0,0,771
2022-11-11 18:57:01 UTC,16770,15,1059,,0,0,0,0,771
2022-11-11 19:57:01 UTC,16771,7,1066,,3.9,0,0,0,771
2022-11-11 20:57:01 UTC,16772,14,1080,,0,0,0,0,771
2022-11-11 21:57:01 UTC,16773,2,1082,,3.9,0,0,0,771
2022-11-11 22:57:01 UTC,16774,,,1082,,,,,
2022-11-11 23:57:01 UTC,16775,0,0,,0,0,0,0,1088
2022-11-12 00:57:01 UTC,16776,1,1,,0,0,0,0,1088
2022-11-12 01:57:01 UTC,16777,3,4,,0,0,0,0,1088
2022-11-12 02:57:01 UTC,16778,0,4,,0,0,0,0,1088
2022-11-12 03:57:01 UTC,16779,4,8,,3.9,0,0,0,1088
2022-11-12 04:57:01 UTC,16780,1,10,,0,0,0,0,1088
2022-11-12 05:57:01 UTC,16781,5,15,,0,0,0,0,1088
2022-11-12 06:57:01 UTC,16782,42,57,,0,0,0,0,1088
2022-11-12 07:57:01 UTC,16783,69,126,,3.9,0,0,0,1088
2022-11-12 08:57:01 UTC,16784,135,280,,0,0,0,0,1088
2022-11-12 09:57:01 UTC,16785,115,395,,0,0,0,0,1088
2022-11-12 10:57:01 UTC,16786,130,525,,0,0,0,0,1088
2022-11-12 11:57:01 UTC,16787,111,636,,3.9,0,0,0,1088
2022-11-12 12:57:01 UTC,16788,55,711,,0,0,0,0,1088
2022-11-12 13:57:01 UTC,16789,85,796,,0,0,0,0,1088
2022-11-12 14:57:01 UTC,16790,80,876,,0,0,0,0,1088
2022-11-12 15:57:01 UTC,16791,100,976,,3.9,0,0,0,1088
2022-11-12 16:57:01 UTC,16792,44,1032,,0,0,0,0,1088
2022-11-12 17:57:01 UTC,16793,18,1050,,0,0,0,0,1088
2022-11-12 18:57:01 UTC,16794,20,1070,,0,0,0,0,1088
2022-11-12 19:57:01 UTC,16795,9,1079,,3.9,0,0,0,1088
2022-11-12 20:57:01 UTC,16796,6,1085,,0,0,0,0,1088
2022-11-12 21:57:01 UTC,16797,4,1089,,3.9,0,0,0,1088
2022-11-12 22:57:01 UTC,16798,,,1089,,,,,
