created_at,entry_id,field1,field2,field3,field4,field5,field6,field7,field8
2021-12-01 00:57:01 UTC,8542,0,1,,0,0,0,0,983
2021-12-01 01:57:01 UTC,8543,0,1,,0,0,0,0,983
2021-12-01 02:57:01 UTC,8544,0,1,,0,0,0,0,983
2021-12-01 03:57:01 UTC,8545,1,2,,3.9,0,0,0,983
2021-12-01 04:57:01 UTC,8546,2,4,,0,0,0,0,983
2021-12-01 05:57:01 UTC,8547,10,14,,0,0,0,0,983
2021-12-01 06:57:01 UTC,8548,47,61,,0,0,0,0,983
2021-12-01 07:57:01 UTC,8549,51,112,,3.9,0,0,0,983
2021-12-01 08:57:01 UTC,8550,40,159,,0,0,0,0,983
2021-12-01 09:57:01 UTC,8551,29,188,,0,0,0,0,983
2021-12-01 10:57:01 UTC,8552,16,204,,0,0,0,0,983
2021-12-01 11:57:01 UTC,8553,42,246,,3.9,0,0,0,983
2021-12-01 12:57:01 UTC,8554,39,298,,0,0,0,0,983
2021-12-01 13:57:01 UTC,8555,20,318,,0,0,0,0,983
2021-12-01 14:57:01 UTC,8556,14,332,,0,0,0,0,983
2021-12-01 15:57:01 UTC,8557,8,340,,3.9,0,0,0,983
2021-12-01 16:57:01 UTC,8558,20,362,,0,0,0,0,983
2021-12-01 17:57:01 UTC,8559,21,383,,0,0,0,0,983
2021-12-01 18:57:01 UTC,8560,17,400,,0,0,0,0,983
2021-12-01 19:57:01 UTC,8561,11,411,,3.9,0,0,0,983
2021-12-01 20:57:01 UTC,8562,1,412,,0,0,0,0,983
2021-12-01 21:57:01 UTC,8563,2,414,,3.9,0,0,0,983
2021-12-01 22:57:01 UTC,8564,,,414,,,,,
2021-12-01 23:57:01 UTC,8565,2,2,,0,0,0,0,415
2021-12-02 00:57:01 UTC,8566,1,3,,0,0,0,0,415
2021-12-02 01:57:01 UTC,8567,0,3,,0,0,0,0,415
2021-12-02 02:57:01 UTC,8568,1,4,,0,0,0,0,415
2021-12-02 03:57:01 UTC,8569,0,4,,3.9,0,0,0,415
2021-12-02 04:57:01 UTC,8570,1,6,,0,0,0,0,415
2021-12-02 05:57:01 UTC,8571,0,6,,0,0,0,0,415
2021-12-02 06:57:01 UTC,8572,12,18,,0,0,0,0,415
2021-12-02 07:57:01 UTC,8573,34,52,,3.9,0,0,0,415
2021-12-02 08:57:01 UTC,8574,40,93,,0,0,1,0,415
2021-12-02 09:57:01 UTC,8575,32,125,,0,0,1,0,415
2021-12-02 10:57:01 UTC,8576,22,147,,0,0,1,0,415
2021-12-02 11:57:01 UTC,8577,8,155,,3.9,0,1,0,415
2021-12-02 12:57:01 UTC,8578,0,155,,0,0,1,0,415
2021-12-02 13:57:01 UTC,8579,2,157,,0,0,1,0,415
2021-12-02 14:57:01 UTC,8580,2,159,,0,0,1,0,415
2021-12-02 15:57:01 UTC,8581,9,168,,3.9,0,1,0,415
2021-12-02 16:57:01 UTC,8582,11,185,,0,0,1,0,415
2021-12-02 17:57:01 UTC,8583,10,195,,0,0,1,0,415
2021-12-02 18:57:01 UTC,8584,22,217,,0,0,1,0,415
2021-12-02 19:57:01 UTC,8585,8,225,,3.9,0,1,0,415
2021-12-02 20:57:01 UTC,8586,1,226,,0,0,1,0,415
2021-12-02 21:57:01 UTC,8587,1,227,,3.9,0,1,0,415
2021-12-02 22:57:01 UTC,8588,,,227,,,,,
2021-12-02 23:57:01 UTC,8589,1,1,,0,0,0,0,228
2021-12-03 00:57:01 UTC,8590,0,1,,0,0,0,0,228
2021-12-03 01:57:01 UTC,8591,0,1,,0,0,0,0,228
2021-12-03 02:57:01 UTC,8592,1,2,,0,0,0,0,228
2021-12-03 03:57:01 UTC,8593,0,2,,3.9,0,0,0,228
2021-12-03 04:57:01 UTC,8594,1,7,,0,0,0,0,228
2021-12-03 05:57:01 UTC,8595,9,16,,0,0,0,0,228
2021-12-03 06:57:01 UTC,8596,52,68,,0,0,0,0,228
2021-12-03 07:57:01 UTC,8597,65,133,,3.9,0,0,0,228
2021-12-03 08:57:01 UTC,8598,70,216,,0,0,0,0,228
2021-12-03 09:57:01 UTC,8599,55,271,,0,0,0,0,228
2021-12-03 10:57:01 UTC,8600,69,340,,0,0,0,0,228
2021-12-03 11:57:01 UTC,8601,64,404,,3.9,0,0,0,228
2021-12-03 12:57:01 UTC,8602,88,500,,0,0,0,0,228
2021-12-03 13:57:01 UTC,8603,72,572,,0,0,0,0,228
2021-12-03 14:57:01 UTC,8604,72,644,,0,0,0,0,228
2021-12-03 15:57:01 UTC,8605,72,716,,3.9,0,0,0,228
2021-12-03 16:57:01 UTC,8606,62,785,,0,0,0,0,228
2021-12-03 17:57:01 UTC,8607,27,812,,0,0,0,0,228
2021-12-03 18:57:01 UTC,8608,20,832,,0,0,0,0,228
2021-12-03 19:57:01 UTC,8609,16,848,,3.9,0,0,0,228
2021-12-03 20:57:01 UTC,8610,1,849,,0,0,0,0,228
2021-12-03 21:57:01 UTC,8611,2,851,,3.9,0,0,0,228
2021-12-03 22:57:01 UTC,8612,,,851,,,,,
2021-12-03 23:57:01 UTC,8613,0,0,,0,0,0,0,853
2021-12-04 00:57:01 UTC,8614,1,1,,0,0,0,0,853
2021-12-04 01:57:01 UTC,8615,0,1,,0,0,0,0,853
2021-12-04 02:57:01 UTC,8616,1,2,,0,0,0,0,853
2021-12-04 03:57:01 UTC,8617,1,3,,3.9,0,0,0,853
2021-12-04 04:57:01 UTC,8618,0,3,,0,0,0,0,853
2021-12-04 05:57:01 UTC,8619,4,7,,0,0,0,0,853
2021-12-04 06:57:01 UTC,8620,21,28,,0,0,0,0,853
2021-12-04 07:57:01 UTC,8621,57,85,,3.9,0,0,0,853
2021-12-04 08:57:01 UTC,8622,133,242,,0,0,0,0,853
2021-12-04 09:57:01 UTC,8623,155,397,,0,0,0,0,853
2021-12-04 10:57:01 UTC,8624,185,582,,0,0,0,0,853
2021-12-04 11:57:01 UTC,8625,144,726,,3.9,0,0,0,853
2021-12-04 12:57:01 UTC,8626,67,810,,0,0,0,0,853
2021-12-04 13:57:01 UTC,8627,73,883,,0,0,0,0,853
2021-12-04 14:57:01 UTC,8628,67,950,,0,0,0,0,853
2021-12-04 15:57:01 UTC,8629,62,1012,,3.9,0,0,0,853
2021-12-04 16:57:01 UTC,8630,14,1026,,0,0,0,0,853
2021-12-04 17:57:01 UTC,8631,7,1033,,0,0,0,0,853
2021-12-04 18:57:01 UTC,8632,12,1045,,0,0,0,0,853
2021-12-04 19:57:01 UTC,8633,13,1058,,3.9,0,0,0,853
2021-12-04 20:57:01 UTC,8634,2,1062,,0,0,0,0,853
2021-12-04 21:57:01 UTC,8635,1,1063,,3.9,0,0,0,853
2021-12-04 22:57:01 UTC,8636,,,1063,,,,,
2021-12-04 23:57:01 UTC,8637,1,1,,0,0,0,0,1064
2021-12-05 00:57:01 UTC,8638,0,1,,0,0,0,0,1064
2021-12-05 01:57:01 UTC,8639,0,1,,0,0,0,0,1064
2021-12-05 02:57:01 UTC,8640,0,1,,0,0,0,0,1064
2021-12-05 03:57:01 UTC,8641,3,4,,3.9,0,0,0,1064
2021-12-05 04:57:01 UTC,8642,1,5,,0,0,0,0,1064
2021-12-05 05:57:01 UTC,8643,0,5,,0,0,0,0,1064
2021-12-05 06:57:01 UTC,8644,22,27,,0,0,0,0,1064
2021-12-05 07:57:01 UTC,8645,63,90,,3.9,0,0,0,1064
2021-12-05 08:57:01 UTC,8646,144,252,,0,0,0,0,1064
2021-12-05 09:57:01 UTC,8647,220,472,,0,0,0,0,1064
2021-12-05 10:57:01 UTC,8648,211,683,,0,0,0,0,1064
2021-12-05 11:57:01 UTC,8649,180,863,,3.9,0,0,0,1064
2021-12-05 12:57:01 UTC,8650,112,994,,0,0,0,0,1064
2021-12-05 13:57:01 UTC,8651,92,1086,,0,0,0,0,1064
2021-12-05 14:57:01 UTC,8652,100,1186,,0,0,0,0,1064
2021-12-05 15:57:01 UTC,8653,97,1283,,3.9,0,0,0,1064
2021-12-05 16:57:01 UTC,8654,42,1335,,0,0,0,0,1064
2021-12-05 17:57:01 UTC,8655,11,1346,,0,0,0,0,1064
2021-12-05 18:57:01 UTC,8656,10,1356,,0,0,0,0,1064
2021-12-05 19:57:01 UTC,8657,1,1357,,3.9,0,0,0,1064
2021-12-05 20:57:01 UTC,8658,2,1359,,0,0,0,0,1064
2021-12-05 21:57:01 UTC,8659,7,1366,,3.9,0,0,0,1064
2021-12-05 22:57:01 UTC,8660,,,1366,,,,,
2021-12-05 23:57:01 UTC,8661,0,0,,0,0,0,0,1367
2021-12-06 00:57:01 UTC,8662,0,0,,0,0,0,0,1367
2021-12-06 01:57:01 UTC,8663,0,0,,0,0,0,0,1367
2021-12-06 02:57:01 UTC,8664,2,2,,0,0,0,0,1367
2021-12-06 03:57:01 UTC,8665,0,2,,3.9,0,0,0,1367
2021-12-06 04:57:01 UTC,8666,3,8,,0,0,1,0,1367
2021-12-06 05:57:01 UTC,8667,6,14,,0,0,1,0,1367
2021-12-06 06:57:01 UTC,8668,41,55,,0,0,1,0,1367
2021-12-06 07:57:01 UTC,8669,45,100,,3.9,0,1,0,1367
2021-12-06 08:57:01 UTC,8670,69,182,,0,0,1,0,1367
2021-12-06 09:57:01 UTC,8671,63,245,,0,0,1,0,1367
2021-12-06 10:57:01 UTC,8672,71,316,,0,0,1,0,1367
2021-12-06 11:57:01 UTC,8673,34,350,,3.9,0,1,0,1367
2021-12-06 12:57:01 UTC,8674,38,398,,0,0,1,0,1367
2021-12-06 13:57:01 UTC,8675,21,419,,0,0,1,0,1367
2021-12-06 14:57:01 UTC,8676,32,451,,0,0,1,0,1367
2021-12-06 15:57:01 UTC,8677,41,492,,3.9,0,1,0,1367
2021-12-06 16:57:01 UTC,8678,48,543,,0,0,1,0,1367
2021-12-06 17:57:01 UTC,8679,35,578,,0,0,1,0,1367
2021-12-06 18:57:01 UTC,8680,22,600,,0,0,1,0,1367
2021-12-06 19:57:01 UTC,8681,7,607,,3.9,0,1,0,1367
2021-12-06 20:57:01 UTC,8682,0,610,,0,0,1,0,1367
2021-12-06 21:57:01 UTC,8683,0,610,,3.9,0,1,0,1367
2021-12-06 22:57:01 UTC,8684,,,610,,,,,
2021-12-06 23:57:01 UTC,8685,0,0,,0,0,0,0,612
2021-12-07 00:57:01 UTC,8686,0,0,,0,0,0,0,612
2021-12-07 01:57:01 UTC,8687,0,0,,0,0,0,0,612
2021-12-07 02:57:01 UTC,8688,0,0,,0,0,0,0,612
2021-12-07 03:57:01 UTC,8689,1,1,,3.9,0,0,0,612
2021-12-07 04:57:01 UTC,8690,2,5,,0,0,1,0,612
2021-12-07 05:57:01 UTC,8691,11,16,,0,0,1,0,612
2021-12-07 06:57:01 UTC,8692,37,53,,0,0,1,0,612
2021-12-07 07:57:01 UTC,8693,71,124,,3.9,0,1,0,612
2021-12-07 08:57:01 UTC,8694,100,237,,0,0,1,0,612
2021-12-07 09:57:01 UTC,8695,90,327,,0,0,1,0,612
2021-12-07 10:57:01 UTC,8696,89,416,,0,0,1,0,612
2021-12-07 11:57:01 UTC,8697,131,547,,3.9,0,1,0,612
2021-12-07 12:57:01 UTC,8698,100,670,,0,0,1,0,612
2021-12-07 13:57:01 UTC,8699,65,735,,0,0,1,0,612
2021-12-07 14:57:01 UTC,8700,75,810,,0,0,1,0,612
2021-12-07 15:57:01 UTC,8701,56,866,,3.9,0,1,0,612
2021-12-07 16:57:01 UTC,8702,30,904,,0,0,1,0,612
2021-12-07 17:57:01 UTC,8703,42,946,,0,0,1,0,612
2021-12-07 18:57:01 UTC,8704,22,968,,0,0,1,0,612
2021-12-07 19:57:01 UTC,8705,15,983,,3.9,0,1,0,612
2021-12-07 20:57:01 UTC,8706,3,987,,0,0,1,0,612
2021-12-07 21:57:01 UTC,8707,0,987,,3.9,0,1,0,612
2021-12-07 22:57:01 UTC,8708,,,987,,,,,
2021-12-07 23:57:01 UTC,8709,1,1,,0,0,0,0,990
2021-12-08 00:57:01 UTC,8710,0,1,,0,0,0,0,990
2021-12-08 01:57:01 UTC,8711,0,1,,0,0,0,0,990
2021-12-08 02:57:01 UTC,8712,0,1,,0,0,0,0,990
2021-12-08 03:57:01 UTC,8713,0,1,,3.9,0,0,0,990
2021-12-08 04:57:01 UTC,8714,2,3,,0,0,0,0,990
2021-12-08 05:57:01 UTC,8715,5,8,,0,0,0,0,990
2021-12-08 06:57:01 UTC,8716,19,27,,0,0,0,0,990
2021-12-08 07:57:01 UTC,8717,52,79,,3.9,0,0,0,990
2021-12-08 08:57:01 UTC,8718,102,208,,0,0,0,0,990
2021-12-08 09:57:01 UTC,8719,117,325,,0,0,0,0,990
2021-12-08 10:57:01 UTC,8720,132,457,,0,0,0,0,990
2021-12-08 11:57:01 UTC,8721,85,542,,3.9,0,0,0,990
2021-12-08 12:57:01 UTC,8722,27,580,,0,0,0,0,990
2021-12-08 13:57:01 UTC,8723,6,586,,0,0,0,0,990
2021-12-08 14:57:01 UTC,8724,20,606,,0,0,0,0,990
2021-12-08 15:57:01 UTC,8725,27,633,,3.9,0,0,0,990
2021-12-08 16:57:01 UTC,8726,6,642,,0,0,0,0,990
2021-12-08 17:57:01 UTC,8727,3,645,,0,0,0,0,990
2021-12-08 18:57:01 UTC,8728,2,647,,0,0,0,0,990
2021-12-08 19:57:01 UTC,8729,1,648,,3.9,0,0,0,990
2021-12-08 20:57:01 UTC,8730,1,649,,0,0,0,0,990
2021-12-08 21:57:01 UTC,8731,1,650,,3.9,0,0,0,990
2021-12-08 22:57:01 UTC,8732,,,650,,,,,
2021-12-08 23:57:01 UTC,8733,1,1,,0,0,0,0,650
2021-12-09 00:57:01 UTC,8734,0,1,,0,0,0,0,650
2021-12-09 01:57:01 UTC,8735,0,1,,0,0,0,0,650
2021-12-09 02:57:01 UTC,8736,0,1,,0,0,0,0,650
2021-12-09 03:57:01 UTC,8737,2,3,,3.9,0,0,0,650
2021-12-09 04:57:01 UTC,8738,2,5,,0,0,0,0,650
2021-12-09 05:57:01 UTC,8739,0,5,,0,0,0,0,650
2021-12-09 06:57:01 UTC,8740,18,23,,0,0,0,0,650
2021-12-09 07:57:01 UTC,8741,22,45,,3.9,0,0,0,650
2021-12-09 08:57:01 UTC,8742,45,99,,0,0,0,0,650
2021-12-09 09:57:01 UTC,8743,59,158,,0,0,0,0,650
2021-12-09 10:57:01 UTC,8744,61,219,,0,0,0,0,650
2021-12-09 11:57:01 UTC,8745,53,272,,3.9,0,0,0,650
2021-12-09 12:57:01 UTC,8746,54,330,,0,0,0,0,650
2021-12-09 13:57:01 UTC,8747,34,364,,0,0,0,0,650
2021-12-09 14:57:01 UTC,8748,39,403,,0,0,0,0,650
2021-12-09 15:57:01 UTC,8749,32,435,,3.9,0,0,0,650
2021-12-09 16:57:01 UTC,8750,23,460,,0,0,0,0,650
2021-12-09 17:57:01 UTC,8751,24,484,,0,0,0,0,650
2021-12-09 18:57:01 UTC,8752,24,508,,0,0,0,0,650
2021-12-09 19:57:01 UTC,8753,12,520,,3.9,0,0,0,650
2021-12-09 20:57:01 UTC,8754,2,522,,0,0,0,0,650
2021-12-09 21:57:01 UTC,8755,4,526,,3.9,0,0,0,650
2021-12-09 22:57:01 UTC,8756,,,526,,,,,
2021-12-09 23:57:01 UTC,8757,0,0,,0,0,0,0,526
2021-12-10 00:57:01 UTC,8758,0,0,,0,0,0,0,526
2021-12-10 01:57:01 UTC,8759,0,0,,0,0,0,0,526
2021-12-10 02:57:01 UTC,8760,2,2,,0,0,0,0,526
2021-12-10 03:57:01 UTC,8761,2,4,,3.9,0,0,0,526
2021-12-10 04:57:01 UTC,8762,3,7,,0,0,0,0,526
2021-12-10 05:57:01 UTC,8763,8,15,,0,0,0,0,526
2021-12-10 06:57:01 UTC,8764,30,45,,0,0,0,0,526
2021-12-10 07:57:01 UTC,8765,54,99,,3.9,0,0,0,526
2021-12-10 08:57:01 UTC,8766,76,188,,0,0,1,0,526
2021-12-10 09:57:01 UTC,8767,80,268,,0,0,1,0,526
2021-12-10 10:57:01 UTC,8768,45,313,,0,0,1,0,526
2021-12-10 11:57:01 UTC,8769,36,349,,3.9,0,1,0,526
2021-12-10 12:57:01 UTC,8770,24,378,,0,0,1,0,526
2021-12-10 13:57:01 UTC,8771,11,389,,0,0,1,0,526
2021-12-10 14:57:01 UTC,8772,1,390,,0,0,1,0,526
2021-12-10 15:57:01 UTC,8773,6,396,,3.9,0,1,0,526
2021-12-10 16:57:01 UTC,8774,6,402,,0,0,1,0,526
2021-12-10 17:57:01 UTC,8775,0,402,,0,0,1,0,526
2021-12-10 18:57:01 UTC,8776,10,412,,0,0,1,0,526
2021-12-10 19:57:01 UTC,8777,1,413,,3.9,0,1,0,526
2021-12-10 20:57:01 UTC,8778,0,413,,0,0,1,0,526
2021-12-10 21:57:01 UTC,8779,1,414,,3.9,0,1,0,526
2021-12-10 22:57:01 UTC,8780,,,414,,,,,
2021-12-10 23:57:01 UTC,8781,0,0,,0,0,0,0,414
2021-12-11 00:57:01 UTC,8782,0,0,,0,0,0,0,414
2021-12-11 01:57:01 UTC,8783,0,0,,0,0,0,0,414
2021-12-11 02:57:01 UTC,8784,0,0,,0,0,0,0,414
2021-12-11 03:57:01 UTC,8785,0,0,,3.9,0,0,0,414
2021-12-11 04:57:01 UTC,8786,0,0,,0,0,0,0,414
2021-12-11 05:57:01 UTC,8787,4,4,,0,0,0,0,414
2021-12-11 06:57:01 UTC,8788,9,13,,0,0,0,0,414
2021-12-11 07:57:01 UTC,8789,55,68,,3.9,0,0,0,414
2021-12-11 08:57:01 UTC,8790,91,176,,0,0,0,0,414
2021-12-11 09:57:01 UTC,8791,107,283,,0,0,0,0,414
2021-12-11 10:57:01 UTC,8792,129,412,,0,0,0,0,414
2021-12-11 11:57:01 UTC,8793,108,520,,3.9,0,0,0,414
2021-12-11 12:57:01 UTC,8794,60,590,,0,0,0,0,414
2021-12-11 13:57:01 UTC,8795,75,665,,0,0,0,0,414
2021-12-11 14:57:01 UTC,8796,58,723,,0,0,0,0,414
2021-12-11 15:57:01 UTC,8797,46,769,,3.9,0,0,0,414
2021-12-11 16:57:01 UTC,8798,17,800,,0,0,0,0,414
2021-12-11 17:57:01 UTC,8799,14,814,,0,0,0,0,414
2021-12-11 18:57:01 UTC,8800,12,826,,0,0,0,0,414
2021-12-11 19:57:01 UTC,8801,9,835,,3.9,0,0,0,414
2021-12-11 20:57:01 UTC,8802,3,840,,0,0,1,0,414
2021-12-11 21:57:01 UTC,8803,1,841,,3.9,0,1,0,414
2021-12-11 22:57:01 UTC,8804,,,841,,,,,
2021-12-11 23:57:01 UTC,8805,1,1,,0,0,0,0,842
2021-12-12 00:57:01 UTC,8806,2,3,,0,0,0,0,842
2021-12-12 01:57:01 UTC,8807,2,5,,0,0,0,0,842
2021-12-12 02:57:01 UTC,8808,0,5,,0,0,0,0,842
2021-12-12 03:57:01 UTC,8809,0,5,,3.9,0,0,0,842
2021-12-12 04:57:01 UTC,8810,0,6,,0,0,0,0,842
2021-12-12 05:57:01 UTC,8811,1,7,,0,0,0,0,842
2021-12-12 06:57:01 UTC,8812,11,18,,0,0,0,0,842
2021-12-12 07:57:01 UTC,8813,57,75,,3.9,0,0,0,842
2021-12-12 08:57:01 UTC,8814,161,257,,0,0,0,0,842
2021-12-12 09:57:01 UTC,8815,228,485,,0,0,0,0,842
2021-12-12 10:57:01 UTC,8816,249,734,,0,0,0,0,842
2021-12-12 11:57:01 UTC,8817,240,974,,3.9,0,0,0,842
2021-12-12 12:57:01 UTC,8818,161,1170,,0,0,0,0,842
2021-12-12 13:57:01 UTC,8819,123,1293,,0,0,0,0,842
2021-12-12 14:57:01 UTC,8820,126,1419,,0,0,0,0,842
2021-12-12 15:57:01 UTC,8821,98,1517,,3.9,0,0,0,842
2021-12-12 16:57:01 UTC,8822,40,1564,,0,0,0,0,842
2021-12-12 17:57:01 UTC,8823,14,1578,,0,0,0,0,842
2021-12-12 18:57:01 UTC,8824,12,1590,,0,0,0,0,842
2021-12-12 19:57:01 UTC,8825,9,1599,,3.9,0,0,0,842
2021-12-12 20:57:01 UTC,8826,2,1601,,0,0,0,0,842
2021-12-12 21:57:01 UTC,8827,5,1606,,3.9,0,0,0,842
2021-12-12 22:57:01 UTC,8828,,,1606,,,,,
