created_at,entry_id,field1,field2,field3,field4,field5,field6,field7,field8
2023-01-01 00:57:01 UTC,17931,5,9,,0,0,0,0,1107
2023-01-01 01:57:01 UTC,17932,4,13,,0,0,0,0,1107
2023-01-01 02:57:01 UTC,17933,1,14,,0,0,0,0,1107
2023-01-01 03:57:01 UTC,17934,14,28,,0,0,0,0,1107
2023-01-01 04:57:01 UTC,17935,1,29,,0,0,0,0,1107
2023-01-01 05:57:01 UTC,17936,1,30,,0,0,0,0,1107
2023-01-01 06:57:01 UTC,17937,8,38,,0,0,0,0,1107
2023-01-01 07:57:01 UTC,17938,25,63,,3.8,0,0,0,1107
2023-01-01 08:57:01 UTC,17939,85,148,,0,0,0,0,1107
2023-01-01 09:57:01 UTC,17940,120,268,,0,0,0,0,1107
2023-01-01 10:57:01 UTC,17941,203,471,,0,0,0,0,1107
2023-01-01 11:57:01 UTC,17942,170,641,,0,0,0,0,1107
2023-01-01 12:57:01 UTC,17943,149,790,,0,0,0,0,1107
2023-01-01 13:57:01 UTC,17944,143,933,,0,0,0,0,1107
2023-01-01 14:57:01 UTC,17945,151,1084,,0,0,0,0,1107
2023-01-01 15:57:01 UTC,17946,106,1190,,0,0,0,0,1107
2023-01-01 16:57:01 UTC,17947,58,1248,,0,0,0,0,1107
2023-01-01 17:57:01 UTC,17948,13,1261,,0,0,0,0,1107
2023-01-01 18:57:01 UTC,17949,13,1274,,0,0,0,0,1107
2023-01-01 19:57:01 UTC,17950,4,1278,,0,0,0,0,1107
2023-01-01 20:57:01 UTC,17951,1,1279,,0,0,0,0,1107
2023-01-01 21:57:01 UTC,17952,3,1282,,3.9,0,0,0,1107
2023-01-01 22:57:01 UTC,17953,,,1282,,,,,
2023-01-01 23:57:01 UTC,17954,0,0,,0,0,0,0,1285
2023-01-02 00:57:01 UTC,17955,0,0,,0,0,0,0,1285
2023-01-02 01:57:01 UTC,17956,4,4,,0,0,0,0,1285
2023-01-02 02:57:01 UTC,17957,4,8,,0,0,0,0,1285
2023-01-02 03:57:01 UTC,17958,2,10,,0,0,0,0,1285
2023-01-02 04:57:01 UTC,17959,3,13,,0,0,0,0,1285
2023-01-02 05:57:01 UTC,17960,6,19,,0,0,0,0,1285
2023-01-02 06:57:01 UTC,17961,33,52,,0,0,0,0,1285
2023-01-02 07:57:01 UTC,17962,49,101,,3.7,0,0,0,1285
2023-01-02 08:57:01 UTC,17963,77,180,,0,0,0,0,1285
2023-01-02 09:57:01 UTC,17964,79,259,,0,0,0,0,1285
2023-01-02 10:57:01 UTC,17965,100,359,,0,0,0,0,1285
2023-01-02 11:57:01 UTC,17966,77,436,,0,0,0,0,1285
2023-01-02 12:57:01 UTC,17967,62,498,,0,0,0,0,1285
2023-01-02 13:57:01 UTC,17968,58,556,,0,0,0,0,1285
2023-01-02 14:57:01 UTC,17969,55,611,,0,0,0,0,1285
2023-01-02 15:57:01 UTC,17970,85,696,,0,0,0,0,1285
2023-01-02 16:57:01 UTC,17971,58,754,,0,0,0,0,1285
2023-01-02 17:57:01 UTC,17972,36,790,,0,0,0,0,1285
2023-01-02 18:57:01 UTC,17973,12,802,,0,0,0,0,1285
2023-01-02 19:57:01 UTC,17974,6,808,,3.9,0,0,0,1285
2023-01-02 20:57:01 UTC,17975,3,811,,0,0,0,0,1285
2023-01-02 21:57:01 UTC,17976,1,812,,3.9,0,0,0,1285
2023-01-02 22:57:01 UTC,17977,,,812,,,,,
2023-01-02 23:57:01 UTC,17978,0,0,,0,0,0,0,825
2023-01-03 00:57:01 UTC,17979,1,1,,0,0,0,0,825
2023-01-03 01:57:01 UTC,17980,0,1,,0,0,0,0,825
2023-01-03 02:57:01 UTC,17981,0,1,,0,0,0,0,825
2023-01-03 03:57:01 UTC,17982,2,3,,3.7,0,0,0,825
2023-01-03 04:57:01 UTC,17983,0,3,,0,0,0,0,825
2023-01-03 05:57:01 UTC,17984,11,14,,0,0,0,0,825
2023-01-03 06:57:01 UTC,17985,41,55,,0,0,0,0,825
2023-01-03 07:57:01 UTC,17986,67,122,,3.9,0,0,0,825
2023-01-03 08:57:01 UTC,17987,88,211,,0,0,0,0,825
2023-01-03 09:57:01 UTC,17988,74,285,,0,0,0,0,825
2023-01-03 10:57:01 UTC,17989,83,368,,0,0,0,0,825
2023-01-03 11:57:01 UTC,17990,79,447,,0,0,0,0,825
2023-01-03 12:57:01 UTC,17991,81,528,,0,0,0,0,825
2023-01-03 13:57:01 UTC,17992,56,584,,0,0,0,0,825
2023-01-03 14:57:01 UTC,17993,74,658,,0,0,0,0,825
2023-01-03 15:57:01 UTC,17994,86,744,,0,0,0,0,825
2023-01-03 16:57:01 UTC,17995,53,797,,0,0,0,0,825
2023-01-03 17:57:01 UTC,17996,31,828,,0,0,0,0,825
2023-01-03 18:57:01 UTC,17997,36,864,,0,0,0,0,825
2023-01-03 19:57:01 UTC,17998,13,877,,0,0,0,0,825
2023-01-03 20:57:01 UTC,17999,5,882,,0,0,0,0,825
2023-01-03 21:57:01 UTC,18000,1,883,,3.9,0,0,0,825
2023-01-03 22:57:01 UTC,18001,,,883,,,,,
2023-01-03 23:57:01 UTC,18002,0,0,,0,0,0,0,884
2023-01-04 00:57:01 UTC,18003,0,0,,0,0,0,0,884
2023-01-04 01:57:01 UTC,18004,0,0,,0,0,0,0,884
2023-01-04 02:57:01 UTC,18005,0,0,,0,0,0,0,884
2023-01-04 03:57:01 UTC,18006,3,3,,3.9,0,0,0,884
2023-01-04 04:57:01 UTC,18007,2,5,,0,0,0,0,884
2023-01-04 05:57:01 UTC,18008,9,14,,0,0,0,0,884
2023-01-04 06:57:01 UTC,18009,43,57,,0,0,0,0,884
2023-01-04 07:57:01 UTC,18010,66,123,,3.9,0,0,0,884
2023-01-04 08:57:01 UTC,18011,97,225,,0,0,0,0,884
2023-01-04 09:57:01 UTC,18012,137,362,,0,0,0,0,884
2023-01-04 10:57:01 UTC,18013,96,458,,0,0,0,0,884
2023-01-04 11:57:01 UTC,18014,114,572,,0,0,0,0,884
2023-01-04 12:57:01 UTC,18015,62,634,,0,0,0,0,884
2023-01-04 13:57:01 UTC,18016,95,729,,0,0,0,0,884
2023-01-04 14:57:01 UTC,18017,105,834,,0,0,0,0,884
2023-01-04 15:57:01 UTC,18018,73,907,,0,0,0,0,884
2023-01-04 16:57:01 UTC,18019,41,948,,0,0,0,0,884
2023-01-04 17:57:01 UTC,18020,29,977,,0,0,0,0,884
2023-01-04 18:57:01 UTC,18021,18,995,,0,0,0,0,884
2023-01-04 19:57:01 UTC,18022,8,1003,,3.9,0,0,0,884
2023-01-04 20:57:01 UTC,18023,1,1004,,0,0,0,0,884
2023-01-04 21:57:01 UTC,18024,1,1005,,3.9,0,0,0,884
2023-01-04 22:57:01 UTC,18025,,,1005,,,,,
2023-01-04 23:57:01 UTC,18026,1,1,,0,0,0,0,1007
2023-01-05 00:57:01 UTC,18027,0,1,,0,0,0,0,1007
2023-01-05 01:57:01 UTC,18028,0,1,,0,0,0,0,1007
2023-01-05 02:57:01 UTC,18029,0,1,,0,0,0,0,1007
2023-01-05 03:57:01 UTC,18030,0,1,,3.9,0,0,0,1007
2023-01-05 04:57:01 UTC,18031,0,1,,0,0,0,0,1007
2023-01-05 05:57:01 UTC,18032,2,3,,0,0,0,0,1007
2023-01-05 06:57:01 UTC,18033,24,27,,0,0,0,0,1007
2023-01-05 07:57:01 UTC,18034,58,85,,3.9,0,0,0,1007
2023-01-05 08:57:01 UTC,18035,76,162,,0,0,0,0,1007
2023-01-05 09:57:01 UTC,18036,83,245,,0,0,0,0,1007
2023-01-05 10:57:01 UTC,18037,70,315,,0,0,0,0,1007
2023-01-05 11:57:01 UTC,18038,83,398,,0,0,0,0,1007
2023-01-05 12:57:01 UTC,18039,55,453,,0,0,0,0,1007
2023-01-05 13:57:01 UTC,18040,32,485,,0,0,0,0,1007
2023-01-05 14:57:01 UTC,18041,47,532,,0,0,0,0,1007
2023-01-05 15:57:01 UTC,18042,51,583,,0,0,0,0,1007
2023-01-05 16:57:01 UTC,18043,34,617,,0,0,0,0,1007
2023-01-05 17:57:01 UTC,18044,29,646,,0,0,0,0,1007
2023-01-05 18:57:01 UTC,18045,18,664,,0,0,0,0,1007
2023-01-05 19:57:01 UTC,18046,6,670,,3.9,0,0,0,1007
2023-01-05 20:57:01 UTC,18047,8,678,,0,0,0,0,1007
2023-01-05 21:57:01 UTC,18048,4,682,,3.9,0,0,0,1007
2023-01-05 22:57:01 UTC,18049,,,682,,,,,
2023-01-05 23:57:01 UTC,18050,6,6,,0,0,0,0,682
2023-01-06 00:57:01 UTC,18051,3,9,,0,0,0,0,682
2023-01-06 01:57:01 UTC,18052,0,9,,0,0,0,0,682
2023-01-06 02:57:01 UTC,18053,0,9,,0,0,0,0,682
2023-01-06 03:57:01 UTC,18054,1,10,,3.9,0,0,0,682
2023-01-06 04:57:01 UTC,18055,5,15,,0,0,0,0,682
2023-01-06 05:57:01 UTC,18056,4,19,,0,0,0,0,682
2023-01-06 06:57:01 UTC,18057,14,33,,0,0,0,0,682
2023-01-06 07:57:01 UTC,18058,57,90,,3.9,0,0,0,682
2023-01-06 08:57:01 UTC,18059,107,201,,0,0,0,0,682
2023-01-06 09:57:01 UTC,18060,156,357,,0,0,0,0,682
2023-01-06 10:57:01 UTC,18061,183,540,,0,0,0,0,682
2023-01-06 11:57:01 UTC,18062,146,686,,0,0,0,0,682
2023-01-06 12:57:01 UTC,18063,92,778,,0,0,1,0,682
2023-01-06 13:57:01 UTC,18064,65,843,,0,0,1,0,682
2023-01-06 14:57:01 UTC,18065,94,937,,0,0,1,0,682
2023-01-06 15:57:01 UTC,18066,114,1051,,0,0,1,0,682
2023-01-06 16:57:01 UTC,18067,49,1100,,0,0,1,0,682
2023-01-06 17:57:01 UTC,18068,21,1121,,0,0,1,0,682
2023-01-06 18:57:01 UTC,18069,17,1138,,0,0,1,0,682
2023-01-06 19:57:01 UTC,18070,10,1148,,0,0,1,0,682
2023-01-06 20:57:01 UTC,18071,8,1156,,0,0,1,0,682
2023-01-06 21:57:01 UTC,18072,5,1161,,3.9,0,1,0,682
2023-01-06 22:57:01 UTC,18073,,,1161,,,,,
2023-01-06 23:57:01 UTC,18074,3,3,,0,0,0,0,1167
2023-01-07 00:57:01 UTC,18075,2,5,,0,0,0,0,1167
2023-01-07 01:57:01 UTC,18076,0,5,,0,0,0,0,1167
2023-01-07 02:57:01 UTC,18077,0,5,,0,0,0,0,1167
2023-01-07 03:57:01 UTC,18078,0,5,,3.9,0,0,0,1167
2023-01-07 04:57:01 UTC,18079,3,8,,0,0,0,0,1167
2023-01-07 05:57:01 UTC,18080,1,9,,0,0,0,0,1167
2023-01-07 06:57:01 UTC,18081,26,35,,0,0,0,0,1167
2023-01-07 07:57:01 UTC,18082,54,89,,3.9,0,0,0,1167
2023-01-07 08:57:01 UTC,18083,99,189,,0,0,0,0,1167
2023-01-07 09:57:01 UTC,18084,132,321,,0,0,0,0,1167
2023-01-07 10:57:01 UTC,18085,141,462,,0,0,0,0,1167
2023-01-07 11:57:01 UTC,18086,137,599,,0,0,0,0,1167
2023-01-07 12:57:01 UTC,18087,89,688,,0,0,0,0,1167
2023-01-07 13:57:01 UTC,18088,71,759,,0,0,0,0,1167
2023-01-07 14:57:01 UTC,18089,102,861,,0,0,0,0,1167
2023-01-07 15:57:01 UTC,18090,82,943,,0,0,0,0,1167
2023-01-07 16:57:01 UTC,18091,53,996,,0,0,0,0,1167
2023-01-07 17:57:01 UTC,18092,25,1021,,0,0,0,0,1167
2023-01-07 18:57:01 UTC,18093,16,1037,,0,0,0,0,1167
2023-01-07 19:57:01 UTC,18094,4,1041,,0,0,0,0,1167
2023-01-07 20:57:01 UTC,18095,7,1048,,0,0,0,0,1167
2023-01-07 21:57:01 UTC,18096,2,1050,,3.9,0,0,0,1167
2023-01-07 22:57:01 UTC,18097,,,1050,,,,,
2023-01-07 23:57:01 UTC,18098,7,7,,0,0,0,0,1054
2023-01-08 00:57:01 UTC,18099,1,8,,0,0,0,0,1054
2023-01-08 01:57:01 UTC,18100,2,10,,0,0,0,0,1054
2023-01-08 02:57:01 UTC,18101,0,10,,0,0,0,0,1054
2023-01-08 03:57:01 UTC,18102,2,12,,3.9,0,0,0,1054
2023-01-08 04:57:01 UTC,18103,0,12,,0,0,0,0,1054
2023-01-08 05:57:01 UTC,18104,2,14,,0,0,0,0,1054
2023-01-08 06:57:01 UTC,18105,18,32,,0,0,0,0,1054
2023-01-08 07:57:01 UTC,18106,73,105,,3.9,0,0,0,1054
2023-01-08 08:57:01 UTC,18107,171,279,,0,0,0,0,1054
2023-01-08 09:57:01 UTC,18108,209,488,,0,0,0,0,1054
2023-01-08 10:57:01 UTC,18109,248,736,,0,0,0,0,1054
2023-01-08 11:57:01 UTC,18110,253,989,,0,0,0,0,1054
2023-01-08 12:57:01 UTC,18111,117,1106,,0,0,0,0,1054
2023-01-08 13:57:01 UTC,18112,88,1194,,0,0,0,0,1054
2023-01-08 14:57:01 UTC,18113,93,1287,,0,0,0,0,1054
2023-01-08 15:57:01 UTC,18114,104,1391,,0,0,0,0,1054
2023-01-08 16:57:01 UTC,18115,53,1444,,0,0,0,0,1054
2023-01-08 17:57:01 UTC,18116,18,1462,,0,0,0,0,1054
2023-01-08 18:57:01 UTC,18117,9,1471,,0,0,0,0,1054
2023-01-08 19:57:01 UTC,18118,8,1479,,0,0,0,0,1054
2023-01-08 20:57:01 UTC,18119,4,1483,,0,0,0,0,1054
2023-01-08 21:57:01 UTC,18120,1,1484,,3.9,0,0,0,1054
2023-01-08 22:57:01 UTC,18121,,,1484,,,,,
2023-01-08 23:57:01 UTC,18122,0,0,,0,0,0,0,1484
2023-01-09 00:57:01 UTC,18123,0,0,,0,0,0,0,1484
2023-01-09 01:57:01 UTC,18124,0,0,,0,0,0,0,1484
2023-01-09 02:57:01 UTC,18125,0,0,,0,0,0,0,1484
2023-01-09 03:57:01 UTC,18126,4,4,,0,0,0,0,1484
2023-01-09 04:57:01 UTC,18127,0,4,,0,0,0,0,1484
2023-01-09 05:57:01 UTC,18128,4,8,,0,0,0,0,1484
2023-01-09 06:57:01 UTC,18129,12,20,,0,0,0,0,1484
2023-01-09 07:57:01 UTC,18130,7,27,,0,0,0,0,1484
2023-01-09 08:57:01 UTC,18131,20,47,,0,0,0,0,1484
2023-01-09 09:57:01 UTC,18132,24,71,,0,0,0,0,1484
2023-01-09 10:57:01 UTC,18133,27,98,,0,0,0,0,1484
2023-01-09 11:57:01 UTC,18134,17,115,,0,0,0,0,1484
2023-01-09 12:57:01 UTC,18135,12,127,,0,0,0,0,1484
2023-01-09 13:57:01 UTC,18136,14,141,,0,0,0,0,1484
2023-01-09 14:57:01 UTC,18137,8,149,,0,0,0,0,1484
2023-01-09 15:57:01 UTC,18138,32,181,,0,0,0,0,1484
2023-01-09 16:57:01 UTC,18139,32,213,,0,0,0,0,1484
2023-01-09 17:57:01 UTC,18140,28,241,,0,0,0,0,1484
2023-01-09 18:57:01 UTC,18141,15,256,,0,0,0,0,1484
2023-01-09 19:57:01 UTC,18142,11,267,,0,0,0,0,1484
2023-01-09 20:57:01 UTC,18143,3,270,,0,0,0,0,1484
2023-01-09 21:57:01 UTC,18144,1,271,,3.9,0,0,0,1484
2023-01-09 22:57:01 UTC,18145,,,271,,,,,
