created_at,entry_id,field1,field2,field3,field4,field5,field6,field7,field8
2022-06-01 00:57:01 UTC,12910,1,3,,0,0,0,0,1622
2022-06-01 01:57:01 UTC,12911,0,3,,0,0,0,0,1622
2022-06-01 02:57:01 UTC,12912,1,4,,3.9,0,0,0,1622
2022-06-01 03:57:01 UTC,12913,4,8,,0,0,0,0,1622
2022-06-01 04:57:01 UTC,12914,14,22,,0,0,0,0,1622
2022-06-01 05:57:01 UTC,12915,69,91,,0,0,0,0,1622
2022-06-01 06:57:01 UTC,12916,94,185,,3.9,0,0,0,1622
2022-06-01 07:57:01 UTC,12917,80,274,,0,0,0,0,1622
2022-06-01 08:57:01 UTC,12918,67,341,,0,0,0,0,1622
2022-06-01 09:57:01 UTC,12919,83,424,,0,0,0,0,1622
2022-06-01 10:57:01 UTC,12920,93,517,,0,0,0,0,1622
2022-06-01 11:57:01 UTC,12921,96,613,,0,0,0,0,1622
2022-06-01 12:57:01 UTC,12922,82,695,,0,0,0,0,1622
2022-06-01 13:57:01 UTC,12923,104,799,,0,0,0,0,1622
2022-06-01 14:57:01 UTC,12924,105,904,,3.9,0,0,0,1622
2022-06-01 15:57:01 UTC,12925,136,1040,,0,0,0,0,1622
2022-06-01 16:57:01 UTC,12926,193,1233,,0,0,0,0,1622
2022-06-01 17:57:01 UTC,12927,217,1450,,0,0,0,0,1622
2022-06-01 18:57:01 UTC,12928,98,1548,,3.9,0,0,0,1622
2022-06-01 19:57:01 UTC,12929,25,1578,,0,0,0,0,1622
2022-06-01 20:57:01 UTC,12930,5,1583,,3.9,0,0,0,1622
2022-06-01 21:57:01 UTC,12931,,,1583,,,,,
2022-06-01 22:57:01 UTC,12932,3,3,,0,0,0,0,1588
2022-06-01 23:57:01 UTC,12933,1,4,,0,0,0,0,1588
2022-06-02 00:57:01 UTC,12934,2,6,,0,0,0,0,1588
2022-06-02 01:57:01 UTC,12935,1,7,,0,0,0,0,1588
2022-06-02 02:57:01 UTC,12936,2,9,,3.9,0,0,0,1588
2022-06-02 03:57:01 UTC,12937,0,9,,0,0,0,0,1588
2022-06-02 04:57:01 UTC,12938,11,20,,0,0,0,0,1588
2022-06-02 05:57:01 UTC,12939,55,75,,0,0,0,0,1588
2022-06-02 06:57:01 UTC,12940,107,182,,3.9,0,0,0,1588
2022-06-02 07:57:01 UTC,12941,132,326,,0,0,0,0,1588
2022-06-02 08:57:01 UTC,12942,201,527,,0,0,0,0,1588
2022-06-02 09:57:01 UTC,12943,258,785,,0,0,0,0,1588
2022-06-02 10:57:01 UTC,12944,208,993,,0,0,0,0,1588
2022-06-02 11:57:01 UTC,12945,123,1116,,0,0,0,0,1588
2022-06-02 12:57:01 UTC,12946,97,1213,,0,0,0,0,1588
2022-06-02 13:57:01 UTC,12947,123,1336,,0,0,0,0,1588
2022-06-02 14:57:01 UTC,12948,90,1426,,0,0,0,0,1588
2022-06-02 15:57:01 UTC,12949,155,1581,,0,0,2,0,1588
2022-06-02 16:57:01 UTC,12950,226,1807,,0,0,2,0,1588
2022-06-02 17:57:01 UTC,12951,224,2031,,0,0,2,0,1588
2022-06-02 18:57:01 UTC,12952,111,2142,,3.9,0,2,0,1588
2022-06-02 19:57:01 UTC,12953,22,2164,,0,0,2,0,1588
2022-06-02 20:57:01 UTC,12954,2,2166,,3.9,0,2,0,1588
2022-06-02 21:57:01 UTC,12955,,,2166,,,,,
2022-06-02 22:57:01 UTC,12956,3,3,,0,0,0,0,2173
2022-06-02 23:57:01 UTC,12957,0,3,,0,0,0,0,2173
2022-06-03 00:57:01 UTC,12958,0,3,,0,0,0,0,2173
2022-06-03 01:57:01 UTC,12959,0,3,,0,0,0,0,2173
2022-06-03 02:57:01 UTC,12960,3,6,,3.9,0,0,0,2173
2022-06-03 03:57:01 UTC,12961,3,9,,0,0,0,0,2173
2022-06-03 04:57:01 UTC,12962,8,17,,0,0,0,0,2173
2022-06-03 05:57:01 UTC,12963,47,64,,0,0,0,0,2173
2022-06-03 06:57:01 UTC,12964,63,127,,3.9,0,0,0,2173
2022-06-03 07:57:01 UTC,12965,65,194,,0,0,0,0,2173
2022-06-03 08:57:01 UTC,12966,83,277,,0,0,0,0,2173
2022-06-03 09:57:01 UTC,12967,93,370,,0,0,0,0,2173
2022-06-03 10:57:01 UTC,12968,80,450,,0,0,0,0,2173
2022-06-03 11:57:01 UTC,12969,66,516,,0,0,0,0,2173
2022-06-03 12:57:01 UTC,12970,68,584,,0,0,0,0,2173
2022-06-03 13:57:01 UTC,12971,87,671,,0,0,0,0,2173
2022-06-03 14:57:01 UTC,12972,106,777,,0,0,0,0,2173
2022-06-03 15:57:01 UTC,12973,137,914,,0,0,0,0,2173
2022-06-03 16:57:01 UTC,12974,187,1101,,0,0,0,0,2173
2022-06-03 17:57:01 UTC,12975,157,1258,,0,0,0,0,2173
2022-06-03 18:57:01 UTC,12976,66,1324,,3.9,0,0,0,2173
2022-06-03 19:57:01 UTC,12977,19,1344,,0,0,1,0,2173
2022-06-03 20:57:01 UTC,12978,5,1349,,3.9,0,1,0,2173
2022-06-03 21:57:01 UTC,12979,,,1349,,,,,
2022-06-03 22:57:01 UTC,12980,3,3,,0,0,0,0,1354
2022-06-03 23:57:01 UTC,12981,1,4,,0,0,0,0,1354
2022-06-04 00:57:01 UTC,12982,1,5,,0,0,0,0,1354
2022-06-04 01:57:01 UTC,12983,0,5,,0,0,0,0,1354
2022-06-04 02:57:01 UTC,12984,2,7,,3.9,0,0,0,1354
2022-06-04 03:57:01 UTC,12985,2,9,,0,0,0,0,1354
2022-06-04 04:57:01 UTC,12986,16,25,,0,0,0,0,1354
2022-06-04 05:57:01 UTC,12987,26,51,,0,0,0,0,1354
2022-06-04 06:57:01 UTC,12988,46,97,,3.9,0,0,0,1354
2022-06-04 07:57:01 UTC,12989,76,184,,0,0,0,0,1354
2022-06-04 08:57:01 UTC,12990,42,226,,0,0,0,0,1354
2022-06-04 09:57:01 UTC,12991,53,279,,0,0,0,0,1354
2022-06-04 10:57:01 UTC,12992,56,335,,3.9,0,0,0,1354
2022-06-04 11:57:01 UTC,12993,63,398,,0,0,0,0,1354
2022-06-04 12:57:01 UTC,12994,41,439,,0,0,0,0,1354
2022-06-04 13:57:01 UTC,12995,72,511,,0,0,0,0,1354
2022-06-04 14:57:01 UTC,12996,110,621,,3.9,0,0,0,1354
2022-06-04 15:57:01 UTC,12997,108,731,,0,0,0,0,1354
2022-06-04 16:57:01 UTC,12998,121,852,,0,0,0,0,1354
2022-06-04 17:57:01 UTC,12999,69,921,,0,0,0,0,1354
2022-06-04 18:57:01 UTC,13000,39,960,,3.9,0,0,0,1354
2022-06-04 19:57:01 UTC,13001,11,971,,0,0,0,0,1354
2022-06-04 20:57:01 UTC,13002,6,977,,3.9,0,0,0,1354
2022-06-04 21:57:01 UTC,13003,,,977,,,,,
2022-06-04 22:57:01 UTC,13004,2,2,,0,0,0,0,982
2022-06-04 23:57:01 UTC,13005,0,2,,0,0,0,0,982
2022-06-05 00:57:01 UTC,13006,0,2,,0,0,0,0,982
2022-06-05 01:57:01 UTC,13007,0,2,,0,0,0,0,982
2022-06-05 02:57:01 UTC,13008,1,3,,3.9,0,0,0,982
2022-06-05 03:57:01 UTC,13009,1,4,,0,0,0,0,982
2022-06-05 04:57:01 UTC,13010,6,10,,0,0,0,0,982
2022-06-05 05:57:01 UTC,13011,27,37,,0,0,0,0,982
2022-06-05 06:57:01 UTC,13012,56,93,,3.9,0,0,0,982
2022-06-05 07:57:01 UTC,13013,46,141,,0,0,1,0,982
2022-06-05 08:57:01 UTC,13014,36,177,,0,0,1,0,982
2022-06-05 09:57:01 UTC,13015,83,260,,0,0,1,0,982
2022-06-05 10:57:01 UTC,13016,172,432,,3.9,0,1,0,982
2022-06-05 11:57:01 UTC,13017,147,583,,0,0,1,0,982
2022-06-05 12:57:01 UTC,13018,85,668,,0,0,1,0,982
2022-06-05 13:57:01 UTC,13019,105,773,,0,0,1,0,982
2022-06-05 14:57:01 UTC,13020,105,878,,3.9,0,1,0,982
2022-06-05 15:57:01 UTC,13021,144,1022,,0,0,1,0,982
2022-06-05 16:57:01 UTC,13022,143,1165,,0,0,1,0,982
2022-06-05 17:57:01 UTC,13023,114,1279,,0,0,1,0,982
2022-06-05 18:57:01 UTC,13024,36,1315,,3.9,0,1,0,982
2022-06-05 19:57:01 UTC,13025,8,1324,,0,0,2,0,982
2022-06-05 20:57:01 UTC,13026,2,1326,,3.9,0,2,0,982
2022-06-05 21:57:01 UTC,13027,,,1326,,,,,
2022-06-05 22:57:01 UTC,13028,4,4,,0,0,0,0,1326
2022-06-05 23:57:01 UTC,13029,1,5,,0,0,0,0,1326
2022-06-06 00:57:01 UTC,13030,0,5,,0,0,0,0,1326
2022-06-06 01:57:01 UTC,13031,0,5,,0,0,0,0,1326
2022-06-06 02:57:01 UTC,13032,2,7,,3.9,0,0,0,1326
2022-06-06 03:57:01 UTC,13033,2,9,,0,0,0,0,1326
2022-06-06 04:57:01 UTC,13034,17,26,,0,0,0,0,1326
2022-06-06 05:57:01 UTC,13035,48,74,,0,0,0,0,1326
2022-06-06 06:57:01 UTC,13036,93,167,,3.9,0,0,0,1326
2022-06-06 07:57:01 UTC,13037,100,270,,0,0,0,0,1326
2022-06-06 08:57:01 UTC,13038,63,333,,0,0,0,0,1326
2022-06-06 09:57:01 UTC,13039,49,382,,0,0,0,0,1326
2022-06-06 10:57:01 UTC,13040,45,427,,0,0,0,0,1326
2022-06-06 11:57:01 UTC,13041,63,490,,0,0,0,0,1326
2022-06-06 12:57:01 UTC,13042,44,534,,0,0,0,0,1326
2022-06-06 13:57:01 UTC,13043,69,603,,0,0,0,0,1326
2022-06-06 14:57:01 UTC,13044,81,684,,0,0,0,0,1326
2022-06-06 15:57:01 UTC,13045,131,815,,0,0,0,0,1326
2022-06-06 16:57:01 UTC,13046,184,999,,0,0,0,0,1326
2022-06-06 17:57:01 UTC,13047,194,1193,,0,0,0,0,1326
2022-06-06 18:57:01 UTC,13048,94,1287,,3.9,0,0,0,1326
2022-06-06 19:57:01 UTC,13049,28,1317,,0,0,0,0,1326
2022-06-06 20:57:01 UTC,13050,14,1331,,3.9,0,0,0,1326
2022-06-06 21:57:01 UTC,13051,,,1331,,,,,
2022-06-06 22:57:01 UTC,13052,3,3,,0,0,0,0,1338
2022-06-06 23:57:01 UTC,13053,0,3,,0,0,0,0,1338
2022-06-07 00:57:01 UTC,13054,0,3,,0,0,0,0,1338
2022-06-07 01:57:01 UTC,13055,0,3,,0,0,0,0,1338
2022-06-07 02:57:01 UTC,13056,7,10,,3.9,0,0,0,1338
2022-06-07 03:57:01 UTC,13057,7,17,,0,0,0,0,1338
2022-06-07 04:57:01 UTC,13058,30,47,,0,0,0,0,1338
2022-06-07 05:57:01 UTC,13059,64,111,,0,0,0,0,1338
2022-06-07 06:57:01 UTC,13060,80,191,,3.9,0,0,0,1338
2022-06-07 07:57:01 UTC,13061,83,279,,0,0,0,0,1338
2022-06-07 08:57:01 UTC,13062,74,353,,0,0,0,0,1338
2022-06-07 09:57:01 UTC,13063,58,411,,0,0,0,0,1338
2022-06-07 10:57:01 UTC,13064,69,480,,0,0,0,0,1338
2022-06-07 11:57:01 UTC,13065,72,552,,0,0,0,0,1338
2022-06-07 12:57:01 UTC,13066,85,637,,0,0,0,0,1338
2022-06-07 13:57:01 UTC,13067,74,711,,0,0,0,0,1338
2022-06-07 14:57:01 UTC,13068,96,807,,0,0,0,0,1338
2022-06-07 15:57:01 UTC,13069,146,953,,0,0,0,0,1338
2022-06-07 16:57:01 UTC,13070,187,1140,,0,0,0,0,1338
2022-06-07 17:57:01 UTC,13071,224,1364,,0,0,0,0,1338
2022-06-07 18:57:01 UTC,13072,137,1501,,3.9,0,0,0,1338
2022-06-07 19:57:01 UTC,13073,42,1546,,0,0,1,0,1338
2022-06-07 20:57:01 UTC,13074,14,1560,,3.9,0,1,0,1338
2022-06-07 21:57:01 UTC,13075,,,1560,,,,,
2022-06-07 22:57:01 UTC,13076,3,3,,0,0,0,0,1566
2022-06-07 23:57:01 UTC,13077,4,7,,0,0,0,0,1566
2022-06-08 00:57:01 UTC,13078,0,7,,0,0,0,0,1566
2022-06-08 01:57:01 UTC,13079,4,11,,0,0,0,0,1566
2022-06-08 02:57:01 UTC,13080,5,16,,3.9,0,0,0,1566
2022-06-08 03:57:01 UTC,13081,5,21,,0,0,0,0,1566
2022-06-08 04:57:01 UTC,13082,16,37,,0,0,0,0,1566
2022-06-08 05:57:01 UTC,13083,43,80,,0,0,0,0,1566
2022-06-08 06:57:01 UTC,13084,78,158,,3.9,0,0,0,1566
2022-06-08 07:57:01 UTC,13085,72,236,,0,0,0,0,1566
2022-06-08 08:57:01 UTC,13086,40,276,,0,0,0,0,1566
2022-06-08 09:57:01 UTC,13087,59,335,,0,0,0,0,1566
2022-06-08 10:57:01 UTC,13088,58,393,,0,0,0,0,1566
2022-06-08 11:57:01 UTC,13089,71,464,,0,0,0,0,1566
2022-06-08 12:57:01 UTC,13090,74,538,,0,0,0,0,1566
2022-06-08 13:57:01 UTC,13091,76,614,,0,0,0,0,1566
2022-06-08 14:57:01 UTC,13092,84,698,,3.9,0,0,0,1566
2022-06-08 15:57:01 UTC,13093,142,843,,0,0,0,0,1566
2022-06-08 16:57:01 UTC,13094,211,1054,,0,0,0,0,1566
2022-06-08 17:57:01 UTC,13095,232,1286,,0,0,0,0,1566
2022-06-08 18:57:01 UTC,13096,91,1377,,3.9,0,0,0,1566
2022-06-08 19:57:01 UTC,13097,36,1414,,0,0,0,0,1566
2022-06-08 20:57:01 UTC,13098,17,1431,,3.9,0,0,0,1566
2022-06-08 21:57:01 UTC,13099,,,1431,,,,,
2022-06-08 22:57:01 UTC,13100,10,10,,0,0,0,0,1447
2022-06-08 23:57:01 UTC,13101,4,14,,0,0,0,0,1447
2022-06-09 00:57:01 UTC,13102,4,18,,0,0,0,0,1447
2022-06-09 01:57:01 UTC,13103,1,19,,0,0,0,0,1447
2022-06-09 02:57:01 UTC,13104,7,26,,3.9,0,0,0,1447
2022-06-09 03:57:01 UTC,13105,3,29,,0,0,0,0,1447
2022-06-09 04:57:01 UTC,13106,13,42,,0,0,0,0,1447
2022-06-09 05:57:01 UTC,13107,39,81,,0,0,0,0,1447
2022-06-09 06:57:01 UTC,13108,34,115,,3.9,0,0,0,1447
2022-06-09 07:57:01 UTC,13109,43,160,,0,0,0,0,1447
2022-06-09 08:57:01 UTC,13110,51,211,,0,0,0,0,1447
2022-06-09 09:57:01 UTC,13111,33,244,,0,0,0,0,1447
2022-06-09 10:57:01 UTC,13112,21,265,,3.9,0,0,0,1447
2022-06-09 11:57:01 UTC,13113,20,287,,0,0,1,0,1447
2022-06-09 12:57:01 UTC,13114,13,300,,0,0,1,0,1447
2022-06-09 13:57:01 UTC,13115,20,320,,0,0,1,0,1447
2022-06-09 14:57:01 UTC,13116,25,345,,3.9,0,1,0,1447
2022-06-09 15:57:01 UTC,13117,43,391,,0,0,1,0,1447
2022-06-09 16:57:01 UTC,13118,100,491,,0,0,1,0,1447
2022-06-09 17:57:01 UTC,13119,116,607,,0,0,1,0,1447
2022-06-09 18:57:01 UTC,13120,75,682,,3.9,0,1,0,1447
2022-06-09 19:57:01 UTC,13121,34,720,,0,0,1,0,1447
2022-06-09 20:57:01 UTC,13122,13,733,,3.9,0,1,0,1447
2022-06-09 21:57:01 UTC,13123,,,733,,,,,
2022-06-09 22:57:01 UTC,13124,5,5,,0,0,0,0,753
2022-06-09 23:57:01 UTC,13125,11,16,,0,0,0,0,753
2022-06-10 00:57:01 UTC,13126,1,17,,0,0,0,0,753
2022-06-10 01:57:01 UTC,13127,2,19,,0,0,0,0,753
2022-06-10 02:57:01 UTC,13128,4,23,,3.9,0,0,0,753
2022-06-10 03:57:01 UTC,13129,5,29,,0,0,0,0,753
2022-06-10 04:57:01 UTC,13130,14,43,,0,0,0,0,753
2022-06-10 05:57:01 UTC,13131,108,151,,0,0,0,0,753
2022-06-10 06:57:01 UTC,13132,123,274,,3.9,0,0,0,753
2022-06-10 07:57:01 UTC,13133,108,390,,0,0,1,0,753
2022-06-10 08:57:01 UTC,13134,111,501,,0,0,1,0,753
2022-06-10 09:57:01 UTC,13135,110,611,,0,0,1,0,753
2022-06-10 10:57:01 UTC,13136,87,698,,3.9,0,1,0,753
2022-06-10 11:57:01 UTC,13137,104,803,,0,0,1,0,753
2022-06-10 12:57:01 UTC,13138,83,886,,0,0,1,0,753
2022-06-10 13:57:01 UTC,13139,131,1017,,0,0,1,0,753
2022-06-10 14:57:01 UTC,13140,108,1125,,3.9,0,1,0,753
2022-06-10 15:57:01 UTC,13141,190,1317,,0,0,1,0,753
2022-06-10 16:57:01 UTC,13142,204,1521,,0,0,1,0,753
2022-06-10 17:57:01 UTC,13143,166,1687,,0,0,1,0,753
2022-06-10 18:57:01 UTC,13144,62,1749,,3.9,0,1,0,753
2022-06-10 19:57:01 UTC,13145,16,1766,,0,0,1,0,753
2022-06-10 20:57:01 UTC,13146,21,1787,,3.9,0,1,0,753
2022-06-10 21:57:01 UTC,13147,,,1787,,,,,
