created_at,entry_id,field1,field2,field3,field4,field5,field6,field7,field8
2022-09-01 00:57:01 UTC,3384,0,0,,0,0,0,0,153
2022-09-01 01:57:01 UTC,3385,0,0,,0,0,0,0,153
2022-09-01 02:57:01 UTC,3386,0,0,,3.9,0,0,0,153
2022-09-01 03:57:01 UTC,3387,0,0,,0,0,0,0,153
2022-09-01 04:57:01 UTC,3388,2,2,,0,0,0,0,153
2022-09-01 05:57:01 UTC,3389,2,4,,0,0,0,0,153
2022-09-01 06:57:01 UTC,3390,8,12,,4,0,0,0,153
2022-09-01 07:57:01 UTC,3391,8,20,,0,0,0,0,153
2022-09-01 08:57:01 UTC,3392,21,41,,0,0,0,0,153
2022-09-01 09:57:01 UTC,3393,22,63,,0,0,0,0,153
2022-09-01 10:57:01 UTC,3394,25,88,,4,0,0,0,153
2022-09-01 11:57:01 UTC,3395,11,99,,0,0,0,1,153
2022-09-01 12:57:01 UTC,3396,8,107,,0,0,0,1,153
2022-09-01 13:57:01 UTC,3397,7,114,,0,0,0,1,153
2022-09-01 14:57:01 UTC,3398,7,121,,4,0,0,1,153
2022-09-01 15:57:01 UTC,3399,17,138,,0,0,0,1,153
2022-09-01 16:57:01 UTC,3400,16,154,,0,0,0,1,153
2022-09-01 17:57:01 UTC,3401,28,182,,0,0,0,1,153
2022-09-01 18:57:01 UTC,3402,8,190,,3.9,0,0,1,153
2022-09-01 19:57:01 UTC,3403,0,190,,0,0,1,1,153
2022-09-01 20:57:01 UTC,3404,0,190,,3.9,0,1,1,153
2022-09-01 21:57:01 UTC,3405,,,190,,,,,
2022-09-01 22:57:01 UTC,3406,0,0,,0,0,0,0,193
2022-09-01 23:57:01 UTC,3407,0,0,,0,0,0,0,193
2022-09-02 00:57:01 UTC,3408,0,0,,0,0,0,0,193
2022-09-02 01:57:01 UTC,3409,0,0,,0,0,0,0,193
2022-09-02 02:57:01 UTC,3410,0,0,,3.9,0,0,0,193
2022-09-02 03:57:01 UTC,3411,0,0,,0,0,0,0,193
2022-09-02 04:57:01 UTC,3412,7,7,,0,0,0,0,193
2022-09-02 05:57:01 UTC,3413,10,17,,0,0,0,0,193
2022-09-02 06:57:01 UTC,3414,22,39,,4,0,0,0,193
2022-09-02 07:57:01 UTC,3415,22,62,,0,0,0,0,193
2022-09-02 08:57:01 UTC,3416,21,83,,0,0,0,0,193
2022-09-02 09:57:01 UTC,3417,9,92,,0,0,0,0,193
2022-09-02 10:57:01 UTC,3418,13,105,,4,0,0,0,193
2022-09-02 11:57:01 UTC,3419,9,114,,0,0,1,0,193
2022-09-02 12:57:01 UTC,3420,9,123,,0,0,1,0,193
2022-09-02 13:57:01 UTC,3421,10,133,,0,0,1,0,193
2022-09-02 14:57:01 UTC,3422,11,144,,4,0,1,0,193
2022-09-02 15:57:01 UTC,3423,22,166,,0,0,2,0,193
2022-09-02 16:57:01 UTC,3424,38,204,,0,0,2,0,193
2022-09-02 17:57:01 UTC,3425,11,215,,0,0,2,0,193
2022-09-02 18:57:01 UTC,3426,2,217,,3.9,0,2,0,193
2022-09-02 19:57:01 UTC,3427,1,218,,0,0,3,0,193
2022-09-02 20:57:01 UTC,3428,0,218,,3.9,0,3,0,193
2022-09-02 21:57:01 UTC,3429,,,218,,,,,
2022-09-02 22:57:01 UTC,3430,0,0,,0,0,0,0,218
2022-09-02 23:57:01 UTC,3431,0,0,,0,0,0,0,218
2022-09-03 00:57:01 UTC,3432,0,0,,0,0,0,0,218
2022-09-03 01:57:01 UTC,3433,0,0,,0,0,0,0,218
2022-09-03 02:57:01 UTC,3434,0,0,,3.9,0,0,0,218
2022-09-03 03:57:01 UTC,3435,0,0,,0,0,0,0,218
2022-09-03 04:57:01 UTC,3436,2,2,,0,0,0,0,218
2022-09-03 05:57:01 UTC,3437,16,18,,0,0,0,0,218
2022-09-03 06:57:01 UTC,3438,12,30,,3.9,0,0,0,218
2022-09-03 07:57:01 UTC,3439,8,38,,0,0,2,0,218
2022-09-03 08:57:01 UTC,3440,1,39,,0,0,2,0,218
2022-09-03 09:57:01 UTC,3441,5,44,,0,0,2,0,218
2022-09-03 10:57:01 UTC,3442,13,57,,4,0,2,0,218
2022-09-03 11:57:01 UTC,3443,10,67,,0,0,2,0,218
2022-09-03 12:57:01 UTC,3444,24,91,,0,0,2,0,218
2022-09-03 13:57:01 UTC,3445,78,169,,0,0,2,0,218
2022-09-03 14:57:01 UTC,3446,74,243,,0,0,2,0,218
2022-09-03 15:57:01 UTC,3447,28,271,,0,0,3,0,218
2022-09-03 16:57:01 UTC,3448,8,279,,0,0,3,0,218
2022-09-03 17:57:01 UTC,3449,7,286,,0,0,3,0,218
2022-09-03 18:57:01 UTC,3450,3,289,,3.9,0,3,0,218
2022-09-03 19:57:01 UTC,3451,0,289,,0,0,4,0,218
2022-09-03 20:57:01 UTC,3452,0,289,,3.9,0,4,0,218
2022-09-03 21:57:01 UTC,3453,,,289,,,,,
2022-09-03 22:57:01 UTC,3454,0,0,,0,0,0,0,291
2022-09-03 23:57:01 UTC,3455,0,0,,0,0,0,0,291
2022-09-04 00:57:01 UTC,3456,0,0,,0,0,0,0,291
2022-09-04 01:57:01 UTC,3457,0,0,,0,0,0,0,291
2022-09-04 02:57:01 UTC,3458,0,0,,3.9,0,0,0,291
2022-09-04 03:57:01 UTC,3459,0,0,,0,0,0,0,291
2022-09-04 04:57:01 UTC,3460,0,0,,0,0,0,0,291
2022-09-04 05:57:01 UTC,3461,3,3,,0,0,0,0,291
2022-09-04 06:57:01 UTC,3462,8,11,,3.9,0,0,0,291
2022-09-04 07:57:01 UTC,3463,11,22,,0,0,2,0,291
2022-09-04 08:57:01 UTC,3464,0,22,,0,0,2,0,291
2022-09-04 09:57:01 UTC,3465,2,24,,0,0,2,0,291
2022-09-04 10:57:01 UTC,3466,5,29,,4,0,2,0,291
2022-09-04 11:57:01 UTC,3467,6,36,,0,0,3,0,291
2022-09-04 12:57:01 UTC,3468,16,52,,0,0,3,0,291
2022-09-04 13:57:01 UTC,3469,42,94,,0,0,3,0,291
2022-09-04 14:57:01 UTC,3470,24,118,,3.9,0,3,0,291
2022-09-04 15:57:01 UTC,3471,34,152,,0,0,4,0,291
2022-09-04 16:57:01 UTC,3472,34,186,,0,0,4,0,291
2022-09-04 17:57:01 UTC,3473,19,205,,0,0,4,0,291
2022-09-04 18:57:01 UTC,3474,6,211,,3.9,0,4,0,291
2022-09-04 19:57:01 UTC,3475,0,211,,0,0,4,0,291
2022-09-04 20:57:01 UTC,3476,1,212,,3.9,0,4,0,291
2022-09-04 21:57:01 UTC,3477,,,212,,,,,
2022-09-04 22:57:01 UTC,3478,0,0,,0,0,0,0,212
2022-09-04 23:57:01 UTC,3479,0,0,,0,0,0,0,212
2022-09-05 00:57:01 UTC,3480,0,0,,0,0,0,0,212
2022-09-05 01:57:01 UTC,3481,0,0,,0,0,0,0,212
2022-09-05 02:57:01 UTC,3482,0,0,,3.9,0,0,0,212
2022-09-05 03:57:01 UTC,3483,0,0,,0,0,0,0,212
2022-09-05 04:57:01 UTC,3484,1,1,,0,0,0,0,212
2022-09-05 05:57:01 UTC,3485,7,8,,0,0,0,0,212
2022-09-05 06:57:01 UTC,3486,15,23,,4,0,0,0,212
2022-09-05 07:57:01 UTC,3487,19,43,,0,0,0,0,212
2022-09-05 08:57:01 UTC,3488,11,54,,0,0,0,0,212
2022-09-05 09:57:01 UTC,3489,8,62,,0,0,0,0,212
2022-09-05 10:57:01 UTC,3490,14,76,,0,0,0,0,212
2022-09-05 11:57:01 UTC,3491,10,86,,0,0,1,0,212
2022-09-05 12:57:01 UTC,3492,5,91,,0,0,1,0,212
2022-09-05 13:57:01 UTC,3493,16,107,,0,0,1,0,212
2022-09-05 14:57:01 UTC,3494,15,122,,0,0,1,0,212
2022-09-05 15:57:01 UTC,3495,32,154,,0,0,2,0,212
2022-09-05 16:57:01 UTC,3496,42,196,,0,0,2,0,212
2022-09-05 17:57:01 UTC,3497,18,214,,0,0,2,0,212
2022-09-05 18:57:01 UTC,3498,1,215,,4,0,2,0,212
2022-09-05 19:57:01 UTC,3499,0,215,,0,0,2,0,212
2022-09-05 20:57:01 UTC,3500,1,216,,3.9,0,2,0,212
2022-09-05 21:57:01 UTC,3501,,,216,,,,,
2022-09-05 22:57:01 UTC,3502,1,1,,0,0,0,0,216
2022-09-05 23:57:01 UTC,3503,0,1,,0,0,0,0,216
2022-09-06 00:57:01 UTC,3504,0,1,,0,0,0,0,216
2022-09-06 01:57:01 UTC,3505,0,1,,0,0,0,0,216
2022-09-06 02:57:01 UTC,3506,0,1,,3.9,0,0,0,216
2022-09-06 03:57:01 UTC,3507,0,1,,0,0,0,0,216
2022-09-06 04:57:01 UTC,3508,1,2,,0,0,0,0,216
2022-09-06 05:57:01 UTC,3509,10,12,,0,0,0,0,216
2022-09-06 06:57:01 UTC,3510,17,29,,4,0,0,0,216
2022-09-06 07:57:01 UTC,3511,16,46,,0,0,1,0,216
2022-09-06 08:57:01 UTC,3512,13,59,,0,0,1,0,216
2022-09-06 09:57:01 UTC,3513,12,71,,0,0,1,0,216
2022-09-06 10:57:01 UTC,3514,13,84,,0,0,1,0,216
2022-09-06 11:57:01 UTC,3515,4,88,,0,0,1,0,216
2022-09-06 12:57:01 UTC,3516,9,97,,0,0,1,0,216
2022-09-06 13:57:01 UTC,3517,19,116,,0,0,1,0,216
2022-09-06 14:57:01 UTC,3518,8,124,,0,0,1,0,216
2022-09-06 15:57:01 UTC,3519,21,145,,0,0,2,0,216
2022-09-06 16:57:01 UTC,3520,44,189,,0,0,2,0,216
2022-09-06 17:57:01 UTC,3521,22,211,,0,0,2,0,216
2022-09-06 18:57:01 UTC,3522,1,212,,3.9,0,2,0,216
2022-09-06 19:57:01 UTC,3523,0,212,,0,0,3,0,216
2022-09-06 20:57:01 UTC,3524,1,213,,3.9,0,3,0,216
2022-09-06 21:57:01 UTC,3525,,,213,,,,,
2022-09-06 22:57:01 UTC,3526,0,0,,0,0,0,0,215
2022-09-06 23:57:01 UTC,3527,0,0,,0,0,0,0,215
2022-09-07 00:57:01 UTC,3528,0,0,,0,0,0,0,215
2022-09-07 01:57:01 UTC,3529,0,0,,0,0,0,0,215
2022-09-07 02:57:01 UTC,3530,0,0,,3.9,0,0,0,215
2022-09-07 03:57:01 UTC,3531,0,0,,0,0,0,0,215
2022-09-07 04:57:01 UTC,3532,0,0,,0,0,0,0,215
2022-09-07 05:57:01 UTC,3533,6,6,,0,0,0,0,215
2022-09-07 06:57:01 UTC,3534,7,13,,3.9,0,0,0,215
2022-09-07 07:57:01 UTC,3535,9,22,,0,0,1,0,215
2022-09-07 08:57:01 UTC,3536,10,32,,0,0,1,0,215
2022-09-07 09:57:01 UTC,3537,9,41,,0,0,1,0,215
2022-09-07 10:57:01 UTC,3538,16,57,,0,0,1,0,215
2022-09-07 11:57:01 UTC,3539,35,92,,0,0,2,0,215
2022-09-07 12:57:01 UTC,3540,17,109,,0,0,2,0,215
2022-09-07 13:57:01 UTC,3541,48,157,,0,0,2,0,215
2022-09-07 14:57:01 UTC,3542,22,179,,0,0,2,0,215
2022-09-07 15:57:01 UTC,3543,29,208,,0,0,2,0,215
2022-09-07 16:57:01 UTC,3544,26,234,,0,0,2,0,215
2022-09-07 17:57:01 UTC,3545,26,260,,0,0,2,0,215
2022-09-07 18:57:01 UTC,3546,6,266,,3.9,0,2,0,215
2022-09-07 19:57:01 UTC,3547,1,267,,0,0,2,0,215
2022-09-07 20:57:01 UTC,3548,0,267,,3.9,0,2,0,215
2022-09-07 21:57:01 UTC,3549,,,267,,,,,
2022-09-07 22:57:01 UTC,3550,0,0,,0,0,0,0,268
2022-09-07 23:57:01 UTC,3551,0,0,,0,0,0,0,268
2022-09-08 00:57:01 UTC,3552,0,0,,0,0,0,0,268
2022-09-08 01:57:01 UTC,3553,0,0,,0,0,0,0,268
2022-09-08 02:57:01 UTC,3554,0,0,,3.9,0,0,0,268
2022-09-08 03:57:01 UTC,3555,0,0,,0,0,0,0,268
2022-09-08 04:57:01 UTC,3556,5,5,,0,0,0,0,268
2022-09-08 05:57:01 UTC,3557,0,5,,0,0,0,0,268
2022-09-08 06:57:01 UTC,3558,4,9,,3.9,0,0,0,268
2022-09-08 07:57:01 UTC,3559,3,12,,0,0,1,0,268
2022-09-08 08:57:01 UTC,3560,0,12,,0,0,1,0,268
2022-09-08 09:57:01 UTC,3561,0,12,,0,0,1,0,268
2022-09-08 10:57:01 UTC,3562,1,13,,4,0,1,0,268
2022-09-08 11:57:01 UTC,3563,1,14,,0,0,1,0,268
2022-09-08 12:57:01 UTC,3564,4,18,,0,0,1,0,268
2022-09-08 13:57:01 UTC,3565,4,22,,0,0,1,0,268
2022-09-08 14:57:01 UTC,3566,4,26,,3.9,0,1,0,268
2022-09-08 15:57:01 UTC,3567,9,35,,0,0,1,0,268
2022-09-08 16:57:01 UTC,3568,6,41,,0,0,1,0,268
2022-09-08 17:57:01 UTC,3569,4,45,,0,0,1,0,268
2022-09-08 18:57:01 UTC,3570,1,46,,3.9,0,1,0,268
2022-09-08 19:57:01 UTC,3571,0,46,,0,0,1,0,268
2022-09-08 20:57:01 UTC,3572,0,46,,3.9,0,1,0,268
2022-09-08 21:57:01 UTC,3573,,,46,,,,,
2022-09-08 22:57:01 UTC,3574,0,0,,0,0,0,0,46
2022-09-08 23:57:01 UTC,3575,0,0,,0,0,0,0,46
2022-09-09 00:57:01 UTC,3576,0,0,,0,0,0,0,46
2022-09-09 01:57:01 UTC,3577,0,0,,0,0,0,0,46
2022-09-09 02:57:01 UTC,3578,0,0,,3.9,0,0,0,46
2022-09-09 03:57:01 UTC,3579,0,0,,0,0,0,0,46
2022-09-09 04:57:01 UTC,3580,1,1,,0,0,0,0,46
2022-09-09 05:57:01 UTC,3581,6,7,,0,0,0,0,46
2022-09-09 06:57:01 UTC,3582,12,19,,4,0,0,0,46
2022-09-09 07:57:01 UTC,3583,2,22,,0,0,0,0,46
2022-09-09 08:57:01 UTC,3584,3,25,,0,0,0,0,46
2022-09-09 09:57:01 UTC,3585,10,35,,0,0,0,0,46
2022-09-09 10:57:01 UTC,3586,17,52,,0,0,0,0,46
2022-09-09 11:57:01 UTC,3587,7,59,,0,0,0,0,46
2022-09-09 12:57:01 UTC,3588,15,74,,0,0,0,0,46
2022-09-09 13:57:01 UTC,3589,34,108,,0,0,0,0,46
2022-09-09 14:57:01 UTC,3590,49,157,,0,0,0,0,46
2022-09-09 15:57:01 UTC,3591,23,180,,0,0,0,0,46
2022-09-09 16:57:01 UTC,3592,25,205,,0,0,0,0,46
2022-09-09 17:57:01 UTC,3593,10,215,,0,0,0,0,46
2022-09-09 18:57:01 UTC,3594,2,217,,3.9,0,0,0,46
2022-09-09 19:57:01 UTC,3595,0,217,,0,0,0,0,46
2022-09-09 20:57:01 UTC,3596,0,217,,3.9,0,0,0,46
2022-09-09 21:57:01 UTC,3597,,,217,,,,,
2022-09-09 22:57:01 UTC,3598,0,0,,0,0,0,0,218
2022-09-09 23:57:01 UTC,3599,1,1,,0,0,0,0,218
2022-09-10 00:57:01 UTC,3600,0,1,,0,0,0,0,218
2022-09-10 01:57:01 UTC,3601,0,1,,0,0,0,0,218
2022-09-10 02:57:01 UTC,3602,0,1,,3.9,0,0,0,218
2022-09-10 03:57:01 UTC,3603,0,1,,0,0,0,0,218
2022-09-10 04:57:01 UTC,3604,2,3,,0,0,0,0,218
2022-09-10 05:57:01 UTC,3605,7,10,,0,0,0,0,218
2022-09-10 06:57:01 UTC,3606,6,16,,4,0,0,0,218
2022-09-10 07:57:01 UTC,3607,5,21,,0,0,0,0,218
2022-09-10 08:57:01 UTC,3608,22,43,,0,0,0,0,218
2022-09-10 09:57:01 UTC,3609,31,74,,0,0,0,0,218
2022-09-10 10:57:01 UTC,3610,55,129,,0,0,0,0,218
2022-09-10 11:57:01 UTC,3611,25,154,,0,0,0,0,218
2022-09-10 12:57:01 UTC,3612,19,173,,0,0,0,0,218
2022-09-10 13:57:01 UTC,3613,44,217,,0,0,0,0,218
2022-09-10 14:57:01 UTC,3614,15,232,,3.9,0,0,0,218
2022-09-10 15:57:01 UTC,3615,31,263,,0,0,0,0,218
2022-09-10 16:57:01 UTC,3616,15,278,,0,0,0,0,218
2022-09-10 17:57:01 UTC,3617,8,286,,0,0,0,0,218
2022-09-10 18:57:01 UTC,3618,4,290,,3.9,0,0,0,218
2022-09-10 19:57:01 UTC,3619,1,291,,0,0,0,0,218
2022-09-10 20:57:01 UTC,3620,1,292,,3.9,0,0,0,218
2022-09-10 21:57:01 UTC,3621,,,292,,,,,
2022-09-10 22:57:01 UTC,3622,0,0,,0,0,0,0,292
2022-09-10 23:57:01 UTC,3623,2,2,,0,0,0,0,292
2022-09-11 00:57:01 UTC,3624,0,2,,0,0,0,0,292
2022-09-11 01:57:01 UTC,3625,0,2,,0,0,0,0,292
2022-09-11 02:57:01 UTC,3626,0,2,,3.9,0,0,0,292
2022-09-11 03:57:01 UTC,3627,0,2,,0,0,0,0,292
2022-09-11 04:57:01 UTC,3628,1,3,,0,0,0,0,292
2022-09-11 05:57:01 UTC,3629,9,12,,0,0,0,0,292
2022-09-11 06:57:01 UTC,3630,31,43,,4,0,0,0,292
2022-09-11 07:57:01 UTC,3631,49,96,,0,0,0,0,292
2022-09-11 08:57:01 UTC,3632,58,154,,0,0,0,0,292
2022-09-11 09:57:01 UTC,3633,59,213,,0,0,0,0,292
2022-09-11 10:57:01 UTC,3634,37,250,,4,0,0,0,292
2022-09-11 11:57:01 UTC,3635,49,299,,0,0,1,0,292
2022-09-11 12:57:01 UTC,3636,77,376,,0,0,1,0,292
2022-09-11 13:57:01 UTC,3637,137,513,,0,0,1,0,292
2022-09-11 14:57:01 UTC,3638,122,635,,4,0,1,0,292
2022-09-11 15:57:01 UTC,3639,45,681,,0,0,1,0,292
2022-09-11 16:57:01 UTC,3640,39,720,,0,0,1,0,292
2022-09-11 17:57:01 UTC,3641,15,735,,0,0,1,0,292
2022-09-11 18:57:01 UTC,3642,1,736,,3.9,0,1,0,292
2022-09-11 19:57:01 UTC,3643,0,736,,0,0,1,0,292
2022-09-11 20:57:01 UTC,3644,0,736,,3.9,0,1,0,292
2022-09-11 21:57:01 UTC,3645,,,736,,,,,
2022-09-11 22:57:01 UTC,3646,1,1,,0,0,0,0,737
2022-09-11 23:57:01 UTC,3647,1,2,,0,0,0,0,737
2022-09-12 00:57:01 UTC,3648,0,2,,0,0,0,0,737
2022-09-12 01:57:01 UTC,3649,0,2,,0,0,0,0,737
2022-09-12 02:57:01 UTC,3650,0,2,,3.9,0,0,0,737
2022-09-12 03:57:01 UTC,3651,0,2,,0,0,0,0,737
2022-09-12 04:57:01 UTC,3652,1,3,,0,0,0,0,737
2022-09-12 05:57:01 UTC,3653,8,11,,0,0,0,0,737
2022-09-12 06:57:01 UTC,3654,12,23,,4,0,0,0,737
2022-09-12 07:57:01 UTC,3655,18,42,,0,0,2,0,737
2022-09-12 08:57:01 UTC,3656,15,57,,0,0,2,0,737
2022-09-12 09:57:01 UTC,3657,11,68,,0,0,2,0,737
2022-09-12 10:57:01 UTC,3658,8,76,,4,0,2,0,737
2022-09-12 11:57:01 UTC,3659,11,87,,0,0,3,0,737
2022-09-12 12:57:01 UTC,3660,32,119,,0,0,3,0,737
2022-09-12 13:57:01 UTC,3661,24,143,,0,0,3,0,737
2022-09-12 14:57:01 UTC,3662,21,164,,3.9,0,3,0,737
2022-09-12 15:57:01 UTC,3663,22,186,,0,0,4,0,737
2022-09-12 16:57:01 UTC,3664,32,218,,0,0,4,0,737
2022-09-12 17:57:01 UTC,3665,21,239,,0,0,4,0,737
2022-09-12 18:57:01 UTC,3666,1,240,,3.9,0,4,0,737
2022-09-12 19:57:01 UTC,3667,1,241,,0,0,5,0,737
2022-09-12 20:57:01 UTC,3668,0,241,,3.9,0,5,0,737
2022-09-12 21:57:01 UTC,3669,,,241,,,,,
