created_at,entry_id,field1,field2,field3,field4,field5,field6,field7,field8
2023-03-01 00:57:01 UTC,5987,0,0,,0,0,0,0,371
2023-03-01 01:57:01 UTC,5988,0,0,,0,0,0,0,371
2023-03-01 02:57:01 UTC,5989,0,0,,0,0,0,0,371
2023-03-01 03:57:01 UTC,5990,0,0,,3.8,0,0,0,371
2023-03-01 04:57:01 UTC,5991,0,0,,0,0,0,0,78
2023-03-01 05:57:01 UTC,5992,1,1,,0,0,0,0,78
2023-03-01 06:57:01 UTC,5993,6,7,,0,0,0,0,78
2023-03-01 07:57:01 UTC,5994,14,21,,4,0,0,0,78
2023-03-01 08:57:01 UTC,5995,56,77,,0,0,0,0,78
2023-03-01 09:57:01 UTC,5996,93,170,,0,0,0,0,78
2023-03-01 10:57:01 UTC,5997,95,265,,0,0,0,0,78
2023-03-01 11:57:01 UTC,5998,89,354,,0,0,0,0,78
2023-03-01 12:57:01 UTC,5999,55,409,,0,0,0,0,78
2023-03-01 13:57:01 UTC,6000,41,450,,0,0,0,0,78
2023-03-01 14:57:01 UTC,6001,45,495,,0,0,0,0,78
2023-03-01 15:57:01 UTC,6002,74,569,,0,0,0,0,78
2023-03-01 16:57:01 UTC,6003,14,583,,0,0,0,0,78
2023-03-01 17:57:01 UTC,6004,8,591,,0,0,0,0,78
2023-03-01 18:57:01 UTC,6005,0,591,,0,0,0,0,78
2023-03-01 19:57:01 UTC,6006,2,593,,0,0,0,0,78
2023-03-01 20:57:01 UTC,6007,0,593,,0,0,0,0,78
2023-03-01 21:57:01 UTC,6008,0,593,,0,0,0,0,78
2023-03-01 22:57:01 UTC,6009,,,593,,,,,
2023-03-01 23:57:01 UTC,6010,1,1,,0,0,0,1,593
2023-03-02 00:57:01 UTC,6011,0,1,,0,0,0,1,593
2023-03-02 01:57:01 UTC,6012,0,1,,0,0,0,1,593
2023-03-02 02:57:01 UTC,6013,0,1,,0,0,0,1,593
2023-03-02 03:57:01 UTC,6014,0,1,,0,0,0,1,593
2023-03-02 04:57:01 UTC,6015,0,1,,0,0,0,1,593
2023-03-02 05:57:01 UTC,6016,2,3,,0,0,0,1,593
2023-03-02 06:57:01 UTC,6017,1,4,,0,0,0,1,593
2023-03-02 07:57:01 UTC,6018,6,10,,0,0,0,1,593
2023-03-02 08:57:01 UTC,6019,3,13,,0,0,0,1,593
2023-03-02 09:57:01 UTC,6020,5,18,,0,0,0,1,593
2023-03-02 10:57:01 UTC,6021,8,26,,0,0,0,1,593
2023-03-02 11:57:01 UTC,6022,6,32,,0,0,0,1,593
2023-03-02 12:57:01 UTC,6023,8,40,,0,0,0,1,593
2023-03-02 13:57:01 UTC,6024,9,49,,0,0,0,1,593
2023-03-02 14:57:01 UTC,6025,12,61,,0,0,0,1,593
2023-03-02 15:57:01 UTC,6026,11,72,,0,0,0,1,593
2023-03-02 16:57:01 UTC,6027,9,81,,0,0,0,1,593
2023-03-02 17:57:01 UTC,6028,4,85,,0,0,0,1,593
2023-03-02 18:57:01 UTC,6029,2,87,,0,0,0,1,593
2023-03-02 19:57:01 UTC,6030,4,91,,0,0,0,1,593
2023-03-02 20:57:01 UTC,6031,0,91,,0,0,1,1,593
2023-03-02 21:57:01 UTC,6032,0,91,,0,0,1,1,593
2023-03-02 22:57:01 UTC,6033,,,91,,,,,
2023-03-02 23:57:01 UTC,6034,0,0,,0,0,0,0,91
2023-03-03 00:57:01 UTC,6035,0,0,,0,0,0,0,91
2023-03-03 01:57:01 UTC,6036,0,0,,0,0,0,0,91
2023-03-03 02:57:01 UTC,6037,0,0,,0,0,0,0,91
2023-03-03 03:57:01 UTC,6038,0,0,,0,0,0,0,91
2023-03-03 04:57:01 UTC,6039,0,0,,0,0,0,0,91
2023-03-03 05:57:01 UTC,6040,0,0,,0,0,0,0,91
2023-03-03 06:57:01 UTC,6041,2,2,,0,0,0,0,91
2023-03-03 07:57:01 UTC,6042,4,6,,0,0,0,0,91
2023-03-03 08:57:01 UTC,6043,21,27,,0,0,0,0,91
2023-03-03 09:57:01 UTC,6044,17,44,,0,0,0,0,91
2023-03-03 10:57:01 UTC,6045,8,52,,0,0,0,0,91
2023-03-03 11:57:01 UTC,6046,2,54,,0,0,0,0,91
2023-03-03 12:57:01 UTC,6047,5,59,,0,0,0,0,91
2023-03-03 13:57:01 UTC,6048,7,66,,0,0,0,0,91
2023-03-03 14:57:01 UTC,6049,4,70,,0,0,0,0,91
2023-03-03 15:57:01 UTC,6050,5,75,,0,0,0,0,91
2023-03-03 16:57:01 UTC,6051,12,87,,0,0,0,0,91
2023-03-03 17:57:01 UTC,6052,6,93,,0,0,0,0,91
2023-03-03 18:57:01 UTC,6053,1,94,,0,0,0,0,91
2023-03-03 19:57:01 UTC,6054,3,97,,0,0,0,0,91
2023-03-03 20:57:01 UTC,6055,0,97,,0,0,0,0,91
2023-03-03 21:57:01 UTC,6056,0,97,,0,0,0,0,91
2023-03-03 22:57:01 UTC,6057,,,97,,,,,
2023-03-03 23:57:01 UTC,6058,0,0,,0,0,0,2,97
2023-03-04 00:57:01 UTC,6059,1,1,,0,0,0,2,97
2023-03-04 01:57:01 UTC,6060,0,1,,0,0,0,2,97
2023-03-04 02:57:01 UTC,6061,0,1,,0,0,0,2,97
2023-03-04 03:57:01 UTC,6062,0,1,,0,0,0,2,97
2023-03-04 04:57:01 UTC,6063,0,1,,0,0,0,2,97
2023-03-04 05:57:01 UTC,6064,2,3,,0,0,0,2,97
2023-03-04 06:57:01 UTC,6065,3,6,,0,0,0,2,97
2023-03-04 07:57:01 UTC,6066,4,10,,0,0,0,2,97
2023-03-04 08:57:01 UTC,6067,8,18,,0,0,0,2,97
2023-03-04 09:57:01 UTC,6068,7,25,,0,0,0,2,97
2023-03-04 10:57:01 UTC,6069,7,32,,0,0,0,2,97
2023-03-04 11:57:01 UTC,6070,11,43,,0,0,0,2,97
2023-03-04 12:57:01 UTC,6071,7,50,,0,0,0,2,97
2023-03-04 13:57:01 UTC,6072,8,58,,0,0,0,2,97
2023-03-04 14:57:01 UTC,6073,11,69,,0,0,0,2,97
2023-03-04 15:57:01 UTC,6074,13,82,,0,0,0,2,97
2023-03-04 16:57:01 UTC,6075,9,91,,0,0,0,2,97
2023-03-04 17:57:01 UTC,6076,4,95,,0,0,0,2,97
2023-03-04 18:57:01 UTC,6077,0,95,,0,0,0,2,97
2023-03-04 19:57:01 UTC,6078,2,97,,0,0,0,2,97
2023-03-04 20:57:01 UTC,6079,0,97,,0,0,0,2,97
2023-03-04 21:57:01 UTC,6080,0,97,,0,0,0,2,97
2023-03-04 22:57:01 UTC,6081,,,97,,,,,
2023-03-27 23:57:01 UTC,5890,0,0,,0,0,0,0,61
2023-03-28 00:57:01 UTC,5891,0,0,,0,0,0,0,61
2023-03-28 01:57:01 UTC,5892,1,1,,0,0,0,0,61
2023-03-28 02:57:01 UTC,5893,0,1,,0,0,0,0,61
2023-03-28 03:57:01 UTC,5894,0,1,,0,0,0,0,61
2023-03-28 04:57:01 UTC,5895,0,1,,0,0,0,0,61
2023-03-28 05:57:01 UTC,5896,0,1,,0,0,0,0,61
2023-03-28 06:57:01 UTC,5897,2,3,,0,0,0,0,61
2023-03-28 07:57:01 UTC,5898,0,3,,0,0,0,0,61
2023-03-28 08:57:01 UTC,5899,0,3,,0,0,0,0,61
2023-03-28 09:57:01 UTC,5900,10,13,,0,0,0,0,61
2023-03-28 10:57:01 UTC,5901,1,14,,0,0,0,0,61
2023-03-28 11:57:01 UTC,5902,6,20,,0,0,0,0,61
2023-03-28 12:57:01 UTC,5903,8,28,,0,0,0,0,61
2023-03-28 13:57:01 UTC,5904,4,32,,0,0,0,0,61
2023-03-28 14:57:01 UTC,5905,7,39,,0,0,0,0,61
2023-03-28 15:57:01 UTC,5906,23,62,,0,0,0,0,61
2023-03-28 16:57:01 UTC,5907,5,67,,0,0,0,0,61
2023-03-28 17:57:01 UTC,5908,6,73,,0,0,0,0,61
2023-03-28 18:57:01 UTC,5909,3,76,,0,0,0,0,61
2023-03-28 19:57:01 UTC,5910,2,78,,0,0,0,0,61
2023-03-28 20:57:01 UTC,5911,0,78,,0,0,0,0,61
2023-03-28 21:57:01 UTC,5912,0,78,,3.9,0,0,0,61
2023-03-28 22:57:01 UTC,5913,,,78,,,,,
2023-03-28 23:57:01 UTC,5914,1,1,,0,0,0,0,78
2023-03-29 00:57:01 UTC,5915,0,1,,0,0,0,0,78
2023-03-29 01:57:01 UTC,5916,1,2,,0,0,0,0,78
2023-03-29 02:57:01 UTC,5917,0,2,,0,0,0,0,78
2023-03-29 03:57:01 UTC,5918,0,2,,0,0,0,0,78
2023-03-29 04:57:01 UTC,5919,0,2,,0,0,0,0,78
2023-03-29 05:57:01 UTC,5920,1,3,,0,0,0,0,78
2023-03-29 06:57:01 UTC,5921,0,3,,0,0,0,0,78
2023-03-29 07:57:01 UTC,5922,2,5,,0,0,0,0,78
2023-03-29 08:57:01 UTC,5923,3,8,,0,0,0,0,78
2023-03-29 09:57:01 UTC,5924,2,10,,0,0,0,0,78
2023-03-29 10:57:01 UTC,5925,5,15,,0,0,0,0,78
2023-03-29 11:57:01 UTC,5926,2,17,,0,0,0,0,78
2023-03-29 12:57:01 UTC,5927,1,18,,0,0,0,1,78
2023-03-29 13:57:01 UTC,5928,1,19,,0,0,0,1,78
2023-03-29 14:57:01 UTC,5929,4,23,,0,0,0,1,78
2023-03-29 15:57:01 UTC,5930,4,27,,0,0,0,1,78
2023-03-29 16:57:01 UTC,5931,2,29,,0,0,0,1,78
2023-03-29 17:57:01 UTC,5932,2,31,,0,0,0,1,78
2023-03-29 18:57:01 UTC,5933,0,31,,0,0,0,1,78
2023-03-29 19:57:01 UTC,5934,0,31,,0,0,0,1,78
2023-03-29 20:57:01 UTC,5935,0,31,,0,0,0,1,78
2023-03-29 21:57:01 UTC,5936,0,31,,3.9,0,0,1,78
2023-03-29 22:57:01 UTC,5937,,,31,,,,,
2023-03-29 23:57:01 UTC,5938,0,0,,0,0,0,3,31
2023-03-30 00:57:01 UTC,5939,2,2,,0,0,0,3,31
2023-03-30 01:57:01 UTC,5940,0,2,,0,0,0,3,31
2023-03-30 02:57:01 UTC,5941,0,2,,0,0,0,3,31
2023-03-30 03:57:01 UTC,5942,0,2,,0,0,0,3,31
2023-03-30 04:57:01 UTC,5943,0,2,,0,0,0,3,31
2023-03-30 05:57:01 UTC,5944,0,2,,0,0,0,3,31
2023-03-30 06:57:01 UTC,5945,2,4,,0,0,0,3,31
2023-03-30 07:57:01 UTC,5946,9,13,,0,0,0,3,31
2023-03-30 08:57:01 UTC,5947,13,26,,0,0,0,3,31
2023-03-30 09:57:01 UTC,5948,11,37,,0,0,0,3,31
2023-03-30 10:57:01 UTC,5949,13,50,,0,0,0,3,31
2023-03-30 11:57:01 UTC,5950,7,57,,0,0,0,3,31
2023-03-30 12:57:01 UTC,5951,14,71,,0,0,0,3,31
2023-03-30 13:57:01 UTC,5952,4,75,,0,0,0,3,31
2023-03-30 14:57:01 UTC,5953,10,85,,0,0,0,3,31
2023-03-30 15:57:01 UTC,5954,6,91,,0,0,0,3,31
2023-03-30 16:57:01 UTC,5955,3,94,,0,0,0,3,31
2023-03-30 17:57:01 UTC,5956,1,95,,0,0,0,3,31
2023-03-30 18:57:01 UTC,5957,1,96,,0,0,0,3,31
2023-03-30 19:57:01 UTC,5958,0,96,,0,0,0,3,31
2023-03-30 20:57:01 UTC,5959,0,96,,0,0,0,3,31
2023-03-30 21:57:01 UTC,5960,0,96,,3.9,0,0,3,31
2023-03-30 22:57:01 UTC,5961,,,96,,,,,
2023-03-30 23:57:01 UTC,5962,1,1,,0,0,0,0,96
2023-03-31 00:57:01 UTC,5963,0,1,,0,0,0,0,96
2023-03-31 01:57:01 UTC,5964,1,2,,0,0,0,0,96
2023-03-31 02:57:01 UTC,5965,0,2,,0,0,0,0,96
2023-03-31 03:57:01 UTC,5966,1,3,,3.9,0,0,0,96
2023-03-31 04:57:01 UTC,5967,0,3,,0,0,0,0,96
2023-03-31 05:57:01 UTC,5968,0,3,,0,0,0,0,96
2023-03-31 06:57:01 UTC,5969,7,10,,0,0,0,0,96
2023-03-31 07:57:01 UTC,5970,18,28,,4,0,0,0,96
2023-03-31 08:57:01 UTC,5971,27,55,,0,0,0,0,96
2023-03-31 09:57:01 UTC,5972,39,94,,0,0,0,0,96
2023-03-31 10:57:01 UTC,5973,54,148,,0,0,0,0,96
2023-03-31 11:57:01 UTC,5974,36,184,,0,0,0,0,96
2023-03-31 12:57:01 UTC,5975,57,241,,0,0,0,0,96
2023-03-31 13:57:01 UTC,5976,43,284,,0,0,0,0,96
2023-03-31 14:57:01 UTC,5977,41,325,,0,0,0,0,96
2023-03-31 15:57:01 UTC,5978,20,345,,0,0,0,0,96
2023-03-31 16:57:01 UTC,5979,19,364,,0,0,0,0,96
2023-03-31 17:57:01 UTC,5980,2,366,,0,0,0,0,96
2023-03-31 18:57:01 UTC,5981,1,367,,0,0,0,0,96
2023-03-31 19:57:01 UTC,5982,1,368,,0,0,0,0,96
2023-03-31 20:57:01 UTC,5983,0,368,,0,0,0,0,96
2023-03-31 21:57:01 UTC,5984,1,369,,3.9,0,0,0,96
2023-03-31 22:57:01 UTC,5985,,,369,,,,,
