created_at,entry_id,field1,field2,field3,field4,field5,field6,field7,field8
2022-11-01 00:57:01 UTC,4841,0,0,,0,0,0,1,236
2022-11-01 01:57:01 UTC,4842,0,0,,0,0,0,1,236
2022-11-01 02:57:01 UTC,4843,0,0,,0,0,0,1,236
2022-11-01 03:57:01 UTC,4844,0,0,,3.8,0,0,1,236
2022-11-01 04:57:01 UTC,4845,0,0,,0,0,0,1,236
2022-11-01 05:57:01 UTC,4846,2,2,,0,0,0,1,236
2022-11-01 06:57:01 UTC,4847,2,4,,0,0,0,1,236
2022-11-01 07:57:01 UTC,4848,18,22,,4,0,0,1,236
2022-11-01 08:57:01 UTC,4849,43,67,,0,0,0,1,236
2022-11-01 09:57:01 UTC,4850,60,127,,0,0,0,1,236
2022-11-01 10:57:01 UTC,4851,71,198,,0,0,0,1,236
2022-11-01 11:57:01 UTC,4852,60,258,,4,0,0,1,236
2022-11-01 12:57:01 UTC,4853,39,304,,0,0,0,1,236
2022-11-01 13:57:01 UTC,4854,33,337,,0,0,0,1,236
2022-11-01 14:57:01 UTC,4855,24,361,,0,0,0,1,236
2022-11-01 15:57:01 UTC,4856,33,394,,3.9,0,0,1,236
2022-11-01 16:57:01 UTC,4857,18,413,,0,0,0,1,236
2022-11-01 17:57:01 UTC,4858,3,416,,0,0,0,1,236
2022-11-01 18:57:01 UTC,4859,0,416,,0,0,0,1,236
2022-11-01 19:57:01 UTC,4860,1,417,,3.9,0,0,1,236
2022-11-01 20:57:01 UTC,4861,0,417,,0,0,0,2,236
2022-11-01 21:57:01 UTC,4862,0,417,,3.9,0,0,2,236
2022-11-01 22:57:01 UTC,4863,,,417,,,,,
2022-11-01 23:57:01 UTC,4864,0,0,,0,0,0,1,417
2022-11-02 00:57:01 UTC,4865,0,0,,0,0,0,1,417
2022-11-02 01:57:01 UTC,4866,0,0,,0,0,0,1,417
2022-11-02 02:57:01 UTC,4867,0,0,,0,0,0,1,417
2022-11-02 03:57:01 UTC,4868,0,0,,3.8,0,0,1,417
2022-11-02 04:57:01 UTC,4869,0,0,,0,0,0,1,417
2022-11-02 05:57:01 UTC,4870,0,0,,0,0,0,1,417
2022-11-02 06:57:01 UTC,4871,4,4,,0,0,0,1,417
2022-11-02 07:57:01 UTC,4872,8,12,,3.9,0,0,1,417
2022-11-02 08:57:01 UTC,4873,7,20,,0,0,0,1,417
2022-11-02 09:57:01 UTC,4874,11,31,,0,0,0,1,417
2022-11-02 10:57:01 UTC,4875,5,36,,0,0,0,1,417
2022-11-02 11:57:01 UTC,4876,10,46,,4,0,0,1,417
2022-11-02 12:57:01 UTC,4877,12,59,,0,0,0,1,417
2022-11-02 13:57:01 UTC,4878,12,71,,0,0,0,1,417
2022-11-02 14:57:01 UTC,4879,14,85,,0,0,0,1,417
2022-11-02 15:57:01 UTC,4880,5,90,,3.9,0,0,1,417
2022-11-02 16:57:01 UTC,4881,4,95,,0,0,0,1,417
2022-11-02 17:57:01 UTC,4882,4,99,,0,0,0,1,417
2022-11-02 18:57:01 UTC,4883,1,100,,0,0,0,1,417
2022-11-02 19:57:01 UTC,4884,1,101,,3.9,0,0,1,417
2022-11-02 20:57:01 UTC,4885,1,102,,0,0,0,1,417
2022-11-02 21:57:01 UTC,4886,0,102,,3.8,0,0,1,417
2022-11-02 22:57:01 UTC,4887,,,102,,,,,
2022-11-02 23:57:01 UTC,4888,0,0,,0,0,0,0,103
2022-11-03 00:57:01 UTC,4889,0,0,,0,0,0,0,103
2022-11-03 01:57:01 UTC,4890,0,0,,0,0,0,0,103
2022-11-03 02:57:01 UTC,4891,0,0,,0,0,0,0,103
2022-11-03 03:57:01 UTC,4892,0,0,,3.9,0,0,0,103
2022-11-03 04:57:01 UTC,4893,0,0,,0,0,0,0,103
2022-11-03 05:57:01 UTC,4894,0,0,,0,0,0,0,103
2022-11-03 06:57:01 UTC,4895,3,3,,0,0,0,0,103
2022-11-03 07:57:01 UTC,4896,20,23,,3.9,0,0,0,103
2022-11-03 08:57:01 UTC,4897,11,34,,0,0,0,0,103
2022-11-03 09:57:01 UTC,4898,14,48,,0,0,0,0,103
2022-11-03 10:57:01 UTC,4899,12,60,,0,0,0,0,103
2022-11-03 11:57:01 UTC,4900,0,60,,3.9,0,0,0,103
2022-11-03 12:57:01 UTC,4901,1,61,,0,0,0,0,103
2022-11-03 13:57:01 UTC,4902,5,66,,0,0,0,0,103
2022-11-03 14:57:01 UTC,4903,2,68,,0,0,0,0,103
2022-11-03 15:57:01 UTC,4904,6,74,,3.9,0,0,0,103
2022-11-03 16:57:01 UTC,4905,8,83,,0,0,0,0,103
2022-11-03 17:57:01 UTC,4906,1,84,,0,0,0,0,103
2022-11-03 18:57:01 UTC,4907,3,87,,0,0,0,0,103
2022-11-03 19:57:01 UTC,4908,1,88,,3.9,0,0,0,103
2022-11-03 20:57:01 UTC,4909,0,88,,0,0,0,0,103
2022-11-03 21:57:01 UTC,4910,1,89,,3.9,0,0,0,103
2022-11-03 22:57:01 UTC,4911,,,89,,,,,
2022-11-03 23:57:01 UTC,4912,0,0,,0,0,0,0,90
2022-11-04 00:57:01 UTC,4913,0,0,,0,0,0,0,90
2022-11-04 01:57:01 UTC,4914,0,0,,0,0,0,0,90
2022-11-04 02:57:01 UTC,4915,0,0,,0,0,0,0,90
2022-11-04 03:57:01 UTC,4916,0,0,,3.9,0,0,0,90
2022-11-04 04:57:01 UTC,4917,0,0,,0,0,0,0,90
2022-11-04 05:57:01 UTC,4918,2,2,,0,0,0,0,90
2022-11-04 06:57:01 UTC,4919,1,3,,0,0,0,0,90
2022-11-04 07:57:01 UTC,4920,2,5,,3.9,0,0,0,90
2022-11-04 08:57:01 UTC,4921,1,6,,0,0,0,1,90
2022-11-04 09:57:01 UTC,4922,10,16,,0,0,0,1,90
2022-11-04 10:57:01 UTC,4923,2,18,,0,0,0,1,90
2022-11-04 11:57:01 UTC,4924,2,20,,3.9,0,0,1,90
2022-11-04 12:57:01 UTC,4925,5,25,,0,0,0,2,90
2022-11-04 13:57:01 UTC,4926,1,26,,0,0,0,2,90
2022-11-04 14:57:01 UTC,4927,10,36,,0,0,0,2,90
2022-11-04 15:57:01 UTC,4928,6,42,,3.9,0,0,2,90
2022-11-04 16:57:01 UTC,4929,1,43,,0,0,0,2,90
2022-11-04 17:57:01 UTC,4930,2,45,,0,0,0,2,90
2022-11-04 18:57:01 UTC,4931,0,45,,0,0,0,2,90
2022-11-04 19:57:01 UTC,4932,0,45,,3.9,0,0,2,90
2022-11-04 20:57:01 UTC,4933,2,47,,0,0,0,2,90
2022-11-04 21:57:01 UTC,4934,0,47,,3.9,0,0,2,90
2022-11-04 22:57:01 UTC,4935,,,47,,,,,
2022-11-04 23:57:01 UTC,4936,0,0,,0,0,0,0,47
2022-11-05 00:57:01 UTC,4937,0,0,,0,0,0,0,47
2022-11-05 01:57:01 UTC,4938,0,0,,0,0,0,0,47
2022-11-05 02:57:01 UTC,4939,0,0,,0,0,0,0,47
2022-11-05 03:57:01 UTC,4940,0,0,,3.9,0,0,0,47
2022-11-05 04:57:01 UTC,4941,0,0,,0,0,0,0,47
2022-11-05 05:57:01 UTC,4942,0,0,,0,0,0,0,47
2022-11-05 06:57:01 UTC,4943,3,3,,0,0,0,0,47
2022-11-05 07:57:01 UTC,4944,14,17,,3.9,0,0,0,47
2022-11-05 08:57:01 UTC,4945,15,34,,0,0,0,0,47
2022-11-05 09:57:01 UTC,4946,18,52,,0,0,0,0,47
2022-11-05 10:57:01 UTC,4947,16,68,,0,0,0,0,47
2022-11-05 11:57:01 UTC,4948,16,84,,4,0,0,0,47
2022-11-05 12:57:01 UTC,4949,13,101,,0,0,0,0,47
2022-11-05 13:57:01 UTC,4950,2,103,,0,0,0,0,47
2022-11-05 14:57:01 UTC,4951,27,130,,0,0,0,0,47
2022-11-05 15:57:01 UTC,4952,17,147,,3.9,0,0,0,47
2022-11-05 16:57:01 UTC,4953,4,151,,0,0,0,0,47
2022-11-05 17:57:01 UTC,4954,0,151,,0,0,0,0,47
2022-11-05 18:57:01 UTC,4955,1,152,,0,0,0,0,47
2022-11-05 19:57:01 UTC,4956,1,153,,3.9,0,0,0,47
2022-11-05 20:57:01 UTC,4957,0,153,,0,0,0,2,47
2022-11-05 21:57:01 UTC,4958,1,154,,3.9,0,0,2,47
2022-11-05 22:57:01 UTC,4959,,,154,,,,,
2022-11-05 23:57:01 UTC,4960,0,0,,0,0,0,0,155
2022-11-06 00:57:01 UTC,4961,0,0,,0,0,0,0,155
2022-11-06 01:57:01 UTC,4962,0,0,,0,0,0,0,155
2022-11-06 02:57:01 UTC,4963,0,0,,0,0,0,0,155
2022-11-06 03:57:01 UTC,4964,0,0,,3.9,0,0,0,155
2022-11-06 04:57:01 UTC,4965,0,0,,0,0,0,0,155
2022-11-06 05:57:01 UTC,4966,1,1,,0,0,0,0,155
2022-11-06 06:57:01 UTC,4967,2,3,,0,0,0,0,155
2022-11-06 07:57:01 UTC,4968,9,12,,4,0,0,0,155
2022-11-06 08:57:01 UTC,4969,26,40,,0,0,0,0,155
2022-11-06 09:57:01 UTC,4970,34,74,,0,0,0,0,155
2022-11-06 10:57:01 UTC,4971,31,105,,0,0,0,0,155
2022-11-06 11:57:01 UTC,4972,42,147,,4,0,0,0,155
2022-11-06 12:57:01 UTC,4973,34,185,,0,0,0,0,155
2022-11-06 13:57:01 UTC,4974,18,203,,0,0,0,0,155
2022-11-06 14:57:01 UTC,4975,15,218,,0,0,0,0,155
2022-11-06 15:57:01 UTC,4976,17,235,,3.9,0,0,0,155
2022-11-06 16:57:01 UTC,4977,10,245,,0,0,0,0,155
2022-11-06 17:57:01 UTC,4978,2,247,,0,0,0,0,155
2022-11-06 18:57:01 UTC,4979,2,249,,0,0,0,0,155
2022-11-06 19:57:01 UTC,4980,2,251,,3.9,0,0,0,155
2022-11-06 20:57:01 UTC,4981,0,251,,0,0,0,1,155
2022-11-06 21:57:01 UTC,4982,0,251,,3.9,0,0,1,155
2022-11-06 22:57:01 UTC,4983,,,251,,,,,
2022-11-06 23:57:01 UTC,4984,0,0,,0,0,0,0,252
2022-11-07 00:57:01 UTC,4985,0,0,,0,0,0,0,252
2022-11-07 01:57:01 UTC,4986,0,0,,0,0,0,0,252
2022-11-07 02:57:01 UTC,4987,0,0,,0,0,0,0,252
2022-11-07 03:57:01 UTC,4988,0,0,,3.9,0,0,0,252
2022-11-07 04:57:01 UTC,4989,1,1,,0,0,0,0,252
2022-11-07 05:57:01 UTC,4990,2,3,,0,0,0,0,252
2022-11-07 06:57:01 UTC,4991,6,9,,0,0,0,0,252
2022-11-07 07:57:01 UTC,4992,12,21,,3.9,0,0,0,252
2022-11-07 08:57:01 UTC,4993,17,42,,0,0,0,0,252
2022-11-07 09:57:01 UTC,4994,22,64,,0,0,0,0,252
2022-11-07 10:57:01 UTC,4995,20,84,,0,0,0,0,252
2022-11-07 11:57:01 UTC,4996,20,104,,4,0,0,0,252
2022-11-07 12:57:01 UTC,4997,12,118,,0,0,0,1,252
2022-11-07 13:57:01 UTC,4998,14,132,,0,0,0,1,252
2022-11-07 14:57:01 UTC,4999,13,145,,0,0,0,1,252
2022-11-07 15:57:01 UTC,5000,6,151,,3.9,0,0,1,252
2022-11-07 16:57:01 UTC,5001,4,155,,0,0,0,4,252
2022-11-07 17:57:01 UTC,5002,2,157,,0,0,0,4,252
2022-11-07 18:57:01 UTC,5003,1,158,,0,0,0,4,252
2022-11-07 19:57:01 UTC,5004,1,159,,3.9,0,0,4,252
2022-11-07 20:57:01 UTC,5005,0,159,,0,0,0,4,252
2022-11-07 21:57:01 UTC,5006,0,159,,3.9,0,0,4,252
2022-11-07 22:57:01 UTC,5007,,,159,,,,,
2022-11-07 23:57:01 UTC,5008,0,0,,0,0,0,0,160
2022-11-08 00:57:01 UTC,5009,0,0,,0,0,0,0,160
2022-11-08 01:57:01 UTC,5010,1,1,,0,0,0,0,160
2022-11-08 02:57:01 UTC,5011,0,1,,0,0,0,0,160
2022-11-08 03:57:01 UTC,5012,1,2,,3.8,0,0,0,160
2022-11-08 04:57:01 UTC,5013,0,2,,0,0,0,0,160
2022-11-08 05:57:01 UTC,5014,1,3,,0,0,0,0,160
2022-11-08 06:57:01 UTC,5015,1,4,,0,0,0,0,160
2022-11-08 07:57:01 UTC,5016,7,11,,3.9,0,0,0,160
2022-11-08 08:57:01 UTC,5017,15,29,,0,0,0,0,160
2022-11-08 09:57:01 UTC,5018,22,51,,0,0,0,0,160
2022-11-08 10:57:01 UTC,5019,28,79,,0,0,0,0,160
2022-11-08 11:57:01 UTC,5020,28,107,,4,0,0,0,160
2022-11-08 12:57:01 UTC,5021,21,128,,0,0,0,1,160
2022-11-08 13:57:01 UTC,5022,8,136,,0,0,0,1,160
2022-11-08 14:57:01 UTC,5023,6,142,,0,0,0,1,160
2022-11-08 15:57:01 UTC,5024,17,159,,3.9,0,0,1,160
2022-11-08 16:57:01 UTC,5025,5,165,,0,0,0,1,160
2022-11-08 17:57:01 UTC,5026,3,168,,0,0,0,1,160
2022-11-08 18:57:01 UTC,5027,4,172,,0,0,0,1,160
2022-11-08 19:57:01 UTC,5028,0,172,,3.9,0,0,1,160
2022-11-08 20:57:01 UTC,5029,0,172,,0,0,0,1,160
2022-11-08 21:57:01 UTC,5030,1,173,,3.9,0,0,1,160
2022-11-08 22:57:01 UTC,5031,,,173,,,,,
2022-11-08 23:57:01 UTC,5032,0,0,,0,0,0,0,173
2022-11-09 00:57:01 UTC,5033,0,0,,0,0,0,0,173
2022-11-09 01:57:01 UTC,5034,0,0,,0,0,0,0,173
2022-11-09 02:57:01 UTC,5035,0,0,,0,0,0,0,173
2022-11-09 03:57:01 UTC,5036,0,0,,3.8,0,0,0,173
2022-11-09 04:57:01 UTC,5037,0,0,,0,0,0,0,173
2022-11-09 05:57:01 UTC,5038,0,0,,0,0,0,0,173
2022-11-09 06:57:01 UTC,5039,1,1,,0,0,0,0,173
2022-11-09 07:57:01 UTC,5040,6,7,,3.9,0,0,0,173
2022-11-09 08:57:01 UTC,5041,6,16,,0,0,0,0,173
2022-11-09 09:57:01 UTC,5042,16,32,,0,0,0,0,173
2022-11-09 10:57:01 UTC,5043,9,41,,0,0,0,0,173
2022-11-09 11:57:01 UTC,5044,5,46,,3.9,0,0,0,173
2022-11-09 12:57:01 UTC,5045,6,52,,0,0,0,0,173
2022-11-09 13:57:01 UTC,5046,3,55,,0,0,0,0,173
2022-11-09 14:57:01 UTC,5047,4,59,,0,0,0,0,173
2022-11-09 15:57:01 UTC,5048,7,66,,3.9,0,0,0,173
2022-11-09 16:57:01 UTC,5049,1,67,,0,0,0,0,173
2022-11-09 17:57:01 UTC,5050,1,68,,0,0,0,0,173
2022-11-09 18:57:01 UTC,5051,1,69,,0,0,0,0,173
2022-11-09 19:57:01 UTC,5052,0,69,,3.9,0,0,0,173
2022-11-09 20:57:01 UTC,5053,0,71,,0,0,1,0,173
2022-11-09 21:57:01 UTC,5054,1,72,,3.9,0,1,0,173
2022-11-09 22:57:01 UTC,5055,,,72,,,,,
2022-11-09 23:57:01 UTC,5056,0,0,,0,0,0,0,73
2022-11-10 00:57:01 UTC,5057,0,0,,0,0,0,0,73
2022-11-10 01:57:01 UTC,5058,0,0,,0,0,0,0,73
2022-11-10 02:57:01 UTC,5059,0,0,,0,0,0,0,73
2022-11-10 03:57:01 UTC,5060,0,0,,3.8,0,0,0,73
2022-11-10 04:57:01 UTC,5061,0,0,,0,0,0,0,73
2022-11-10 05:57:01 UTC,5062,3,3,,0,0,0,0,73
2022-11-10 06:57:01 UTC,5063,4,7,,0,0,0,0,73
2022-11-10 07:57:01 UTC,5064,10,17,,3.9,0,0,0,73
2022-11-10 08:57:01 UTC,5065,14,33,,0,0,0,0,73
2022-11-10 09:57:01 UTC,5066,22,55,,0,0,0,0,73
2022-11-10 10:57:01 UTC,5067,8,63,,0,0,0,0,73
2022-11-10 11:57:01 UTC,5068,7,70,,3.9,0,0,0,73
2022-11-10 12:57:01 UTC,5069,6,76,,0,0,0,0,73
2022-11-10 13:57:01 UTC,5070,8,84,,0,0,0,0,73
2022-11-10 14:57:01 UTC,5071,4,88,,0,0,0,0,73
2022-11-10 15:57:01 UTC,5072,10,98,,3.9,0,0,0,73
2022-11-10 16:57:01 UTC,5073,8,106,,0,0,1,0,73
2022-11-10 17:57:01 UTC,5074,3,109,,0,0,1,0,73
2022-11-10 18:57:01 UTC,5075,0,109,,0,0,1,0,73
2022-11-10 19:57:01 UTC,5076,2,111,,3.9,0,1,0,73
2022-11-10 20:57:01 UTC,5077,0,111,,0,0,1,0,73
2022-11-10 21:57:01 UTC,5078,0,111,,3.9,0,1,0,73
2022-11-10 22:57:01 UTC,5079,,,111,,,,,
2022-11-10 23:57:01 UTC,5080,0,0,,0,0,0,0,112
2022-11-11 00:57:01 UTC,5081,0,0,,0,0,0,0,112
2022-11-11 01:57:01 UTC,5082,0,0,,0,0,0,0,112
2022-11-11 02:57:01 UTC,5083,0,0,,0,0,0,0,112
2022-11-11 03:57:01 UTC,5084,0,0,,3.9,0,0,0,112
2022-11-11 04:57:01 UTC,5085,0,0,,0,0,0,0,112
2022-11-11 05:57:01 UTC,5086,0,0,,0,0,0,0,112
2022-11-11 06:57:01 UTC,5087,2,2,,0,0,0,0,112
2022-11-11 07:57:01 UTC,5088,15,17,,3.9,0,0,0,112
2022-11-11 08:57:01 UTC,5089,23,42,,0,0,0,0,112
2022-11-11 09:57:01 UTC,5090,30,72,,0,0,0,0,112
2022-11-11 10:57:01 UTC,5091,26,98,,0,0,0,0,112
2022-11-11 11:57:01 UTC,5092,17,115,,4,0,0,0,112
2022-11-11 12:57:01 UTC,5093,15,130,,0,0,0,1,112
2022-11-11 13:57:01 UTC,5094,4,134,,0,0,0,1,112
2022-11-11 14:57:01 UTC,5095,8,142,,0,0,0,1,112
2022-11-11 15:57:01 UTC,5096,10,152,,3.9,0,0,1,112
2022-11-11 16:57:01 UTC,5097,5,157,,0,0,0,1,112
2022-11-11 17:57:01 UTC,5098,1,158,,0,0,0,1,112
2022-11-11 18:57:01 UTC,5099,1,159,,0,0,0,1,112
2022-11-11 19:57:01 UTC,5100,0,159,,3.9,0,0,1,112
2022-11-11 20:57:01 UTC,5101,0,159,,0,0,0,2,112
2022-11-11 21:57:01 UTC,5102,0,159,,3.9,0,0,2,112
2022-11-11 22:57:01 UTC,5103,,,159,,,,,
