created_at,entry_id,field1,field2,field3,field4,field5,field6,field7,field8
2022-02-11 23:57:01 UTC,9389,0,0,,0,0,0,0,1222
2022-02-12 00:57:01 UTC,9390,0,0,,0,0,0,0,1222
2022-02-12 01:57:01 UTC,9391,1,1,,0,0,0,0,1222
2022-02-12 02:57:01 UTC,9392,0,1,,0,0,0,0,1222
2022-02-12 03:57:01 UTC,9393,0,1,,3.9,0,0,0,1222
2022-02-12 04:57:01 UTC,9394,0,1,,0,0,0,0,1222
2022-02-12 05:57:01 UTC,9395,6,7,,0,0,0,0,1222
2022-02-12 06:57:01 UTC,9396,8,15,,0,0,0,0,1222
2022-02-12 07:57:01 UTC,9397,53,68,,4,0,0,0,1222
2022-02-12 08:57:01 UTC,9398,128,196,,0,0,0,0,1222
2022-02-12 09:57:01 UTC,9399,256,452,,0,0,0,0,1222
2022-02-12 10:57:01 UTC,9400,289,741,,0,0,0,0,1222
2022-02-12 11:57:01 UTC,9401,312,1053,,4,0,0,0,1222
2022-02-12 12:57:01 UTC,9402,273,1326,,0,0,0,0,1222
2022-02-12 13:57:01 UTC,9403,219,1545,,0,0,0,0,1222
2022-02-12 14:57:01 UTC,9404,201,1746,,0,0,0,0,1222
2022-02-12 15:57:01 UTC,9405,136,1882,,0,0,0,0,1222
2022-02-12 16:57:01 UTC,9406,74,1956,,0,0,0,0,1222
2022-02-12 17:57:01 UTC,9407,22,1978,,0,0,0,0,1222
2022-02-12 18:57:01 UTC,9408,0,1978,,0,0,0,0,1222
2022-02-12 19:57:01 UTC,9409,0,1978,,3.9,0,0,0,1222
2022-02-12 20:57:01 UTC,9410,0,1978,,0,0,0,0,1222
2022-02-12 21:57:01 UTC,9411,0,1978,,3.9,0,0,0,1222
2022-02-12 22:57:01 UTC,9412,,,1978,,,,,
2022-02-12 23:57:01 UTC,9413,0,0,,0,0,0,0,1979
2022-02-13 00:57:01 UTC,9414,1,1,,0,0,0,0,1979
2022-02-13 01:57:01 UTC,9415,0,1,,0,0,0,0,1979
2022-02-13 02:57:01 UTC,9416,0,1,,0,0,0,0,1979
2022-02-13 03:57:01 UTC,9417,0,1,,3.9,0,0,0,1979
2022-02-13 04:57:01 UTC,9418,0,1,,0,0,0,0,1979
2022-02-13 05:57:01 UTC,9419,6,7,,0,0,0,0,1979
2022-02-13 06:57:01 UTC,9420,18,25,,0,0,0,0,1979
2022-02-13 07:57:01 UTC,9421,60,85,,3.9,0,0,0,1979
2022-02-13 08:57:01 UTC,9422,195,284,,0,0,0,0,1979
2022-02-13 09:57:01 UTC,9423,310,594,,0,0,0,0,1979
2022-02-13 10:57:01 UTC,9424,392,986,,0,0,0,0,1979
2022-02-13 11:57:01 UTC,9425,317,1303,,4,0,0,0,1979
2022-02-13 12:57:01 UTC,9426,223,1528,,0,0,0,0,1979
2022-02-13 13:57:01 UTC,9427,135,1663,,0,0,0,0,1979
2022-02-13 14:57:01 UTC,9428,112,1775,,0,0,0,0,1979
2022-02-13 15:57:01 UTC,9429,95,1870,,0,0,0,0,1979
2022-02-13 16:57:01 UTC,9430,47,1917,,0,0,0,0,1979
2022-02-13 17:57:01 UTC,9431,14,1931,,0,0,0,0,1979
2022-02-13 18:57:01 UTC,9432,6,1937,,0,0,0,0,1979
2022-02-13 19:57:01 UTC,9433,4,1941,,3.9,0,0,0,1979
2022-02-13 20:57:01 UTC,9434,2,1943,,0,0,0,0,1979
2022-02-13 21:57:01 UTC,9435,3,1946,,3.9,0,0,0,1979
2022-02-13 22:57:01 UTC,9436,,,1946,,,,,
2022-02-13 23:57:01 UTC,9437,0,0,,0,0,0,0,1947
2022-02-14 00:57:01 UTC,9438,0,0,,0,0,0,0,1947
2022-02-14 01:57:01 UTC,9439,1,1,,0,0,0,0,1947
2022-02-14 02:57:01 UTC,9440,0,1,,0,0,0,0,1947
2022-02-14 03:57:01 UTC,9441,0,1,,3.9,0,0,0,1947
2022-02-14 04:57:01 UTC,9442,0,1,,0,0,0,0,1947
2022-02-14 05:57:01 UTC,9443,7,8,,0,0,0,0,1947
2022-02-14 06:57:01 UTC,9444,12,20,,0,0,0,0,1947
2022-02-14 07:57:01 UTC,9445,25,45,,4,0,0,0,1947
2022-02-14 08:57:01 UTC,9446,31,77,,0,0,0,0,1947
2022-02-14 09:57:01 UTC,9447,55,132,,0,0,0,0,1947
2022-02-14 10:57:01 UTC,9448,39,171,,0,0,0,0,1947
2022-02-14 11:57:01 UTC,9449,19,190,,4,0,0,0,1947
2022-02-14 12:57:01 UTC,9450,26,216,,0,0,0,0,1947
2022-02-14 13:57:01 UTC,9451,22,238,,0,0,0,0,1947
2022-02-14 14:57:01 UTC,9452,17,255,,0,0,0,0,1947
2022-02-14 15:57:01 UTC,9453,38,293,,3.9,0,0,0,1947
2022-02-14 16:57:01 UTC,9454,25,318,,0,0,1,0,1947
2022-02-14 17:57:01 UTC,9455,22,340,,0,0,1,0,1947
2022-02-14 18:57:01 UTC,9456,4,344,,0,0,1,0,1947
2022-02-14 19:57:01 UTC,9457,0,344,,3.9,0,1,0,1947
2022-02-14 20:57:01 UTC,9458,1,345,,0,0,1,0,1947
2022-02-14 21:57:01 UTC,9459,0,345,,3.9,0,1,0,1947
2022-02-14 22:57:01 UTC,9460,,,345,,,,,
2022-02-14 23:57:01 UTC,9461,0,0,,0,0,0,0,345
2022-02-15 00:57:01 UTC,9462,0,0,,0,0,0,0,345
2022-02-15 01:57:01 UTC,9463,0,0,,0,0,0,0,345
2022-02-15 02:57:01 UTC,9464,0,0,,0,0,0,0,345
2022-02-15 03:57:01 UTC,9465,0,0,,3.9,0,0,0,345
2022-02-15 04:57:01 UTC,9466,0,0,,0,0,0,0,345
2022-02-15 05:57:01 UTC,9467,3,3,,0,0,0,0,345
2022-02-15 06:57:01 UTC,9468,1,4,,0,0,0,0,345
2022-02-15 07:57:01 UTC,9469,16,20,,3.9,0,0,0,345
2022-02-15 08:57:01 UTC,9470,21,42,,0,0,0,0,345
2022-02-15 09:57:01 UTC,9471,20,62,,0,0,0,0,345
2022-02-15 10:57:01 UTC,9472,33,95,,0,0,0,0,345
2022-02-15 11:57:01 UTC,9473,24,119,,4,0,0,0,345
2022-02-15 12:57:01 UTC,9474,31,150,,0,0,0,0,345
2022-02-15 13:57:01 UTC,9475,16,166,,0,0,0,0,345
2022-02-15 14:57:01 UTC,9476,11,177,,0,0,0,0,345
2022-02-15 15:57:01 UTC,9477,20,197,,3.9,0,0,0,345
2022-02-15 16:57:01 UTC,9478,38,235,,0,0,0,0,345
2022-02-15 17:57:01 UTC,9479,30,265,,0,0,0,0,345
2022-02-15 18:57:01 UTC,9480,21,286,,0,0,0,0,345
2022-02-15 19:57:01 UTC,9481,0,286,,3.9,0,0,0,345
2022-02-15 20:57:01 UTC,9482,0,286,,0,0,0,0,345
2022-02-15 21:57:01 UTC,9483,0,286,,3.9,0,0,0,345
2022-02-15 22:57:01 UTC,9484,,,286,,,,,
2022-02-15 23:57:01 UTC,9485,0,0,,0,0,0,0,286
2022-02-16 00:57:01 UTC,9486,1,1,,0,0,0,0,286
2022-02-16 01:57:01 UTC,9487,0,1,,0,0,0,0,286
2022-02-16 02:57:01 UTC,9488,0,1,,0,0,0,0,286
2022-02-16 03:57:01 UTC,9489,0,1,,3.9,0,0,0,286
2022-02-16 04:57:01 UTC,9490,4,5,,0,0,0,0,286
2022-02-16 05:57:01 UTC,9491,6,11,,0,0,0,0,286
2022-02-16 06:57:01 UTC,9492,16,27,,0,0,0,0,286
2022-02-16 07:57:01 UTC,9493,39,66,,4,0,0,0,286
2022-02-16 08:57:01 UTC,9494,54,122,,0,0,0,0,286
2022-02-16 09:57:01 UTC,9495,81,203,,0,0,0,0,286
2022-02-16 10:57:01 UTC,9496,94,297,,0,0,0,0,286
2022-02-16 11:57:01 UTC,9497,112,409,,4,0,0,0,286
2022-02-16 12:57:01 UTC,9498,129,540,,0,0,0,0,286
2022-02-16 13:57:01 UTC,9499,87,627,,0,0,0,0,286
2022-02-16 14:57:01 UTC,9500,100,727,,0,0,0,0,286
2022-02-16 15:57:01 UTC,9501,80,807,,0,0,0,0,286
2022-02-16 16:57:01 UTC,9502,61,868,,0,0,0,0,286
2022-02-16 17:57:01 UTC,9503,32,900,,0,0,0,0,286
2022-02-16 18:57:01 UTC,9504,11,911,,0,0,0,0,286
2022-02-16 19:57:01 UTC,9505,2,913,,3.9,0,0,0,286
2022-02-16 20:57:01 UTC,9506,1,915,,0,0,0,0,286
2022-02-16 21:57:01 UTC,9507,0,915,,3.9,0,0,0,286
2022-02-16 22:57:01 UTC,9508,,,915,,,,,
2022-02-16 23:57:01 UTC,9509,2,2,,0,0,0,0,915
2022-02-17 00:57:01 UTC,9510,0,2,,0,0,0,0,915
2022-02-17 01:57:01 UTC,9511,0,2,,0,0,0,0,915
2022-02-17 02:57:01 UTC,9512,0,2,,0,0,0,0,915
2022-02-17 03:57:01 UTC,9513,0,2,,3.9,0,0,0,915
2022-02-17 04:57:01 UTC,9514,1,3,,0,0,0,0,915
2022-02-17 05:57:01 UTC,9515,8,11,,0,0,0,0,915
2022-02-17 06:57:01 UTC,9516,19,30,,0,0,0,0,915
2022-02-17 07:57:01 UTC,9517,27,57,,4,0,0,0,915
2022-02-17 08:57:01 UTC,9518,66,128,,0,0,0,0,915
2022-02-17 09:57:01 UTC,9519,90,218,,0,0,0,0,915
2022-02-17 10:57:01 UTC,9520,107,325,,0,0,0,0,915
2022-02-17 11:57:01 UTC,9521,129,454,,4,0,0,0,915
2022-02-17 12:57:01 UTC,9522,138,593,,0,0,0,0,915
2022-02-17 13:57:01 UTC,9523,111,704,,0,0,0,0,915
2022-02-17 14:57:01 UTC,9524,85,789,,0,0,0,0,915
2022-02-17 15:57:01 UTC,9525,72,861,,0,0,0,0,915
2022-02-17 16:57:01 UTC,9526,39,900,,0,0,0,0,915
2022-02-17 17:57:01 UTC,9527,27,927,,0,0,0,0,915
2022-02-17 18:57:01 UTC,9528,15,942,,0,0,0,0,915
2022-02-17 19:57:01 UTC,9529,2,944,,3.9,0,0,0,915
2022-02-17 20:57:01 UTC,9530,0,944,,0,0,0,0,915
2022-02-17 21:57:01 UTC,9531,0,944,,3.9,0,0,0,915
2022-02-17 22:57:01 UTC,9532,,,944,,,,,
2022-02-17 23:57:01 UTC,9533,0,0,,0,0,0,0,944
2022-02-18 00:57:01 UTC,9534,0,0,,0,0,0,0,944
2022-02-18 01:57:01 UTC,9535,0,0,,0,0,0,0,944
2022-02-18 02:57:01 UTC,9536,0,0,,0,0,0,0,944
2022-02-18 03:57:01 UTC,9537,0,0,,3.9,0,0,0,944
2022-02-18 04:57:01 UTC,9538,0,0,,0,0,0,0,944
2022-02-18 05:57:01 UTC,9539,9,9,,0,0,0,0,944
2022-02-18 06:57:01 UTC,9540,23,32,,0,0,0,0,944
2022-02-18 07:57:01 UTC,9541,17,49,,4,0,0,0,944
2022-02-18 08:57:01 UTC,9542,34,83,,0,0,0,0,944
2022-02-18 09:57:01 UTC,9543,58,141,,0,0,0,0,944
2022-02-18 10:57:01 UTC,9544,76,217,,0,0,0,0,944
2022-02-18 11:57:01 UTC,9545,52,269,,3.9,0,0,0,944
2022-02-18 12:57:01 UTC,9546,68,338,,0,0,0,0,944
2022-02-18 13:57:01 UTC,9547,48,386,,0,0,0,0,944
2022-02-18 14:57:01 UTC,9548,40,426,,0,0,0,0,944
2022-02-18 15:57:01 UTC,9549,41,467,,0,0,0,0,944
2022-02-18 16:57:01 UTC,9550,61,528,,0,0,0,0,944
2022-02-18 17:57:01 UTC,9551,44,572,,0,0,0,0,944
2022-02-18 18:57:01 UTC,9552,17,589,,0,0,0,0,944
2022-02-18 19:57:01 UTC,9553,1,590,,3.9,0,0,0,944
2022-02-18 20:57:01 UTC,9554,0,590,,0,0,0,0,944
2022-02-18 21:57:01 UTC,9555,0,590,,3.9,0,0,0,944
2022-02-18 22:57:01 UTC,9556,,,590,,,,,
2022-02-18 23:57:01 UTC,9557,0,0,,0,0,0,0,591
2022-02-19 00:57:01 UTC,9558,0,0,,0,0,0,0,591
2022-02-19 01:57:01 UTC,9559,0,0,,0,0,0,0,591
2022-02-19 02:57:01 UTC,9560,0,0,,0,0,0,0,591
2022-02-19 03:57:01 UTC,9561,0,0,,3.9,0,0,0,591
2022-02-19 04:57:01 UTC,9562,0,0,,0,0,0,0,591
2022-02-19 05:57:01 UTC,9563,5,5,,0,0,0,0,591
2022-02-19 06:57:01 UTC,9564,5,10,,0,0,0,0,591
2022-02-19 07:57:01 UTC,9565,57,67,,4,0,0,0,591
2022-02-19 08:57:01 UTC,9566,146,221,,0,0,0,0,591
2022-02-19 09:57:01 UTC,9567,237,458,,0,0,0,0,591
2022-02-19 10:57:01 UTC,9568,254,712,,0,0,0,0,591
2022-02-19 11:57:01 UTC,9569,260,972,,0,0,0,0,591
2022-02-19 12:57:01 UTC,9570,136,1108,,0,0,0,0,591
2022-02-19 13:57:01 UTC,9571,79,1187,,0,0,0,0,591
2022-02-19 14:57:01 UTC,9572,99,1286,,0,0,0,0,591
2022-02-19 15:57:01 UTC,9573,76,1362,,3.9,0,0,0,591
2022-02-19 16:57:01 UTC,9574,61,1423,,0,0,0,0,591
2022-02-19 17:57:01 UTC,9575,12,1435,,0,0,0,0,591
2022-02-19 18:57:01 UTC,9576,4,1439,,0,0,0,0,591
2022-02-19 19:57:01 UTC,9577,4,1443,,3.9,0,0,0,591
2022-02-19 20:57:01 UTC,9578,0,1443,,0,0,0,0,591
2022-02-19 21:57:01 UTC,9579,0,1443,,3.9,0,0,0,591
2022-02-19 22:57:01 UTC,9580,,,1443,,,,,
