created_at,entry_id,field1,field2,field3,field4,field5,field6,field7,field8
2022-10-01 00:57:01 UTC,4098,0,0,,0,0,0,0,102
2022-10-01 01:57:01 UTC,4099,1,1,,0,0,0,0,102
2022-10-01 02:57:01 UTC,4100,0,1,,3.9,0,0,0,102
2022-10-01 03:57:01 UTC,4101,0,1,,0,0,0,0,102
2022-10-01 04:57:01 UTC,4102,0,1,,0,0,0,0,102
2022-10-01 05:57:01 UTC,4103,0,1,,0,0,0,0,102
2022-10-01 06:57:01 UTC,4104,1,2,,3.9,0,0,0,102
2022-10-01 07:57:01 UTC,4105,13,15,,0,0,0,1,102
2022-10-01 08:57:01 UTC,4106,36,51,,0,0,0,1,102
2022-10-01 09:57:01 UTC,4107,37,88,,0,0,0,1,102
2022-10-01 10:57:01 UTC,4108,38,126,,4,0,0,1,102
2022-10-01 11:57:01 UTC,4109,23,152,,0,0,0,1,102
2022-10-01 12:57:01 UTC,4110,8,160,,0,0,0,1,102
2022-10-01 13:57:01 UTC,4111,25,185,,0,0,0,1,102
2022-10-01 14:57:01 UTC,4112,22,207,,4,0,0,1,102
2022-10-01 15:57:01 UTC,4113,22,230,,0,0,0,1,102
2022-10-01 16:57:01 UTC,4114,9,239,,0,0,0,1,102
2022-10-01 17:57:01 UTC,4115,3,242,,0,0,0,1,102
2022-10-01 18:57:01 UTC,4116,4,246,,3.9,0,0,1,102
2022-10-01 19:57:01 UTC,4117,0,246,,0,0,0,1,102
2022-10-01 20:57:01 UTC,4118,0,246,,3.8,0,0,1,102
2022-10-01 21:57:01 UTC,4119,,,246,,,,,
2022-10-01 22:57:01 UTC,4120,0,0,,0,0,0,0,248
2022-10-01 23:57:01 UTC,4121,0,0,,0,0,0,0,248
2022-10-02 00:57:01 UTC,4122,0,0,,0,0,0,0,248
2022-10-02 01:57:01 UTC,4123,0,0,,0,0,0,0,248
2022-10-02 02:57:01 UTC,4124,0,0,,3.9,0,0,0,248
2022-10-02 03:57:01 UTC,4125,0,0,,0,0,0,1,248
2022-10-02 04:57:01 UTC,4126,0,0,,0,0,0,1,248
2022-10-02 05:57:01 UTC,4127,4,4,,0,0,0,1,248
2022-10-02 06:57:01 UTC,4128,28,32,,3.9,0,0,1,248
2022-10-02 07:57:01 UTC,4129,36,73,,0,0,0,1,248
2022-10-02 08:57:01 UTC,4130,74,147,,0,0,0,1,248
2022-10-02 09:57:01 UTC,4131,92,239,,0,0,0,1,248
2022-10-02 10:57:01 UTC,4132,58,297,,4,0,0,1,248
2022-10-02 11:57:01 UTC,4133,43,341,,0,0,0,1,248
2022-10-02 12:57:01 UTC,4134,27,368,,0,0,0,1,248
2022-10-02 13:57:01 UTC,4135,41,409,,0,0,0,1,248
2022-10-02 14:57:01 UTC,4136,48,457,,3.9,0,0,1,248
2022-10-02 15:57:01 UTC,4137,41,498,,0,0,0,1,248
2022-10-02 16:57:01 UTC,4138,20,518,,0,0,0,1,248
2022-10-02 17:57:01 UTC,4139,4,522,,0,0,0,1,248
2022-10-02 18:57:01 UTC,4140,1,523,,3.9,0,0,1,248
2022-10-02 19:57:01 UTC,4141,1,524,,0,0,0,1,248
2022-10-02 20:57:01 UTC,4142,0,524,,3.9,0,0,1,248
2022-10-02 21:57:01 UTC,4143,,,524,,,,,
2022-10-02 22:57:01 UTC,4144,0,0,,0,0,0,0,524
2022-10-02 23:57:01 UTC,4145,0,0,,0,0,0,0,524
2022-10-03 00:57:01 UTC,4146,0,0,,0,0,0,0,524
2022-10-03 01:57:01 UTC,4147,0,0,,0,0,0,0,524
2022-10-03 02:57:01 UTC,4148,0,0,,3.9,0,0,0,524
2022-10-03 03:57:01 UTC,4149,0,0,,0,0,0,1,524
2022-10-03 04:57:01 UTC,4150,0,0,,0,0,0,1,524
2022-10-03 05:57:01 UTC,4151,4,4,,0,0,0,1,524
2022-10-03 06:57:01 UTC,4152,4,8,,4,0,0,1,524
2022-10-03 07:57:01 UTC,4153,21,33,,0,0,0,3,524
2022-10-03 08:57:01 UTC,4154,39,72,,0,0,0,3,524
2022-10-03 09:57:01 UTC,4155,19,91,,0,0,0,3,524
2022-10-03 10:57:01 UTC,4156,23,114,,4,0,0,3,524
2022-10-03 11:57:01 UTC,4157,11,125,,0,0,0,3,524
2022-10-03 12:57:01 UTC,4158,11,136,,0,0,0,3,524
2022-10-03 13:57:01 UTC,4159,13,149,,0,0,0,3,524
2022-10-03 14:57:01 UTC,4160,13,162,,3.9,0,0,3,524
2022-10-03 15:57:01 UTC,4161,11,173,,0,0,0,3,524
2022-10-03 16:57:01 UTC,4162,11,184,,0,0,0,3,524
2022-10-03 17:57:01 UTC,4163,2,186,,0,0,0,3,524
2022-10-03 18:57:01 UTC,4164,0,186,,3.9,0,0,3,524
2022-10-03 19:57:01 UTC,4165,0,186,,0,0,0,3,524
2022-10-03 20:57:01 UTC,4166,1,187,,3.9,0,0,3,524
2022-10-03 21:57:01 UTC,4167,,,187,,,,,
2022-10-03 22:57:01 UTC,4168,0,0,,0,0,0,0,187
2022-10-03 23:57:01 UTC,4169,0,0,,0,0,0,0,187
2022-10-04 00:57:01 UTC,4170,0,0,,0,0,0,0,187
2022-10-04 01:57:01 UTC,4171,0,0,,0,0,0,0,187
2022-10-04 02:57:01 UTC,4172,0,0,,3.9,0,0,0,187
2022-10-04 03:57:01 UTC,4173,0,0,,0,0,0,0,187
2022-10-04 04:57:01 UTC,4174,1,1,,0,0,0,0,187
2022-10-04 05:57:01 UTC,4175,8,9,,0,0,0,0,187
2022-10-04 06:57:01 UTC,4176,6,15,,4,0,0,0,187
2022-10-04 07:57:01 UTC,4177,34,54,,0,0,0,0,187
2022-10-04 08:57:01 UTC,4178,37,91,,0,0,0,0,187
2022-10-04 09:57:01 UTC,4179,20,111,,0,0,0,0,187
2022-10-04 10:57:01 UTC,4180,10,121,,4,0,0,0,187
2022-10-04 11:57:01 UTC,4181,10,132,,0,0,0,0,187
2022-10-04 12:57:01 UTC,4182,10,142,,0,0,0,0,187
2022-10-04 13:57:01 UTC,4183,18,160,,0,0,0,0,187
2022-10-04 14:57:01 UTC,4184,21,181,,3.9,0,0,0,187
2022-10-04 15:57:01 UTC,4185,14,197,,0,0,0,0,187
2022-10-04 16:57:01 UTC,4186,16,213,,0,0,0,0,187
2022-10-04 17:57:01 UTC,4187,8,221,,0,0,0,0,187
2022-10-04 18:57:01 UTC,4188,2,223,,3.9,0,0,0,187
2022-10-04 19:57:01 UTC,4189,1,224,,0,0,0,0,187
2022-10-04 20:57:01 UTC,4190,0,224,,3.9,0,0,0,187
2022-10-04 21:57:01 UTC,4191,,,224,,,,,
2022-10-04 22:57:01 UTC,4192,0,0,,0,0,0,0,224
2022-10-04 23:57:01 UTC,4193,0,0,,0,0,0,0,224
2022-10-05 00:57:01 UTC,4194,0,0,,0,0,0,0,224
2022-10-05 01:57:01 UTC,4195,0,0,,0,0,0,0,224
2022-10-05 02:57:01 UTC,4196,0,0,,3.9,0,0,0,224
2022-10-05 03:57:01 UTC,4197,0,0,,0,0,0,0,224
2022-10-05 04:57:01 UTC,4198,1,1,,0,0,0,0,224
2022-10-05 05:57:01 UTC,4199,7,8,,0,0,0,0,224
2022-10-05 06:57:01 UTC,4200,19,27,,4,0,0,0,224
2022-10-05 07:57:01 UTC,4201,30,58,,0,0,0,1,224
2022-10-05 08:57:01 UTC,4202,28,86,,0,0,0,1,224
2022-10-05 09:57:01 UTC,4203,27,113,,0,0,0,1,224
2022-10-05 10:57:01 UTC,4204,14,127,,4,0,0,1,224
2022-10-05 11:57:01 UTC,4205,12,139,,0,0,0,1,224
2022-10-05 12:57:01 UTC,4206,5,144,,0,0,0,1,224
2022-10-05 13:57:01 UTC,4207,22,166,,0,0,0,1,224
2022-10-05 14:57:01 UTC,4208,23,189,,3.9,0,0,1,224
2022-10-05 15:57:01 UTC,4209,25,214,,0,0,0,1,224
2022-10-05 16:57:01 UTC,4210,15,229,,0,0,0,1,224
2022-10-05 17:57:01 UTC,4211,7,236,,0,0,0,1,224
2022-10-05 18:57:01 UTC,4212,0,236,,3.9,0,0,1,224
2022-10-05 19:57:01 UTC,4213,0,236,,0,0,0,1,224
2022-10-05 20:57:01 UTC,4214,0,236,,3.9,0,0,1,224
2022-10-05 21:57:01 UTC,4215,,,236,,,,,
2022-10-05 22:57:01 UTC,4216,0,0,,0,0,0,0,237
2022-10-05 23:57:01 UTC,4217,0,0,,0,0,0,0,237
2022-10-06 00:57:01 UTC,4218,0,0,,0,0,0,0,237
2022-10-06 01:57:01 UTC,4219,1,1,,0,0,0,0,237
2022-10-06 02:57:01 UTC,4220,0,1,,3.9,0,0,0,237
2022-10-06 03:57:01 UTC,4221,0,1,,0,0,0,0,237
2022-10-06 04:57:01 UTC,4222,0,1,,0,0,0,0,237
2022-10-06 05:57:01 UTC,4223,4,5,,0,0,0,0,237
2022-10-06 06:57:01 UTC,4224,6,11,,3.9,0,0,0,237
2022-10-06 07:57:01 UTC,4225,10,21,,0,0,0,0,237
2022-10-06 08:57:01 UTC,4226,34,55,,0,0,0,0,237
2022-10-06 09:57:01 UTC,4227,19,74,,0,0,0,0,237
2022-10-06 10:57:01 UTC,4228,15,89,,4,0,0,0,237
2022-10-06 11:57:01 UTC,4229,17,108,,0,0,0,0,237
2022-10-06 12:57:01 UTC,4230,15,123,,0,0,0,0,237
2022-10-06 13:57:01 UTC,4231,16,139,,0,0,0,0,237
2022-10-06 14:57:01 UTC,4232,10,149,,3.9,0,0,0,237
2022-10-06 15:57:01 UTC,4233,8,157,,0,0,0,0,237
2022-10-06 16:57:01 UTC,4234,2,159,,0,0,0,0,237
2022-10-06 17:57:01 UTC,4235,1,160,,0,0,0,0,237
2022-10-06 18:57:01 UTC,4236,0,160,,3.9,0,0,0,237
2022-10-06 19:57:01 UTC,4237,2,162,,0,0,0,0,237
2022-10-06 20:57:01 UTC,4238,0,162,,3.9,0,0,0,237
2022-10-06 21:57:01 UTC,4239,,,162,,,,,
2022-10-06 22:57:01 UTC,4240,0,0,,0,0,0,0,163
2022-10-06 23:57:01 UTC,4241,0,0,,0,0,0,0,163
2022-10-07 00:57:01 UTC,4242,0,0,,0,0,0,0,163
2022-10-07 01:57:01 UTC,4243,0,0,,0,0,0,0,163
2022-10-07 02:57:01 UTC,4244,0,0,,3.9,0,0,0,163
2022-10-07 03:57:01 UTC,4245,0,0,,0,0,0,0,163
2022-10-07 04:57:01 UTC,4246,0,0,,0,0,0,0,163
2022-10-07 05:57:01 UTC,4247,3,3,,0,0,0,0,163
2022-10-07 06:57:01 UTC,4248,6,9,,4,0,0,0,163
2022-10-07 07:57:01 UTC,4249,10,19,,0,0,0,0,163
2022-10-07 08:57:01 UTC,4250,10,29,,0,0,0,0,163
2022-10-07 09:57:01 UTC,4251,18,47,,0,0,0,0,163
2022-10-07 10:57:01 UTC,4252,13,60,,4,0,0,0,163
2022-10-07 11:57:01 UTC,4253,15,76,,0,0,1,0,163
2022-10-07 12:57:01 UTC,4254,9,85,,0,0,1,0,163
2022-10-07 13:57:01 UTC,4255,8,93,,0,0,1,0,163
2022-10-07 14:57:01 UTC,4256,7,100,,3.9,0,1,0,163
2022-10-07 15:57:01 UTC,4257,14,114,,0,0,1,0,163
2022-10-07 16:57:01 UTC,4258,5,119,,0,0,1,0,163
2022-10-07 17:57:01 UTC,4259,2,121,,0,0,1,0,163
2022-10-07 18:57:01 UTC,4260,0,121,,3.9,0,1,0,163
2022-10-07 19:57:01 UTC,4261,0,121,,0,0,1,0,163
2022-10-07 20:57:01 UTC,4262,0,121,,3.9,0,1,0,163
2022-10-07 21:57:01 UTC,4263,,,121,,,,,
2022-10-07 22:57:01 UTC,4264,2,2,,0,0,0,0,122
2022-10-07 23:57:01 UTC,4265,0,2,,0,0,0,0,122
2022-10-08 00:57:01 UTC,4266,0,2,,0,0,0,0,122
2022-10-08 01:57:01 UTC,4267,0,2,,0,0,0,0,122
2022-10-08 02:57:01 UTC,4268,0,2,,3.9,0,0,0,122
2022-10-08 03:57:01 UTC,4269,0,2,,0,0,0,0,122
2022-10-08 04:57:01 UTC,4270,0,2,,0,0,0,0,122
2022-10-08 05:57:01 UTC,4271,4,6,,0,0,0,0,122
2022-10-08 06:57:01 UTC,4272,8,14,,4,0,0,0,122
2022-10-08 07:57:01 UTC,4273,24,39,,0,0,0,0,122
2022-10-08 08:57:01 UTC,4274,29,68,,0,0,0,0,122
2022-10-08 09:57:01 UTC,4275,26,94,,0,0,0,0,122
2022-10-08 10:57:01 UTC,4276,42,136,,4,0,0,0,122
2022-10-08 11:57:01 UTC,4277,26,162,,0,0,0,0,122
2022-10-08 12:57:01 UTC,4278,21,183,,0,0,0,0,122
2022-10-08 13:57:01 UTC,4279,23,206,,0,0,0,0,122
2022-10-08 14:57:01 UTC,4280,33,239,,3.9,0,0,0,122
2022-10-08 15:57:01 UTC,4281,21,261,,0,0,0,0,122
2022-10-08 16:57:01 UTC,4282,14,275,,0,0,0,0,122
2022-10-08 17:57:01 UTC,4283,1,276,,0,0,0,0,122
2022-10-08 18:57:01 UTC,4284,1,277,,3.9,0,0,0,122
2022-10-08 19:57:01 UTC,4285,0,277,,0,0,0,0,122
2022-10-08 20:57:01 UTC,4286,0,277,,3.9,0,0,0,122
2022-10-08 21:57:01 UTC,4287,,,277,,,,,
2022-10-08 22:57:01 UTC,4288,1,1,,0,0,0,0,277
2022-10-08 23:57:01 UTC,4289,2,3,,0,0,0,0,277
2022-10-09 00:57:01 UTC,4290,0,3,,0,0,0,0,277
2022-10-09 01:57:01 UTC,4291,0,3,,0,0,0,0,277
2022-10-09 02:57:01 UTC,4292,0,3,,3.9,0,0,0,277
2022-10-09 03:57:01 UTC,4293,1,4,,0,0,0,0,277
2022-10-09 04:57:01 UTC,4294,2,6,,0,0,0,0,277
2022-10-09 05:57:01 UTC,4295,0,6,,0,0,0,0,277
2022-10-09 06:57:01 UTC,4296,10,16,,3.9,0,0,0,277
2022-10-09 07:57:01 UTC,4297,21,38,,0,0,0,0,277
2022-10-09 08:57:01 UTC,4298,25,63,,0,0,0,0,277
2022-10-09 09:57:01 UTC,4299,39,102,,0,0,0,0,277
2022-10-09 10:57:01 UTC,4300,49,151,,4,0,0,0,277
2022-10-09 11:57:01 UTC,4301,30,182,,0,0,0,0,277
2022-10-09 12:57:01 UTC,4302,17,199,,0,0,0,0,277
2022-10-09 13:57:01 UTC,4303,31,230,,0,0,0,0,277
2022-10-09 14:57:01 UTC,4304,34,264,,3.9,0,0,0,277
2022-10-09 15:57:01 UTC,4305,16,281,,0,0,0,0,277
2022-10-09 16:57:01 UTC,4306,14,295,,0,0,0,0,277
2022-10-09 17:57:01 UTC,4307,2,297,,0,0,0,0,277
2022-10-09 18:57:01 UTC,4308,0,297,,3.9,0,0,0,277
2022-10-09 19:57:01 UTC,4309,0,297,,0,0,0,0,277
2022-10-09 20:57:01 UTC,4310,0,297,,3.9,0,0,0,277
2022-10-09 21:57:01 UTC,4311,,,297,,,,,
2022-10-09 22:57:01 UTC,4312,1,1,,0,0,0,0,298
2022-10-09 23:57:01 UTC,4313,0,1,,0,0,0,0,298
2022-10-10 00:57:01 UTC,4314,0,1,,0,0,0,0,298
2022-10-10 01:57:01 UTC,4315,0,1,,0,0,0,0,298
2022-10-10 02:57:01 UTC,4316,0,1,,3.9,0,0,0,298
2022-10-10 03:57:01 UTC,4317,0,1,,0,0,0,2,298
2022-10-10 04:57:01 UTC,4318,0,1,,0,0,0,2,298
2022-10-10 05:57:01 UTC,4319,2,3,,0,0,0,2,298
2022-10-10 06:57:01 UTC,4320,6,9,,3.9,0,0,2,298
2022-10-10 07:57:01 UTC,4321,24,34,,0,0,0,2,298
2022-10-10 08:57:01 UTC,4322,23,57,,0,0,0,2,298
2022-10-10 09:57:01 UTC,4323,20,77,,0,0,0,2,298
2022-10-10 10:57:01 UTC,4324,11,88,,4,0,0,2,298
2022-10-10 11:57:01 UTC,4325,11,99,,0,0,0,2,298
2022-10-10 12:57:01 UTC,4326,12,111,,0,0,0,2,298
2022-10-10 13:57:01 UTC,4327,8,119,,0,0,0,2,298
2022-10-10 14:57:01 UTC,4328,9,128,,3.9,0,0,2,298
2022-10-10 15:57:01 UTC,4329,9,137,,0,0,0,2,298
2022-10-10 16:57:01 UTC,4330,6,143,,0,0,0,2,298
2022-10-10 17:57:01 UTC,4331,1,144,,0,0,0,2,298
2022-10-10 18:57:01 UTC,4332,2,146,,3.9,0,0,2,298
2022-10-10 19:57:01 UTC,4333,0,146,,0,0,0,3,298
2022-10-10 20:57:01 UTC,4334,0,146,,3.9,0,0,3,298
2022-10-10 21:57:01 UTC,4335,,,146,,,,,
2022-10-10 22:57:01 UTC,4336,0,0,,0,0,0,0,147
2022-10-10 23:57:01 UTC,4337,1,1,,0,0,0,0,147
2022-10-11 00:57:01 UTC,4338,0,1,,0,0,0,0,147
2022-10-11 01:57:01 UTC,4339,1,2,,0,0,0,0,147
2022-10-11 02:57:01 UTC,4340,0,2,,3.9,0,0,0,147
2022-10-11 03:57:01 UTC,4341,0,2,,0,0,0,1,147
2022-10-11 04:57:01 UTC,4342,0,2,,0,0,0,1,147
2022-10-11 05:57:01 UTC,4343,1,3,,0,0,0,1,147
2022-10-11 06:57:01 UTC,4344,13,16,,4,0,0,1,147
2022-10-11 07:57:01 UTC,4345,26,45,,0,0,0,1,147
2022-10-11 08:57:01 UTC,4346,18,63,,0,0,0,1,147
2022-10-11 09:57:01 UTC,4347,15,78,,0,0,0,1,147
2022-10-11 10:57:01 UTC,4348,20,98,,4,0,0,1,147
2022-10-11 11:57:01 UTC,4349,11,111,,0,0,0,1,147
2022-10-11 12:57:01 UTC,4350,11,122,,0,0,0,1,147
2022-10-11 13:57:01 UTC,4351,10,132,,0,0,0,1,147
2022-10-11 14:57:01 UTC,4352,6,138,,3.9,0,0,1,147
2022-10-11 15:57:01 UTC,4353,8,146,,0,0,0,1,147
2022-10-11 16:57:01 UTC,4354,10,156,,0,0,0,1,147
2022-10-11 17:57:01 UTC,4355,3,159,,0,0,0,1,147
2022-10-11 18:57:01 UTC,4356,0,159,,3.9,0,0,1,147
2022-10-11 19:57:01 UTC,4357,0,159,,0,0,0,1,147
2022-10-11 20:57:01 UTC,4358,0,159,,3.9,0,0,1,147
2022-10-11 21:57:01 UTC,4359,,,159,,,,,
