created_at,entry_id,field1,field2,field3,field4,field5,field6,field7,field8
2022-03-01 23:57:01 UTC,9725,0,0,,0,0,0,0,8196
2022-03-02 00:57:01 UTC,9726,0,0,,0,0,0,0,8196
2022-03-02 01:57:01 UTC,9727,0,0,,0,0,0,0,8196
2022-03-02 02:57:01 UTC,9728,0,0,,0,0,0,0,8196
2022-03-02 03:57:01 UTC,9729,0,0,,3.9,0,0,0,8196
2022-03-02 04:57:01 UTC,9730,1,1,,0,0,0,0,8196
2022-03-02 05:57:01 UTC,9731,6,7,,0,0,0,0,8196
2022-03-02 06:57:01 UTC,9732,13,20,,0,0,0,0,8196
2022-03-02 07:57:01 UTC,9733,30,50,,4,0,0,0,8196
2022-03-02 08:57:01 UTC,9734,76,126,,0,0,0,0,8196
2022-03-02 09:57:01 UTC,9735,357,483,,0,0,0,0,8196
2022-03-02 10:57:01 UTC,9736,156,639,,0,0,0,0,8196
2022-03-02 11:57:01 UTC,9737,232,871,,4,0,0,0,8196
2022-03-02 12:57:01 UTC,9738,568,1439,,0,0,0,0,8196
2022-03-02 13:57:01 UTC,9739,344,1783,,0,0,0,0,8196
2022-03-02 14:57:01 UTC,9740,88,1871,,0,0,0,0,8196
2022-03-02 15:57:01 UTC,9741,80,1951,,0,0,0,0,8196
2022-03-02 16:57:01 UTC,9742,76,2027,,0,0,0,0,8196
2022-03-02 17:57:01 UTC,9743,31,2058,,0,0,0,0,8196
2022-03-02 18:57:01 UTC,9744,10,2068,,0,0,0,0,8196
2022-03-02 19:57:01 UTC,9745,1,2069,,3.9,0,0,0,8196
2022-03-02 20:57:01 UTC,9746,2,2071,,0,0,0,0,8196
2022-03-02 21:57:01 UTC,9747,0,2071,,3.9,0,0,0,8196
2022-03-02 22:57:01 UTC,9748,,,2071,,,,,
2022-03-02 23:57:01 UTC,9749,0,0,,0,0,0,0,2072
2022-03-03 00:57:01 UTC,9750,0,0,,0,0,0,0,2072
2022-03-03 01:57:01 UTC,9751,0,0,,0,0,0,0,2072
2022-03-03 02:57:01 UTC,9752,0,0,,0,0,0,0,2072
2022-03-03 03:57:01 UTC,9753,0,0,,3.9,0,0,0,2072
2022-03-03 04:57:01 UTC,9754,0,0,,0,0,0,0,2072
2022-03-03 05:57:01 UTC,9755,10,10,,0,0,0,0,2072
2022-03-03 06:57:01 UTC,9756,12,22,,0,0,0,0,2072
2022-03-03 07:57:01 UTC,9757,32,54,,4,0,0,0,2072
2022-03-03 08:57:01 UTC,9758,36,96,,0,0,0,0,2072
2022-03-03 09:57:01 UTC,9759,51,147,,0,0,0,0,2072
2022-03-03 10:57:01 UTC,9760,62,209,,0,0,0,0,2072
2022-03-03 11:57:01 UTC,9761,69,278,,4,0,0,0,2072
2022-03-03 12:57:01 UTC,9762,92,372,,0,0,0,0,2072
2022-03-03 13:57:01 UTC,9763,115,487,,0,0,0,0,2072
2022-03-03 14:57:01 UTC,9764,64,551,,0,0,0,0,2072
2022-03-03 15:57:01 UTC,9765,60,611,,3.9,0,0,0,2072
2022-03-03 16:57:01 UTC,9766,40,651,,0,0,0,0,2072
2022-03-03 17:57:01 UTC,9767,27,678,,0,0,0,0,2072
2022-03-03 18:57:01 UTC,9768,15,693,,0,0,0,0,2072
2022-03-03 19:57:01 UTC,9769,3,696,,3.9,0,0,0,2072
2022-03-03 20:57:01 UTC,9770,1,697,,0,0,0,0,2072
2022-03-03 21:57:01 UTC,9771,1,698,,3.9,0,0,0,2072
2022-03-03 22:57:01 UTC,9772,,,698,,,,,
2022-03-03 23:57:01 UTC,9773,0,0,,0,0,0,0,698
2022-03-04 00:57:01 UTC,9774,0,0,,0,0,0,0,698
2022-03-04 01:57:01 UTC,9775,0,0,,0,0,0,0,698
2022-03-04 02:57:01 UTC,9776,0,0,,0,0,0,0,698
2022-03-04 03:57:01 UTC,9777,0,0,,3.9,0,0,0,698
2022-03-04 04:57:01 UTC,9778,1,1,,0,0,0,0,698
2022-03-04 05:57:01 UTC,9779,9,10,,0,0,0,0,698
2022-03-04 06:57:01 UTC,9780,9,19,,0,0,0,0,698
2022-03-04 07:57:01 UTC,9781,31,50,,4,0,0,0,698
2022-03-04 08:57:01 UTC,9782,45,97,,0,0,0,0,698
2022-03-04 09:57:01 UTC,9783,87,184,,0,0,0,0,698
2022-03-04 10:57:01 UTC,9784,142,326,,0,0,0,0,698
2022-03-04 11:57:01 UTC,9785,147,473,,4,0,0,0,698
2022-03-04 12:57:01 UTC,9786,102,575,,0,0,1,0,698
2022-03-04 13:57:01 UTC,9787,71,646,,0,0,1,0,698
2022-03-04 14:57:01 UTC,9788,55,701,,0,0,1,0,698
2022-03-04 15:57:01 UTC,9789,30,731,,3.9,0,1,0,698
2022-03-04 16:57:01 UTC,9790,13,744,,0,0,1,0,698
2022-03-04 17:57:01 UTC,9791,7,751,,0,0,1,0,698
2022-03-04 18:57:01 UTC,9792,0,751,,0,0,1,0,698
2022-03-04 19:57:01 UTC,9793,3,754,,3.9,0,1,0,698
2022-03-04 20:57:01 UTC,9794,0,754,,0,0,1,0,698
2022-03-04 21:57:01 UTC,9795,0,754,,3.9,0,1,0,698
2022-03-04 22:57:01 UTC,9796,,,754,,,,,
2022-03-04 23:57:01 UTC,9797,0,0,,0,0,0,0,754
2022-03-05 00:57:01 UTC,9798,0,0,,0,0,0,0,754
2022-03-05 01:57:01 UTC,9799,0,0,,0,0,0,0,754
2022-03-05 02:57:01 UTC,9800,0,0,,0,0,0,0,754
2022-03-05 03:57:01 UTC,9801,0,0,,3.9,0,0,0,754
2022-03-05 04:57:01 UTC,9802,0,0,,0,0,0,0,754
2022-03-05 05:57:01 UTC,9803,3,3,,0,0,0,0,754
2022-03-05 06:57:01 UTC,9804,16,19,,0,0,0,0,754
2022-03-05 07:57:01 UTC,9805,46,65,,4,0,0,0,754
2022-03-05 08:57:01 UTC,9806,241,316,,0,0,0,0,754
2022-03-05 09:57:01 UTC,9807,764,1080,,0,0,0,0,754
2022-03-05 10:57:01 UTC,9808,1044,2124,,0,0,0,0,754
2022-03-05 11:57:01 UTC,9809,1106,3230,,4,0,0,0,754
2022-03-05 12:57:01 UTC,9810,1188,4442,,0,0,0,0,754
2022-03-05 13:57:01 UTC,9811,1210,5652,,0,0,0,0,754
2022-03-05 14:57:01 UTC,9812,981,6633,,0,0,0,0,754
2022-03-05 15:57:01 UTC,9813,509,7142,,3.9,0,0,0,754
2022-03-05 16:57:01 UTC,9814,115,7261,,0,0,0,0,754
2022-03-05 17:57:01 UTC,9815,13,7274,,0,0,0,0,754
2022-03-05 18:57:01 UTC,9816,5,7279,,0,0,0,0,754
2022-03-05 19:57:01 UTC,9817,1,7280,,3.9,0,0,0,754
2022-03-05 20:57:01 UTC,9818,2,7282,,0,0,0,0,754
2022-03-05 21:57:01 UTC,9819,0,7282,,3.9,0,0,0,754
2022-03-05 22:57:01 UTC,9820,,,7282,,,,,
2022-03-05 23:57:01 UTC,9821,0,0,,0,0,0,0,7282
2022-03-06 00:57:01 UTC,9822,0,0,,0,0,0,0,7282
2022-03-06 01:57:01 UTC,9823,0,0,,0,0,0,0,7282
2022-03-06 02:57:01 UTC,9824,0,0,,0,0,0,0,7282
2022-03-06 03:57:01 UTC,9825,0,0,,3.9,0,0,0,7282
2022-03-06 04:57:01 UTC,9826,0,0,,0,0,0,0,7282
2022-03-06 05:57:01 UTC,9827,3,3,,0,0,0,0,7282
2022-03-06 06:57:01 UTC,9828,19,22,,0,0,0,0,7282
2022-03-06 07:57:01 UTC,9829,66,88,,4,0,0,0,7282
2022-03-06 08:57:01 UTC,9830,317,420,,0,0,0,0,7282
2022-03-06 09:57:01 UTC,9831,576,996,,0,0,0,0,7282
2022-03-06 10:57:01 UTC,9832,505,1501,,0,0,0,0,7282
2022-03-06 11:57:01 UTC,9833,651,2152,,4,0,0,0,7282
2022-03-06 12:57:01 UTC,9834,700,2864,,0,0,0,0,7282
2022-03-06 13:57:01 UTC,9835,231,3095,,0,0,0,0,7282
2022-03-06 14:57:01 UTC,9836,121,3216,,0,0,0,0,7282
2022-03-06 15:57:01 UTC,9837,82,3298,,3.9,0,0,0,7282
2022-03-06 16:57:01 UTC,9838,91,3389,,0,0,0,0,7282
2022-03-06 17:57:01 UTC,9839,26,3415,,0,0,0,0,7282
2022-03-06 18:57:01 UTC,9840,6,3421,,0,0,0,0,7282
2022-03-06 19:57:01 UTC,9841,0,3421,,3.9,0,0,0,7282
2022-03-06 20:57:01 UTC,9842,0,3421,,0,0,0,0,7282
2022-03-06 21:57:01 UTC,9843,0,3421,,3.9,0,0,0,7282
2022-03-06 22:57:01 UTC,9844,,,3421,,,,,
2022-03-06 23:57:01 UTC,9845,0,0,,0,0,0,0,3421
2022-03-07 00:57:01 UTC,9846,0,0,,0,0,0,0,3421
2022-03-07 01:57:01 UTC,9847,0,0,,0,0,0,0,3421
2022-03-07 02:57:01 UTC,9848,0,0,,0,0,0,0,3421
2022-03-07 03:57:01 UTC,9849,0,0,,3.9,0,0,0,3421
2022-03-07 04:57:01 UTC,9850,0,0,,0,0,0,0,3421
2022-03-07 05:57:01 UTC,9851,10,10,,0,0,0,0,3421
2022-03-07 06:57:01 UTC,9852,12,22,,0,0,0,0,3421
2022-03-07 07:57:01 UTC,9853,27,49,,4,0,0,0,3421
2022-03-07 08:57:01 UTC,9854,96,147,,0,0,0,0,3421
2022-03-07 09:57:01 UTC,9855,278,425,,0,0,0,0,3421
2022-03-07 10:57:01 UTC,9856,281,706,,0,0,0,0,3421
2022-03-07 11:57:01 UTC,9857,484,1190,,3.9,0,0,0,3421
2022-03-07 12:57:01 UTC,9858,384,1577,,0,0,0,0,3421
2022-03-07 13:57:01 UTC,9859,333,1910,,0,0,0,0,3421
2022-03-07 14:57:01 UTC,9860,88,1998,,0,0,0,0,3421
2022-03-07 15:57:01 UTC,9861,90,2088,,3.9,0,0,0,3421
2022-03-07 16:57:01 UTC,9862,73,2161,,0,0,0,0,3421
2022-03-07 17:57:01 UTC,9863,15,2176,,0,0,0,0,3421
2022-03-07 18:57:01 UTC,9864,11,2187,,0,0,0,0,3421
2022-03-07 19:57:01 UTC,9865,2,2189,,3.9,0,0,0,3421
2022-03-07 20:57:01 UTC,9866,1,2190,,0,0,0,0,3421
2022-03-07 21:57:01 UTC,9867,0,2190,,3.9,0,0,0,3421
2022-03-07 22:57:01 UTC,9868,,,2190,,,,,
2022-03-07 23:57:01 UTC,9869,0,0,,0,0,0,0,2190
2022-03-08 00:57:01 UTC,9870,0,0,,0,0,0,0,2190
2022-03-08 01:57:01 UTC,9871,0,0,,0,0,0,0,2190
2022-03-08 02:57:01 UTC,9872,0,0,,0,0,0,0,2190
2022-03-08 03:57:01 UTC,9873,0,0,,3.9,0,0,0,2190
2022-03-08 04:57:01 UTC,9874,1,1,,0,0,0,0,2190
2022-03-08 05:57:01 UTC,9875,8,9,,0,0,0,0,2190
2022-03-08 06:57:01 UTC,9876,18,27,,0,0,0,0,2190
2022-03-08 07:57:01 UTC,9877,92,119,,4,0,0,0,2190
2022-03-08 08:57:01 UTC,9878,989,1161,,0,0,0,0,2190
2022-03-08 09:57:01 UTC,9879,1372,2533,,0,0,0,0,2190
2022-03-08 10:57:01 UTC,9880,1384,3917,,0,0,0,0,2190
2022-03-08 11:57:01 UTC,9881,1243,5160,,4,0,0,0,2190
2022-03-08 12:57:01 UTC,9882,512,5672,,0,0,0,0,2190
2022-03-08 13:57:01 UTC,9883,404,6076,,0,0,0,0,2190
2022-03-08 14:57:01 UTC,9884,164,6240,,0,0,0,0,2190
2022-03-08 15:57:01 UTC,9885,71,6311,,3.9,0,0,0,2190
2022-03-08 16:57:01 UTC,9886,50,6361,,0,0,0,0,2190
2022-03-08 17:57:01 UTC,9887,24,6385,,0,0,0,0,2190
2022-03-08 18:57:01 UTC,9888,13,6398,,0,0,0,0,2190
2022-03-08 19:57:01 UTC,9889,2,6400,,3.9,0,0,0,2190
2022-03-08 20:57:01 UTC,9890,3,6403,,0,0,1,0,2190
2022-03-08 21:57:01 UTC,9891,2,6405,,3.9,0,1,0,2190
2022-03-08 22:57:01 UTC,9892,,,6405,,,,,
2022-03-08 23:57:01 UTC,9893,0,0,,0,0,0,0,6405
2022-03-09 00:57:01 UTC,9894,0,0,,0,0,0,0,6405
2022-03-09 01:57:01 UTC,9895,0,0,,0,0,0,0,6405
2022-03-09 02:57:01 UTC,9896,0,0,,0,0,0,0,6405
2022-03-09 03:57:01 UTC,9897,0,0,,3.9,0,0,0,6405
2022-03-09 04:57:01 UTC,9898,0,0,,0,0,0,0,6405
2022-03-09 05:57:01 UTC,9899,4,4,,0,0,0,0,6405
2022-03-09 06:57:01 UTC,9900,16,20,,0,0,0,0,6405
2022-03-09 07:57:01 UTC,9901,16,36,,4,0,0,0,6405
2022-03-09 08:57:01 UTC,9902,121,161,,0,0,0,0,6405
2022-03-09 09:57:01 UTC,9903,179,340,,0,0,0,0,6405
2022-03-09 10:57:01 UTC,9904,190,530,,0,0,0,0,6405
2022-03-09 11:57:01 UTC,9905,124,654,,4,0,0,0,6405
2022-03-09 12:57:01 UTC,9906,185,839,,0,0,0,0,6405
2022-03-09 13:57:01 UTC,9907,99,938,,0,0,0,0,6405
2022-03-09 14:57:01 UTC,9908,90,1028,,0,0,0,0,6405
2022-03-09 15:57:01 UTC,9909,68,1096,,0,0,0,0,6405
2022-03-09 16:57:01 UTC,9910,81,1177,,0,0,0,0,6405
2022-03-09 17:57:01 UTC,9911,43,1220,,0,0,0,0,6405
2022-03-09 18:57:01 UTC,9912,8,1228,,0,0,0,0,6405
2022-03-09 19:57:01 UTC,9913,3,1231,,3.9,0,0,0,6405
2022-03-09 20:57:01 UTC,9914,1,1232,,0,0,0,0,6405
2022-03-09 21:57:01 UTC,9915,0,1232,,3.9,0,0,0,6405
2022-03-09 22:57:01 UTC,9916,,,1232,,,,,
2022-03-09 23:57:01 UTC,9917,0,0,,0,0,0,0,1232
2022-03-10 00:57:01 UTC,9918,0,0,,0,0,0,0,1232
2022-03-10 01:57:01 UTC,9919,0,0,,0,0,0,0,1232
2022-03-10 02:57:01 UTC,9920,0,0,,0,0,0,0,1232
2022-03-10 03:57:01 UTC,9921,0,0,,3.9,0,0,0,1232
2022-03-10 04:57:01 UTC,9922,0,0,,0,0,0,0,1232
2022-03-10 05:57:01 UTC,9923,9,9,,0,0,0,0,1232
2022-03-10 06:57:01 UTC,9924,18,27,,0,0,0,0,1232
2022-03-10 07:57:01 UTC,9925,23,50,,4,0,0,0,1232
2022-03-10 08:57:01 UTC,9926,60,113,,0,0,0,0,1232
2022-03-10 09:57:01 UTC,9927,72,185,,0,0,0,0,1232
2022-03-10 10:57:01 UTC,9928,99,284,,0,0,0,0,1232
2022-03-10 11:57:01 UTC,9929,125,409,,0,0,0,0,1232
2022-03-10 12:57:01 UTC,9930,140,549,,0,0,0,0,1232
2022-03-10 13:57:01 UTC,9931,103,652,,0,0,0,0,1232
2022-03-10 14:57:01 UTC,9932,111,763,,0,0,0,0,1232
2022-03-10 15:57:01 UTC,9933,66,829,,0,0,0,0,1232
2022-03-10 16:57:01 UTC,9934,62,891,,0,0,0,0,1232
2022-03-10 17:57:01 UTC,9935,35,926,,0,0,0,0,1232
2022-03-10 18:57:01 UTC,9936,16,942,,0,0,0,0,1232
2022-03-10 19:57:01 UTC,9937,2,944,,3.9,0,0,0,1232
2022-03-10 20:57:01 UTC,9938,1,945,,0,0,0,0,1232
2022-03-10 21:57:01 UTC,9939,1,946,,3.9,0,0,0,1232
2022-03-10 22:57:01 UTC,9940,,,946,,,,,
2022-03-10 23:57:01 UTC,9941,0,0,,0,0,0,0,946
2022-03-11 00:57:01 UTC,9942,0,0,,0,0,0,0,946
2022-03-11 01:57:01 UTC,9943,0,0,,0,0,0,0,946
2022-03-11 02:57:01 UTC,9944,0,0,,0,0,0,0,946
2022-03-11 03:57:01 UTC,9945,0,0,,3.9,0,0,0,946
2022-03-11 04:57:01 UTC,9946,1,1,,0,0,0,0,946
2022-03-11 05:57:01 UTC,9947,6,7,,0,0,0,0,946
2022-03-11 06:57:01 UTC,9948,4,11,,0,0,0,0,946
2022-03-11 07:57:01 UTC,9949,30,41,,4,0,0,0,946
2022-03-11 08:57:01 UTC,9950,62,106,,0,0,0,0,946
2022-03-11 09:57:01 UTC,9951,75,181,,0,0,0,0,946
2022-03-11 10:57:01 UTC,9952,79,260,,0,0,0,0,946
2022-03-11 11:57:01 UTC,9953,96,356,,4,0,0,0,946
2022-03-11 12:57:01 UTC,9954,91,447,,0,0,1,0,946
2022-03-11 13:57:01 UTC,9955,74,521,,0,0,1,0,946
2022-03-11 14:57:01 UTC,9956,78,599,,0,0,1,0,946
2022-03-11 15:57:01 UTC,9957,58,657,,0,0,1,0,946
2022-03-11 16:57:01 UTC,9958,68,725,,0,0,1,0,946
2022-03-11 17:57:01 UTC,9959,32,757,,0,0,1,0,946
2022-03-11 18:57:01 UTC,9960,2,759,,0,0,1,0,946
2022-03-11 19:57:01 UTC,9961,1,760,,3.9,0,1,0,946
2022-03-11 20:57:01 UTC,9962,2,762,,0,0,1,0,946
2022-03-11 21:57:01 UTC,9963,2,764,,3.9,0,1,0,946
2022-03-11 22:57:01 UTC,9964,,,764,,,,,
2022-03-11 23:57:01 UTC,9965,0,0,,0,0,0,0,764
2022-03-12 00:57:01 UTC,9966,0,0,,0,0,0,0,764
2022-03-12 01:57:01 UTC,9967,0,0,,0,0,0,0,764
2022-03-12 02:57:01 UTC,9968,0,0,,0,0,0,0,764
2022-03-12 03:57:01 UTC,9969,0,0,,3.9,0,0,0,764
2022-03-12 04:57:01 UTC,9970,0,0,,0,0,0,0,764
2022-03-12 05:57:01 UTC,9971,1,1,,0,0,0,0,764
2022-03-12 06:57:01 UTC,9972,22,23,,0,0,0,0,764
2022-03-12 07:57:01 UTC,9973,43,66,,4,0,0,0,764
2022-03-12 08:57:01 UTC,9974,132,203,,0,0,0,0,764
2022-03-12 09:57:01 UTC,9975,226,429,,0,0,0,0,764
2022-03-12 10:57:01 UTC,9976,350,779,,0,0,0,0,764
2022-03-12 11:57:01 UTC,9977,279,1058,,4,0,0,0,764
2022-03-12 12:57:01 UTC,9978,203,1261,,0,0,0,0,764
2022-03-12 13:57:01 UTC,9979,160,1421,,0,0,0,0,764
2022-03-12 14:57:01 UTC,9980,202,1623,,0,0,0,0,764
2022-03-12 15:57:01 UTC,9981,150,1773,,0,0,0,0,764
2022-03-12 16:57:01 UTC,9982,67,1840,,0,0,0,0,764
2022-03-12 17:57:01 UTC,9983,33,1873,,0,0,0,0,764
2022-03-12 18:57:01 UTC,9984,4,1877,,0,0,0,0,764
2022-03-12 19:57:01 UTC,9985,3,1880,,3.9,0,0,0,764
2022-03-12 20:57:01 UTC,9986,0,1880,,0,0,0,0,764
2022-03-12 21:57:01 UTC,9987,0,1880,,3.9,0,0,0,764
2022-03-12 22:57:01 UTC,9988,,,1880,,,,,
2022-03-12 23:57:01 UTC,9989,0,0,,0,0,0,0,1880
2022-03-13 00:57:01 UTC,9990,0,0,,0,0,0,0,1880
2022-03-13 01:57:01 UTC,9991,0,0,,0,0,0,0,1880
2022-03-13 02:57:01 UTC,9992,0,0,,0,0,0,0,1880
2022-03-13 03:57:01 UTC,9993,0,0,,3.9,0,0,0,1880
2022-03-13 04:57:01 UTC,9994,0,0,,0,0,0,0,1880
2022-03-13 05:57:01 UTC,9995,2,2,,0,0,0,0,1880
2022-03-13 06:57:01 UTC,9996,19,21,,0,0,0,0,1880
2022-03-13 07:57:01 UTC,9997,86,107,,3.9,0,0,0,1880
2022-03-13 08:57:01 UTC,9998,244,362,,0,0,0,0,1880
2022-03-13 09:57:01 UTC,9999,357,719,,0,0,0,0,1880
2022-03-13 10:57:01 UTC,10000,505,1224,,0,0,0,0,1880
2022-03-13 11:57:01 UTC,10001,426,1650,,4,0,0,0,1880
2022-03-13 12:57:01 UTC,10002,309,1959,,0,0,0,0,1880
2022-03-13 13:57:01 UTC,10003,300,2259,,0,0,0,0,1880
2022-03-13 14:57:01 UTC,10004,211,2470,,0,0,0,0,1880
2022-03-13 15:57:01 UTC,10005,149,2619,,0,0,0,0,1880
2022-03-13 16:57:01 UTC,10006,131,2750,,0,0,0,0,1880
2022-03-13 17:57:01 UTC,10007,55,2805,,0,0,0,0,1880
2022-03-13 18:57:01 UTC,10008,8,2813,,0,0,0,0,1880
2022-03-13 19:57:01 UTC,10009,1,2814,,3.9,0,0,0,1880
2022-03-13 20:57:01 UTC,10010,0,2814,,0,0,0,0,1880
2022-03-13 21:57:01 UTC,10011,1,2815,,3.9,0,0,0,1880
2022-03-13 22:57:01 UTC,10012,,,2815,,,,,
