created_at,entry_id,field1,field2,field3,field4,field5,field6,field7,field8
2021-03-14 23:57:01 UTC,1,0,0,,0,0,0,0,195
2021-03-15 00:57:01 UTC,2,0,0,,0,0,0,0,195
2021-03-15 01:57:01 UTC,3,0,0,,0,0,0,0,195
2021-03-15 02:57:01 UTC,4,0,0,,0,0,0,0,195
2021-03-15 03:57:01 UTC,5,0,0,,3.9,0,0,0,195
2021-03-15 04:57:01 UTC,6,1,1,,0,0,0,0,195
2021-03-15 05:57:01 UTC,7,7,8,,0,0,0,0,195
2021-03-15 06:57:01 UTC,8,7,15,,0,0,0,0,195
2021-03-15 07:57:01 UTC,9,19,34,,4,0,0,0,195
2021-03-15 08:57:01 UTC,10,22,59,,0,0,0,0,195
2021-03-15 09:57:01 UTC,11,27,86,,0,0,0,0,195
2021-03-15 10:57:01 UTC,12,32,118,,0,0,0,0,195
2021-03-15 11:57:01 UTC,13,26,144,,4,0,0,0,195
2021-03-15 12:57:01 UTC,14,27,177,,0,0,0,0,195
2021-03-15 13:57:01 UTC,15,30,207,,0,0,0,0,195
2021-03-15 14:57:01 UTC,16,26,233,,0,0,0,0,195
2021-03-15 15:57:01 UTC,17,12,245,,4,0,0,0,195
2021-03-15 16:57:01 UTC,18,33,279,,0,0,0,0,195
2021-03-15 17:57:01 UTC,19,26,305,,0,0,0,0,195
2021-03-15 18:57:01 UTC,20,35,340,,0,0,0,0,195
2021-03-15 19:57:01 UTC,21,17,357,,4,0,0,0,195
2021-03-15 20:57:01 UTC,22,2,359,,0,0,0,0,195
2021-03-15 21:57:01 UTC,23,3,362,,4,0,0,0,195
2021-03-15 22:57:01 UTC,24,,,362,,,,,
2021-03-15 23:57:01 UTC,25,3,3,,0,0,0,0,366
2021-03-16 00:57:01 UTC,26,0,3,,0,0,0,0,366
2021-03-16 01:57:01 UTC,27,1,4,,0,0,0,0,366
2021-03-16 02:57:01 UTC,28,1,5,,0,0,0,0,366
2021-03-16 03:57:01 UTC,29,1,6,,4,0,0,0,366
2021-03-16 04:57:01 UTC,30,1,7,,0,0,0,0,366
2021-03-16 05:57:01 UTC,31,7,14,,0,0,0,0,366
2021-03-16 06:57:01 UTC,32,12,26,,0,0,0,0,366
2021-03-16 07:57:01 UTC,33,25,51,,4,0,0,0,366
2021-03-16 08:57:01 UTC,34,30,85,,0,0,0,0,366
2021-03-16 09:57:01 UTC,35,22,107,,0,0,0,0,366
2021-03-16 10:57:01 UTC,36,20,127,,0,0,0,0,366
2021-03-16 11:57:01 UTC,37,22,149,,4,0,0,0,366
2021-03-16 12:57:01 UTC,38,28,179,,0,0,0,0,366
2021-03-16 13:57:01 UTC,39,20,199,,0,0,0,0,366
2021-03-16 14:57:01 UTC,40,19,218,,0,0,0,0,366
2021-03-16 15:57:01 UTC,41,33,251,,4,0,0,0,366
2021-03-16 16:57:01 UTC,42,41,293,,0,0,0,0,366
2021-03-16 17:57:01 UTC,43,21,314,,0,0,0,0,366
2021-03-16 18:57:01 UTC,44,30,344,,0,0,0,0,366
2021-03-16 19:57:01 UTC,45,28,372,,4,0,0,0,366
2021-03-16 20:57:01 UTC,46,16,388,,0,0,0,0,366
2021-03-16 21:57:01 UTC,47,6,394,,4,0,0,0,366
2021-03-16 22:57:01 UTC,48,,,394,,,,,
2021-03-16 23:57:01 UTC,49,3,3,,0,0,0,0,398
2021-03-17 00:57:01 UTC,50,1,4,,0,0,0,0,398
2021-03-17 01:57:01 UTC,51,0,4,,0,0,0,0,398
2021-03-17 02:57:01 UTC,52,0,4,,0,0,0,0,398
2021-03-17 03:57:01 UTC,53,0,4,,4,0,0,0,398
2021-03-17 04:57:01 UTC,54,1,5,,0,0,0,0,398
2021-03-17 05:57:01 UTC,55,7,12,,0,0,0,0,398
2021-03-17 06:57:01 UTC,56,5,17,,0,0,0,0,398
2021-03-17 07:57:01 UTC,57,30,47,,4,0,0,0,398
2021-03-17 08:57:01 UTC,58,30,80,,0,0,0,0,398
2021-03-17 09:57:01 UTC,59,39,119,,0,0,0,0,398
2021-03-17 10:57:01 UTC,60,40,159,,0,0,0,0,398
2021-03-17 11:57:01 UTC,61,28,187,,4,0,0,0,398
2021-03-17 12:57:01 UTC,62,12,200,,0,0,0,0,398
2021-03-17 13:57:01 UTC,63,22,222,,0,0,0,0,398
2021-03-17 14:57:01 UTC,64,12,234,,0,0,0,0,398
2021-03-17 15:57:01 UTC,65,17,251,,4,0,0,0,398
2021-03-17 16:57:01 UTC,66,28,279,,0,0,0,0,398
2021-03-17 17:57:01 UTC,67,22,301,,0,0,0,0,398
2021-03-17 18:57:01 UTC,68,33,334,,0,0,0,0,398
2021-03-17 19:57:01 UTC,69,20,354,,4,0,0,0,398
2021-03-17 20:57:01 UTC,70,15,370,,0,0,0,0,398
2021-03-17 21:57:01 UTC,71,7,377,,4,0,0,0,398
2021-03-17 22:57:01 UTC,72,,,377,,,,,
2021-03-17 23:57:01 UTC,73,2,2,,0,0,0,0,380
2021-03-18 00:57:01 UTC,74,0,2,,0,0,0,0,380
2021-03-18 01:57:01 UTC,75,1,3,,0,0,0,0,380
2021-03-18 02:57:01 UTC,76,0,3,,0,0,0,0,380
2021-03-18 03:57:01 UTC,77,0,3,,4,0,0,0,380
2021-03-18 04:57:01 UTC,78,1,4,,0,0,0,0,380
2021-03-18 05:57:01 UTC,79,6,10,,0,0,0,0,380
2021-03-18 06:57:01 UTC,80,9,19,,0,0,0,0,380
2021-03-18 07:57:01 UTC,81,9,28,,4,0,0,0,380
2021-03-18 08:57:01 UTC,82,24,55,,0,0,0,0,380
2021-03-18 09:57:01 UTC,83,22,77,,0,0,0,0,380
2021-03-18 10:57:01 UTC,84,41,118,,0,0,0,0,380
2021-03-18 11:57:01 UTC,85,47,165,,4,0,0,0,380
2021-03-18 12:57:01 UTC,86,39,206,,0,0,0,0,380
2021-03-18 13:57:01 UTC,87,50,256,,0,0,0,0,380
2021-03-18 14:57:01 UTC,88,47,303,,0,0,0,0,380
2021-03-18 15:57:01 UTC,89,45,348,,4,0,0,0,380
2021-03-18 16:57:01 UTC,90,42,391,,0,0,0,0,380
2021-03-18 17:57:01 UTC,91,30,421,,0,0,0,0,380
2021-03-18 18:57:01 UTC,92,32,453,,0,0,0,0,380
2021-03-18 19:57:01 UTC,93,19,472,,4,0,0,0,380
2021-03-18 20:57:01 UTC,94,10,484,,0,0,0,0,380
2021-03-18 21:57:01 UTC,95,4,488,,4,0,0,0,380
2021-03-18 22:57:01 UTC,96,,,488,,,,,
2021-03-18 23:57:01 UTC,97,2,2,,0,0,0,0,490
2021-03-19 00:57:01 UTC,98,0,2,,0,0,0,0,490
2021-03-19 01:57:01 UTC,99,0,2,,0,0,0,0,490
2021-03-19 02:57:01 UTC,100,0,2,,0,0,0,0,490
2021-03-19 03:57:01 UTC,101,0,2,,4,0,0,0,490
2021-03-19 04:57:01 UTC,102,1,3,,0,0,0,0,490
2021-03-19 05:57:01 UTC,103,7,10,,0,0,0,0,490
2021-03-19 06:57:01 UTC,104,11,21,,0,0,0,0,490
2021-03-19 07:57:01 UTC,105,18,39,,4,0,0,0,490
2021-03-19 08:57:01 UTC,106,21,64,,0,0,0,0,490
2021-03-19 09:57:01 UTC,107,35,99,,0,0,0,0,490
2021-03-19 10:57:01 UTC,108,34,133,,0,0,0,0,490
2021-03-19 11:57:01 UTC,109,29,162,,4,0,0,0,490
2021-03-19 12:57:01 UTC,110,24,187,,0,0,0,0,490
2021-03-19 13:57:01 UTC,111,19,206,,0,0,0,0,490
2021-03-19 14:57:01 UTC,112,25,231,,0,0,0,0,490
2021-03-19 15:57:01 UTC,113,15,246,,4,0,0,0,490
2021-03-19 16:57:01 UTC,114,32,281,,0,0,0,0,490
2021-03-19 17:57:01 UTC,115,33,314,,0,0,0,0,490
2021-03-19 18:57:01 UTC,116,31,345,,0,0,0,0,490
2021-03-19 19:57:01 UTC,117,14,359,,4,0,0,0,490
2021-03-19 20:57:01 UTC,118,14,373,,0,0,0,0,490
2021-03-19 21:57:01 UTC,119,7,380,,4,0,0,0,490
2021-03-19 22:57:01 UTC,120,,,380,,,,,
2021-03-19 23:57:01 UTC,121,2,2,,0,0,0,0,385
2021-03-20 00:57:01 UTC,122,0,2,,0,0,0,0,385
2021-03-20 01:57:01 UTC,123,0,2,,0,0,0,0,385
2021-03-20 02:57:01 UTC,124,0,2,,0,0,0,0,385
2021-03-20 03:57:01 UTC,125,0,2,,4,0,0,0,385
2021-03-20 04:57:01 UTC,126,1,3,,0,0,0,0,385
2021-03-20 05:57:01 UTC,127,3,6,,0,0,0,0,385
2021-03-20 06:57:01 UTC,128,10,16,,0,0,0,0,385
2021-03-20 07:57:01 UTC,129,16,32,,4,0,0,0,385
2021-03-20 08:57:01 UTC,130,11,46,,0,0,0,0,385
2021-03-20 09:57:01 UTC,131,32,78,,0,0,0,0,385
2021-03-20 10:57:01 UTC,132,55,133,,0,0,0,0,385
2021-03-20 11:57:01 UTC,133,54,187,,4,0,0,0,385
2021-03-20 12:57:01 UTC,134,45,234,,0,0,0,0,385
2021-03-20 13:57:01 UTC,135,37,271,,0,0,0,0,385
2021-03-20 14:57:01 UTC,136,51,322,,0,0,0,0,385
2021-03-20 15:57:01 UTC,137,55,377,,4,0,0,0,385
2021-03-20 16:57:01 UTC,138,49,431,,0,0,0,0,385
2021-03-20 17:57:01 UTC,139,40,471,,0,0,0,0,385
2021-03-20 18:57:01 UTC,140,19,490,,0,0,0,0,385
2021-03-20 19:57:01 UTC,141,16,506,,4,0,0,0,385
2021-03-20 20:57:01 UTC,142,17,525,,0,0,0,0,385
2021-03-20 21:57:01 UTC,143,9,534,,4,0,0,0,385
2021-03-20 22:57:01 UTC,144,,,534,,,,,
2021-03-20 23:57:01 UTC,145,3,3,,0,0,0,0,541
2021-03-21 00:57:01 UTC,146,2,5,,0,0,0,0,541
2021-03-21 01:57:01 UTC,147,0,5,,0,0,0,0,541
2021-03-21 02:57:01 UTC,148,1,6,,0,0,0,0,541
2021-03-21 03:57:01 UTC,149,0,6,,4,0,0,0,541
2021-03-21 04:57:01 UTC,150,0,6,,0,0,0,0,541
2021-03-21 05:57:01 UTC,151,4,10,,0,0,0,0,541
2021-03-21 06:57:01 UTC,152,11,21,,0,0,0,0,541
2021-03-21 07:57:01 UTC,153,23,44,,4,0,0,0,541
2021-03-21 08:57:01 UTC,154,42,90,,0,0,0,0,541
2021-03-21 09:57:01 UTC,155,60,150,,0,0,0,0,541
2021-03-21 10:57:01 UTC,156,82,232,,0,0,0,0,541
2021-03-21 11:57:01 UTC,157,79,311,,4,0,0,0,541
2021-03-21 12:57:01 UTC,158,59,377,,0,0,0,0,541
2021-03-21 13:57:01 UTC,159,67,444,,0,0,0,0,541
2021-03-21 14:57:01 UTC,160,54,498,,0,0,0,0,541
2021-03-21 15:57:01 UTC,161,58,556,,4,0,0,0,541
2021-03-21 16:57:01 UTC,162,76,637,,0,0,0,0,541
2021-03-21 17:57:01 UTC,163,45,682,,0,0,0,0,541
2021-03-21 18:57:01 UTC,164,28,710,,0,0,0,0,541
2021-03-21 19:57:01 UTC,165,18,728,,4,0,0,0,541
2021-03-21 20:57:01 UTC,166,15,743,,0,0,0,0,541
2021-03-21 21:57:01 UTC,167,4,747,,4,0,0,0,541
2021-03-21 22:57:01 UTC,168,,,747,,,,,
2021-03-21 23:57:01 UTC,169,0,0,,0,0,0,0,751
2021-03-22 00:57:01 UTC,170,0,0,,0,0,0,0,751
2021-03-22 01:57:01 UTC,171,0,0,,0,0,0,0,751
2021-03-22 02:57:01 UTC,172,2,2,,0,0,0,0,751
2021-03-22 03:57:01 UTC,173,0,2,,4,0,0,0,751
2021-03-22 04:57:01 UTC,174,3,5,,0,0,0,0,751
2021-03-22 05:57:01 UTC,175,6,11,,0,0,0,0,751
2021-03-22 06:57:01 UTC,176,8,19,,0,0,0,0,751
2021-03-22 07:57:01 UTC,177,20,39,,4,0,0,0,751
2021-03-22 08:57:01 UTC,178,32,73,,0,0,0,0,751
2021-03-22 09:57:01 UTC,179,35,108,,0,0,0,0,751
2021-03-22 10:57:01 UTC,180,40,148,,0,0,0,0,751
2021-03-22 11:57:01 UTC,181,37,185,,4,0,0,0,751
2021-03-22 12:57:01 UTC,182,33,220,,0,0,0,0,751
2021-03-22 13:57:01 UTC,183,22,242,,0,0,0,0,751
2021-03-22 14:57:01 UTC,184,18,260,,0,0,0,0,751
2021-03-22 15:57:01 UTC,185,14,274,,4,0,0,0,751
2021-03-22 16:57:01 UTC,186,38,314,,0,0,0,0,751
2021-03-22 17:57:01 UTC,187,33,347,,0,0,0,0,751
2021-03-22 18:57:01 UTC,188,27,374,,0,0,0,0,751
2021-03-22 19:57:01 UTC,189,22,396,,4,0,0,0,751
2021-03-22 20:57:01 UTC,190,6,403,,0,0,0,0,751
2021-03-22 21:57:01 UTC,191,7,410,,4,0,0,0,751
2021-03-22 22:57:01 UTC,192,,,410,,,,,
2021-03-22 23:57:01 UTC,193,2,2,,0,0,0,0,412
2021-03-23 00:57:01 UTC,194,0,2,,0,0,0,0,412
2021-03-23 01:57:01 UTC,195,0,2,,0,0,0,0,412
2021-03-23 02:57:01 UTC,196,0,2,,0,0,0,0,412
2021-03-23 03:57:01 UTC,197,0,2,,4,0,0,0,412
2021-03-23 04:57:01 UTC,198,2,4,,0,0,0,0,412
2021-03-23 05:57:01 UTC,199,4,8,,0,0,0,0,412
2021-03-23 06:57:01 UTC,200,18,26,,0,0,0,0,412
2021-03-23 07:57:01 UTC,201,19,45,,4,0,0,0,412
2021-03-23 08:57:01 UTC,202,25,75,,0,0,0,0,412
2021-03-23 09:57:01 UTC,203,32,107,,0,0,0,0,412
2021-03-23 10:57:01 UTC,204,25,132,,0,0,0,0,412
2021-03-23 11:57:01 UTC,205,36,168,,4,0,0,0,412
2021-03-23 12:57:01 UTC,206,36,207,,0,0,0,0,412
2021-03-23 13:57:01 UTC,207,41,248,,0,0,0,0,412
2021-03-23 14:57:01 UTC,208,31,279,,0,0,0,0,412
2021-03-23 15:57:01 UTC,209,49,328,,4,0,0,0,412
2021-03-23 16:57:01 UTC,210,48,381,,0,0,0,0,412
2021-03-23 17:57:01 UTC,211,40,421,,0,0,0,0,412
2021-03-23 18:57:01 UTC,212,32,453,,0,0,0,0,412
2021-03-23 19:57:01 UTC,213,22,475,,4,0,0,0,412
2021-03-23 20:57:01 UTC,214,11,488,,0,0,0,0,412
2021-03-23 21:57:01 UTC,215,2,490,,4,0,0,0,412
2021-03-23 22:57:01 UTC,216,,,490,,,,,
2021-03-23 23:57:01 UTC,217,6,6,,0,0,0,0,493
2021-03-24 00:57:01 UTC,218,0,6,,0,0,0,0,493
2021-03-24 01:57:01 UTC,219,1,7,,0,0,0,0,493
2021-03-24 02:57:01 UTC,220,0,7,,0,0,0,0,493
2021-03-24 03:57:01 UTC,221,1,8,,4,0,0,0,493
2021-03-24 04:57:01 UTC,222,2,10,,0,0,0,0,493
2021-03-24 05:57:01 UTC,223,7,17,,0,0,0,0,493
2021-03-24 06:57:01 UTC,224,11,28,,0,0,0,0,493
2021-03-24 07:57:01 UTC,225,22,50,,4,0,0,0,493
2021-03-24 08:57:01 UTC,226,33,88,,0,0,0,0,493
2021-03-24 09:57:01 UTC,227,35,123,,0,0,0,0,493
2021-03-24 10:57:01 UTC,228,37,160,,0,0,0,0,493
2021-03-24 11:57:01 UTC,229,39,199,,4,0,0,0,493
2021-03-24 12:57:01 UTC,230,48,249,,0,0,1,0,493
2021-03-24 13:57:01 UTC,231,42,291,,0,0,1,0,493
2021-03-24 14:57:01 UTC,232,40,331,,0,0,1,0,493
2021-03-24 15:57:01 UTC,233,52,383,,4,0,1,0,493
2021-03-24 16:57:01 UTC,234,57,444,,0,0,1,0,493
2021-03-24 17:57:01 UTC,235,33,477,,0,0,1,0,493
2021-03-24 18:57:01 UTC,236,31,508,,0,0,1,0,493
2021-03-24 19:57:01 UTC,237,14,522,,4,0,1,0,493
2021-03-24 20:57:01 UTC,238,14,537,,0,0,1,0,493
2021-03-24 21:57:01 UTC,239,8,545,,4,0,1,0,493
2021-03-24 22:57:01 UTC,240,,,545,,,,,
2021-03-24 23:57:01 UTC,241,3,3,,0,0,0,0,547
2021-03-25 00:57:01 UTC,242,0,3,,0,0,0,0,547
2021-03-25 01:57:01 UTC,243,0,3,,0,0,0,0,547
2021-03-25 02:57:01 UTC,244,0,3,,0,0,0,0,547
2021-03-25 03:57:01 UTC,245,0,3,,4,0,0,0,547
2021-03-25 04:57:01 UTC,246,1,4,,0,0,0,0,547
2021-03-25 05:57:01 UTC,247,6,10,,0,0,0,0,547
2021-03-25 06:57:01 UTC,248,12,22,,0,0,0,0,547
2021-03-25 07:57:01 UTC,249,26,48,,4,0,0,0,547
2021-03-25 08:57:01 UTC,250,31,84,,0,0,0,0,547
2021-03-25 09:57:01 UTC,251,35,119,,0,0,0,0,547
2021-03-25 10:57:01 UTC,252,30,149,,0,0,0,0,547
2021-03-25 11:57:01 UTC,253,45,194,,4,0,0,0,547
2021-03-25 12:57:01 UTC,254,42,237,,0,0,0,0,547
2021-03-25 13:57:01 UTC,255,46,283,,0,0,0,0,547
2021-03-25 14:57:01 UTC,256,43,326,,0,0,0,0,547
2021-03-25 15:57:01 UTC,257,36,362,,4,0,0,0,547
2021-03-25 16:57:01 UTC,258,55,417,,0,0,0,0,547
2021-03-25 17:57:01 UTC,259,56,473,,0,0,0,0,547
2021-03-25 18:57:01 UTC,260,41,514,,0,0,0,0,547
2021-03-25 19:57:01 UTC,261,28,542,,4,0,0,0,547
2021-03-25 20:57:01 UTC,262,19,561,,0,0,0,0,547
2021-03-25 21:57:01 UTC,263,4,565,,4,0,0,0,547
2021-03-25 22:57:01 UTC,264,,,565,,,,,
