created_at,entry_id,field1,field2,field3,field4,field5,field6,field7,field8
2022-05-01 00:57:01 UTC,9622,6,23,,0,0,0,0,3507
2022-05-01 01:57:01 UTC,9623,3,26,,0,0,0,0,3507
2022-05-01 02:57:01 UTC,9624,1,27,,4,0,0,0,3507
2022-05-01 03:57:01 UTC,9625,1,28,,0,0,0,0,3507
2022-05-01 04:57:01 UTC,9626,4,32,,0,0,0,0,3507
2022-05-01 05:57:01 UTC,9627,3,35,,0,0,0,0,3507
2022-05-01 06:57:01 UTC,9628,11,46,,4,0,0,0,3507
2022-05-01 07:57:01 UTC,9629,16,62,,0,0,0,0,3507
2022-05-01 08:57:01 UTC,9630,27,89,,0,0,0,0,3507
2022-05-01 09:57:01 UTC,9631,32,121,,0,0,0,0,3507
2022-05-01 10:57:01 UTC,9632,40,161,,4,0,0,0,3507
2022-05-01 11:57:01 UTC,9633,28,193,,0,0,0,0,3507
2022-05-01 12:57:01 UTC,9634,64,257,,0,0,0,0,3507
2022-05-01 13:57:01 UTC,9635,80,337,,0,0,0,0,3507
2022-05-01 14:57:01 UTC,9636,13,350,,0,0,0,0,3507
2022-05-01 15:57:01 UTC,9637,19,369,,0,0,0,0,3507
2022-05-01 16:57:01 UTC,9638,9,378,,0,0,0,0,3507
2022-05-01 17:57:01 UTC,9639,8,386,,0,0,0,0,3507
2022-05-01 18:57:01 UTC,9640,1,387,,4,0,0,0,3507
2022-05-01 19:57:01 UTC,9641,6,393,,0,0,0,0,3507
2022-05-01 20:57:01 UTC,9642,3,396,,4,0,0,0,3507
2022-05-01 21:57:01 UTC,9643,,,396,,,,,
2022-05-01 22:57:01 UTC,9644,0,0,,0,0,0,0,398
2022-05-01 23:57:01 UTC,9645,1,1,,0,0,0,0,398
2022-05-02 00:57:01 UTC,9646,0,1,,0,0,0,0,398
2022-05-02 01:57:01 UTC,9647,0,1,,0,0,0,0,398
2022-05-02 02:57:01 UTC,9648,1,2,,4,0,0,0,398
2022-05-02 03:57:01 UTC,9649,1,3,,0,0,0,0,398
2022-05-02 04:57:01 UTC,9650,1,4,,0,0,0,0,398
2022-05-02 05:57:01 UTC,9651,23,27,,0,0,0,0,398
2022-05-02 06:57:01 UTC,9652,65,92,,4,0,0,0,398
2022-05-02 07:57:01 UTC,9653,96,196,,0,0,0,0,398
2022-05-02 08:57:01 UTC,9654,156,352,,0,0,0,0,398
2022-05-02 09:57:01 UTC,9655,263,615,,0,0,0,0,398
2022-05-02 10:57:01 UTC,9656,419,1034,,4,0,0,0,398
2022-05-02 11:57:01 UTC,9657,565,1602,,0,0,0,0,398
2022-05-02 12:57:01 UTC,9658,477,2079,,0,0,0,0,398
2022-05-02 13:57:01 UTC,9659,508,2587,,0,0,0,0,398
2022-05-02 14:57:01 UTC,9660,414,3001,,0,0,0,0,398
2022-05-02 15:57:01 UTC,9661,376,3377,,0,0,0,0,398
2022-05-02 16:57:01 UTC,9662,123,3500,,0,0,0,0,398
2022-05-02 17:57:01 UTC,9663,60,3560,,0,0,0,0,398
2022-05-02 18:57:01 UTC,9664,49,3609,,4,0,0,0,398
2022-05-02 19:57:01 UTC,9665,27,3638,,0,0,0,0,398
2022-05-02 20:57:01 UTC,9666,16,3654,,4,0,0,0,398
2022-05-02 21:57:01 UTC,9667,,,3654,,,,,
2022-05-02 22:57:01 UTC,9668,10,10,,0,0,0,0,3663
2022-05-02 23:57:01 UTC,9669,6,16,,0,0,0,0,3663
2022-05-03 00:57:01 UTC,9670,3,19,,0,0,0,0,3663
2022-05-03 01:57:01 UTC,9671,2,21,,0,0,0,0,3663
2022-05-03 02:57:01 UTC,9672,3,24,,4,0,0,0,3663
2022-05-03 03:57:01 UTC,9673,5,29,,0,0,0,0,3663
2022-05-03 04:57:01 UTC,9674,13,42,,0,0,0,0,3663
2022-05-03 05:57:01 UTC,9675,41,83,,0,0,0,0,3663
2022-05-03 06:57:01 UTC,9676,69,152,,4,0,0,0,3663
2022-05-03 07:57:01 UTC,9677,110,266,,0,0,0,0,3663
2022-05-03 08:57:01 UTC,9678,174,440,,0,0,0,0,3663
2022-05-03 09:57:01 UTC,9679,467,907,,0,0,0,0,3663
2022-05-03 10:57:01 UTC,9680,481,1388,,4,0,0,0,3663
2022-05-03 11:57:01 UTC,9681,582,1973,,0,0,0,0,3663
2022-05-03 12:57:01 UTC,9682,580,2553,,0,0,0,0,3663
2022-05-03 13:57:01 UTC,9683,527,3080,,0,0,0,0,3663
2022-05-03 14:57:01 UTC,9684,505,3585,,0,0,0,0,3663
2022-05-03 15:57:01 UTC,9685,388,3973,,0,0,0,0,3663
2022-05-03 16:57:01 UTC,9686,22,3995,,0,0,0,0,3663
2022-05-03 17:57:01 UTC,9687,28,4023,,0,0,0,0,3663
2022-05-03 18:57:01 UTC,9688,15,4038,,0,0,0,0,3663
2022-05-03 19:57:01 UTC,9689,8,4046,,0,0,0,0,3663
2022-05-03 20:57:01 UTC,9690,0,4046,,4,0,0,0,3663
2022-05-03 21:57:01 UTC,9691,,,4046,,,,,
2022-05-03 22:57:01 UTC,9692,0,0,,0,0,0,0,4049
2022-05-03 23:57:01 UTC,9693,0,0,,0,0,0,0,4049
2022-05-04 00:57:01 UTC,9694,0,0,,0,0,0,0,4049
2022-05-04 01:57:01 UTC,9695,0,0,,0,0,0,0,4049
2022-05-04 02:57:01 UTC,9696,1,1,,4,0,0,0,4049
2022-05-04 03:57:01 UTC,9697,4,5,,0,0,0,0,4049
2022-05-04 04:57:01 UTC,9698,5,10,,0,0,0,0,4049
2022-05-04 05:57:01 UTC,9699,42,52,,0,0,0,0,4049
2022-05-04 06:57:01 UTC,9700,52,104,,4,0,0,0,4049
2022-05-04 07:57:01 UTC,9701,48,155,,0,0,0,0,4049
2022-05-04 08:57:01 UTC,9702,48,203,,0,0,0,0,4049
2022-05-04 09:57:01 UTC,9703,63,266,,0,0,0,0,4049
2022-05-04 10:57:01 UTC,9704,160,426,,4,0,0,0,4049
2022-05-04 11:57:01 UTC,9705,339,771,,0,0,0,0,4049
2022-05-04 12:57:01 UTC,9706,251,1022,,0,0,0,0,4049
2022-05-04 13:57:01 UTC,9707,203,1225,,0,0,0,0,4049
2022-05-04 14:57:01 UTC,9708,103,1328,,0,0,0,0,4049
2022-05-04 15:57:01 UTC,9709,64,1392,,0,0,0,0,4049
2022-05-04 16:57:01 UTC,9710,67,1459,,0,0,0,0,4049
2022-05-04 17:57:01 UTC,9711,17,1476,,0,0,0,0,4049
2022-05-04 18:57:01 UTC,9712,7,1483,,4,0,0,0,4049
2022-05-04 19:57:01 UTC,9713,4,1487,,0,0,0,0,4049
2022-05-04 20:57:01 UTC,9714,2,1489,,4,0,0,0,4049
2022-05-04 21:57:01 UTC,9715,,,1489,,,,,
2022-05-04 22:57:01 UTC,9716,2,2,,0,0,0,0,1494
2022-05-04 23:57:01 UTC,9717,2,4,,0,0,0,0,1494
2022-05-05 00:57:01 UTC,9718,0,4,,0,0,0,0,1494
2022-05-05 01:57:01 UTC,9719,1,5,,0,0,0,0,1494
2022-05-05 02:57:01 UTC,9720,0,5,,4,0,0,0,1494
2022-05-05 03:57:01 UTC,9721,1,6,,0,0,0,0,1494
2022-05-05 04:57:01 UTC,9722,3,9,,0,0,0,0,1494
2022-05-05 05:57:01 UTC,9723,30,39,,0,0,0,0,1494
2022-05-05 06:57:01 UTC,9724,50,89,,4,0,0,0,1494
2022-05-05 07:57:01 UTC,9725,41,134,,0,0,0,0,1494
2022-05-05 08:57:01 UTC,9726,47,181,,0,0,0,0,1494
2022-05-05 09:57:01 UTC,9727,34,215,,0,0,0,0,1494
2022-05-05 10:57:01 UTC,9728,46,261,,4,0,0,0,1494
2022-05-05 11:57:01 UTC,9729,60,324,,0,0,0,0,1494
2022-05-05 12:57:01 UTC,9730,82,406,,0,0,0,0,1494
2022-05-05 13:57:01 UTC,9731,67,473,,0,0,0,0,1494
2022-05-05 14:57:01 UTC,9732,68,541,,4,0,0,0,1494
2022-05-05 15:57:01 UTC,9733,45,586,,0,0,0,0,1494
2022-05-05 16:57:01 UTC,9734,58,644,,0,0,0,0,1494
2022-05-05 17:57:01 UTC,9735,49,693,,0,0,0,0,1494
2022-05-05 18:57:01 UTC,9736,23,716,,4,0,0,0,1494
2022-05-05 19:57:01 UTC,9737,17,734,,0,0,0,0,1494
2022-05-05 20:57:01 UTC,9738,11,745,,4,0,0,0,1494
2022-05-05 21:57:01 UTC,9739,,,745,,,,,
2022-05-05 22:57:01 UTC,9740,25,25,,0,0,0,0,826
2022-05-05 23:57:01 UTC,9741,6,31,,0,0,0,0,826
2022-05-06 00:57:01 UTC,9742,4,35,,0,0,0,0,826
2022-05-06 01:57:01 UTC,9743,2,37,,0,0,0,0,826
2022-05-06 02:57:01 UTC,9744,3,40,,4,0,0,0,826
2022-05-06 03:57:01 UTC,9745,7,47,,0,0,0,0,826
2022-05-06 04:57:01 UTC,9746,15,62,,0,0,0,0,826
2022-05-06 05:57:01 UTC,9747,48,110,,0,0,0,0,826
2022-05-06 06:57:01 UTC,9748,45,155,,4,0,0,0,826
2022-05-06 07:57:01 UTC,9749,57,213,,0,0,0,0,826
2022-05-06 08:57:01 UTC,9750,43,256,,0,0,0,0,826
2022-05-06 09:57:01 UTC,9751,42,298,,0,0,0,0,826
2022-05-06 10:57:01 UTC,9752,78,376,,4,0,0,0,826
2022-05-06 11:57:01 UTC,9753,64,440,,0,0,0,0,826
2022-05-06 12:57:01 UTC,9754,49,489,,0,0,0,0,826
2022-05-06 13:57:01 UTC,9755,62,551,,0,0,0,0,826
2022-05-06 14:57:01 UTC,9756,61,612,,4,0,0,0,826
2022-05-06 15:57:01 UTC,9757,70,683,,0,0,0,0,826
2022-05-06 16:57:01 UTC,9758,26,709,,0,0,0,0,826
2022-05-06 17:57:01 UTC,9759,50,759,,0,0,0,0,826
2022-05-06 18:57:01 UTC,9760,24,783,,4,0,0,0,826
2022-05-06 19:57:01 UTC,9761,23,806,,0,0,0,0,826
2022-05-06 20:57:01 UTC,9762,22,828,,4,0,0,0,826
2022-05-06 21:57:01 UTC,9763,,,828,,,,,
2022-05-06 22:57:01 UTC,9764,6,6,,0,0,0,0,842
2022-05-06 23:57:01 UTC,9765,12,18,,0,0,0,0,842
2022-05-07 00:57:01 UTC,9766,9,27,,0,0,0,0,842
2022-05-07 01:57:01 UTC,9767,5,32,,0,0,0,0,842
2022-05-07 02:57:01 UTC,9768,5,37,,4,0,0,0,842
2022-05-07 03:57:01 UTC,9769,9,46,,0,0,0,0,842
2022-05-07 04:57:01 UTC,9770,13,59,,0,0,0,0,842
2022-05-07 05:57:01 UTC,9771,26,85,,0,0,0,0,842
2022-05-07 06:57:01 UTC,9772,45,130,,4,0,0,0,842
2022-05-07 07:57:01 UTC,9773,63,194,,0,0,0,0,842
2022-05-07 08:57:01 UTC,9774,94,288,,0,0,0,0,842
2022-05-07 09:57:01 UTC,9775,79,367,,0,0,0,0,842
2022-05-07 10:57:01 UTC,9776,66,433,,4,0,0,0,842
2022-05-07 11:57:01 UTC,9777,42,475,,0,0,0,0,842
2022-05-07 12:57:01 UTC,9778,37,512,,0,0,0,0,842
2022-05-07 13:57:01 UTC,9779,33,545,,0,0,0,0,842
2022-05-07 14:57:01 UTC,9780,24,569,,4,0,0,0,842
2022-05-07 15:57:01 UTC,9781,32,601,,0,0,0,0,842
2022-05-07 16:57:01 UTC,9782,43,644,,0,0,0,0,842
2022-05-07 17:57:01 UTC,9783,54,698,,0,0,0,0,842
2022-05-07 18:57:01 UTC,9784,42,740,,4,0,0,0,842
2022-05-07 19:57:01 UTC,9785,26,767,,0,0,0,0,842
2022-05-07 20:57:01 UTC,9786,20,787,,4,0,0,0,842
2022-05-07 21:57:01 UTC,9787,,,787,,,,,
2022-05-07 22:57:01 UTC,9788,22,22,,0,0,0,0,818
2022-05-07 23:57:01 UTC,9789,12,34,,0,0,0,0,818
2022-05-08 00:57:01 UTC,9790,7,41,,0,0,0,0,818
2022-05-08 01:57:01 UTC,9791,9,50,,0,0,0,0,818
2022-05-08 02:57:01 UTC,9792,3,53,,4,0,0,0,818
2022-05-08 03:57:01 UTC,9793,4,57,,0,0,0,0,818
2022-05-08 04:57:01 UTC,9794,6,63,,0,0,0,0,818
2022-05-08 05:57:01 UTC,9795,17,80,,0,0,0,0,818
2022-05-08 06:57:01 UTC,9796,21,101,,4,0,0,0,818
2022-05-08 07:57:01 UTC,9797,51,154,,0,0,0,0,818
2022-05-08 08:57:01 UTC,9798,82,236,,0,0,0,0,818
2022-05-08 09:57:01 UTC,9799,95,331,,0,0,0,0,818
2022-05-08 10:57:01 UTC,9800,58,389,,4,0,0,0,818
2022-05-08 11:57:01 UTC,9801,34,423,,0,0,0,0,818
2022-05-08 12:57:01 UTC,9802,17,440,,0,0,0,0,818
2022-05-08 13:57:01 UTC,9803,60,500,,0,0,0,0,818
2022-05-08 14:57:01 UTC,9804,55,555,,0,0,0,0,818
2022-05-08 15:57:01 UTC,9805,32,587,,0,0,0,0,818
2022-05-08 16:57:01 UTC,9806,43,630,,0,0,0,0,818
2022-05-08 17:57:01 UTC,9807,35,665,,0,0,0,0,818
2022-05-08 18:57:01 UTC,9808,33,698,,4,0,0,0,818
2022-05-08 19:57:01 UTC,9809,34,732,,0,0,0,0,818
2022-05-08 20:57:01 UTC,9810,12,744,,4,0,0,0,818
2022-05-08 21:57:01 UTC,9811,,,744,,,,,
