created_at,entry_id,field1,field2,field3,field4,field5,field6,field7,field8
2021-09-01 00:57:01 UTC,3818,0,2,,0,0,0,0,373
2021-09-01 01:57:01 UTC,3819,0,2,,0,0,0,0,373
2021-09-01 02:57:01 UTC,3820,0,2,,4,0,0,0,373
2021-09-01 03:57:01 UTC,3821,1,3,,0,0,0,0,373
2021-09-01 04:57:01 UTC,3822,4,7,,0,0,0,0,373
2021-09-01 05:57:01 UTC,3823,19,26,,0,0,0,0,373
2021-09-01 06:57:01 UTC,3824,19,45,,4,0,0,0,373
2021-09-01 07:57:01 UTC,3825,34,79,,0,0,0,0,373
2021-09-01 08:57:01 UTC,3826,11,90,,0,0,0,0,373
2021-09-01 09:57:01 UTC,3827,11,101,,0,0,0,0,373
2021-09-01 10:57:01 UTC,3828,13,114,,0,0,0,0,373
2021-09-01 11:57:01 UTC,3829,16,130,,0,0,0,0,373
2021-09-01 12:57:01 UTC,3830,12,142,,0,0,0,0,373
2021-09-01 13:57:01 UTC,3831,7,149,,0,0,0,0,373
2021-09-01 14:57:01 UTC,3832,6,155,,0,0,0,0,373
2021-09-01 15:57:01 UTC,3833,19,174,,0,0,0,0,373
2021-09-01 16:57:01 UTC,3834,31,205,,0,0,0,0,373
2021-09-01 17:57:01 UTC,3835,36,241,,0,0,0,0,373
2021-09-01 18:57:01 UTC,3836,21,262,,0,0,0,0,373
2021-09-01 19:57:01 UTC,3837,15,277,,0,0,0,0,373
2021-09-01 20:57:01 UTC,3838,12,289,,4,0,0,0,373
2021-09-01 21:57:01 UTC,3839,,,289,,,,,
2021-09-01 22:57:01 UTC,3840,8,8,,0,0,0,0,301
2021-09-01 23:57:01 UTC,3841,2,10,,0,0,0,0,301
2021-09-02 00:57:01 UTC,3842,0,10,,0,0,0,0,301
2021-09-02 01:57:01 UTC,3843,2,12,,0,0,0,0,301
2021-09-02 02:57:01 UTC,3844,0,12,,4,0,0,0,301
2021-09-02 03:57:01 UTC,3845,2,14,,0,0,0,0,301
2021-09-02 04:57:01 UTC,3846,6,20,,0,0,0,0,301
2021-09-02 05:57:01 UTC,3847,9,29,,0,0,0,0,301
2021-09-02 06:57:01 UTC,3848,17,46,,4,0,0,0,301
2021-09-02 07:57:01 UTC,3849,26,72,,0,0,0,0,301
2021-09-02 08:57:01 UTC,3850,22,94,,0,0,0,0,301
2021-09-02 09:57:01 UTC,3851,11,105,,0,0,0,0,301
2021-09-02 10:57:01 UTC,3852,50,155,,0,0,0,0,301
2021-09-02 11:57:01 UTC,3853,18,173,,0,0,0,0,301
2021-09-02 12:57:01 UTC,3854,10,183,,0,0,0,0,301
2021-09-02 13:57:01 UTC,3855,7,190,,0,0,0,0,301
2021-09-02 14:57:01 UTC,3856,6,196,,0,0,0,0,301
2021-09-02 15:57:01 UTC,3857,15,211,,0,0,0,0,301
2021-09-02 16:57:01 UTC,3858,16,227,,0,0,0,0,301
2021-09-02 17:57:01 UTC,3859,6,233,,0,0,0,0,301
2021-09-02 18:57:01 UTC,3860,4,237,,0,0,0,0,301
2021-09-02 19:57:01 UTC,3861,5,242,,0,0,0,0,301
2021-09-02 20:57:01 UTC,3862,7,249,,4,0,0,0,301
2021-09-02 21:57:01 UTC,3863,,,249,,,,,
2021-09-02 22:57:01 UTC,3864,1,1,,0,0,0,0,250
2021-09-02 23:57:01 UTC,3865,2,3,,0,0,0,0,250
2021-09-03 00:57:01 UTC,3866,0,3,,0,0,0,0,250
2021-09-03 01:57:01 UTC,3867,0,3,,0,0,0,0,250
2021-09-03 02:57:01 UTC,3868,1,4,,0,0,0,0,250
2021-09-03 03:57:01 UTC,3869,0,4,,0,0,0,0,250
2021-09-03 04:57:01 UTC,3870,1,5,,0,0,0,0,250
2021-09-03 05:57:01 UTC,3871,8,13,,0,0,0,0,250
2021-09-03 06:57:01 UTC,3872,7,20,,4,0,0,0,250
2021-09-03 07:57:01 UTC,3873,19,39,,0,0,0,0,250
2021-09-03 08:57:01 UTC,3874,6,45,,0,0,0,0,250
2021-09-03 09:57:01 UTC,3875,2,47,,0,0,0,0,250
2021-09-03 10:57:01 UTC,3876,15,62,,0,0,0,0,250
2021-09-03 11:57:01 UTC,3877,6,68,,0,0,0,0,250
2021-09-03 12:57:01 UTC,3878,19,87,,0,0,0,0,250
2021-09-03 13:57:01 UTC,3879,21,108,,0,0,0,0,250
2021-09-03 14:57:01 UTC,3880,34,142,,0,0,0,0,250
2021-09-03 15:57:01 UTC,3881,27,169,,0,0,0,0,250
2021-09-03 16:57:01 UTC,3882,34,203,,0,0,0,0,250
2021-09-03 17:57:01 UTC,3883,42,245,,0,0,0,0,250
2021-09-03 18:57:01 UTC,3884,28,273,,0,0,0,0,250
2021-09-03 19:57:01 UTC,3885,8,281,,0,0,0,0,250
2021-09-03 20:57:01 UTC,3886,15,296,,4,0,0,0,250
2021-09-03 21:57:01 UTC,3887,,,296,,,,,
2021-09-03 22:57:01 UTC,3888,6,6,,0,0,0,0,301
2021-09-03 23:57:01 UTC,3889,1,7,,0,0,0,0,301
2021-09-04 00:57:01 UTC,3890,3,10,,0,0,0,0,301
2021-09-04 01:57:01 UTC,3891,2,12,,0,0,0,0,301
2021-09-04 02:57:01 UTC,3892,0,12,,4,0,0,0,301
2021-09-04 03:57:01 UTC,3893,2,14,,0,0,0,0,301
2021-09-04 04:57:01 UTC,3894,5,19,,0,0,0,0,301
2021-09-04 05:57:01 UTC,3895,5,24,,0,0,0,0,301
2021-09-04 06:57:01 UTC,3896,10,34,,4,0,0,0,301
2021-09-04 07:57:01 UTC,3897,9,43,,0,0,0,0,301
2021-09-04 08:57:01 UTC,3898,17,60,,0,0,0,0,301
2021-09-04 09:57:01 UTC,3899,13,73,,0,0,0,0,301
2021-09-04 10:57:01 UTC,3900,26,99,,0,0,0,0,301
2021-09-04 11:57:01 UTC,3901,24,123,,0,0,0,0,301
2021-09-04 12:57:01 UTC,3902,8,131,,0,0,0,0,301
2021-09-04 13:57:01 UTC,3903,13,144,,0,0,0,0,301
2021-09-04 14:57:01 UTC,3904,8,152,,0,0,0,0,301
2021-09-04 15:57:01 UTC,3905,16,168,,0,0,0,0,301
2021-09-04 16:57:01 UTC,3906,17,185,,0,0,0,0,301
2021-09-04 17:57:01 UTC,3907,14,199,,0,0,0,0,301
2021-09-04 18:57:01 UTC,3908,8,207,,0,0,0,0,301
2021-09-04 19:57:01 UTC,3909,5,212,,0,0,0,0,301
2021-09-04 20:57:01 UTC,3910,6,218,,4,0,0,0,301
2021-09-04 21:57:01 UTC,3911,,,218,,,,,
2021-09-04 22:57:01 UTC,3912,4,4,,0,0,0,0,223
2021-09-04 23:57:01 UTC,3913,0,4,,0,0,0,0,223
2021-09-05 00:57:01 UTC,3914,1,5,,0,0,0,0,223
2021-09-05 01:57:01 UTC,3915,1,6,,0,0,0,0,223
2021-09-05 02:57:01 UTC,3916,0,6,,0,0,0,0,223
2021-09-05 03:57:01 UTC,3917,0,6,,0,0,0,0,223
2021-09-05 04:57:01 UTC,3918,3,9,,0,0,0,0,223
2021-09-05 05:57:01 UTC,3919,3,12,,0,0,0,0,223
2021-09-05 06:57:01 UTC,3920,13,25,,4,0,0,0,223
2021-09-05 07:57:01 UTC,3921,31,57,,0,0,0,0,223
2021-09-05 08:57:01 UTC,3922,27,84,,0,0,0,0,223
2021-09-05 09:57:01 UTC,3923,13,97,,0,0,0,0,223
2021-09-05 10:57:01 UTC,3924,33,130,,0,0,0,0,223
2021-09-05 11:57:01 UTC,3925,17,147,,0,0,0,0,223
2021-09-05 12:57:01 UTC,3926,4,151,,0,0,0,0,223
2021-09-05 13:57:01 UTC,3927,8,159,,0,0,0,0,223
2021-09-05 14:57:01 UTC,3928,7,166,,0,0,0,0,223
2021-09-05 15:57:01 UTC,3929,23,189,,0,0,0,0,223
2021-09-05 16:57:01 UTC,3930,13,202,,0,0,0,0,223
2021-09-05 17:57:01 UTC,3931,21,223,,0,0,0,0,223
2021-09-05 18:57:01 UTC,3932,8,231,,0,0,0,0,223
2021-09-05 19:57:01 UTC,3933,4,235,,0,0,0,0,223
2021-09-05 20:57:01 UTC,3934,5,240,,4,0,0,0,223
2021-09-05 21:57:01 UTC,3935,,,240,,,,,
2021-09-05 22:57:01 UTC,3936,0,0,,0,0,0,0,243
2021-09-05 23:57:01 UTC,3937,0,0,,0,0,0,0,243
2021-09-06 00:57:01 UTC,3938,0,0,,0,0,0,0,243
2021-09-06 01:57:01 UTC,3939,0,0,,0,0,0,0,243
2021-09-06 02:57:01 UTC,3940,0,0,,4,0,0,0,243
2021-09-06 03:57:01 UTC,3941,0,0,,0,0,0,0,243
2021-09-06 04:57:01 UTC,3942,8,8,,0,0,0,0,243
2021-09-06 05:57:01 UTC,3943,8,16,,0,0,0,0,243
2021-09-06 06:57:01 UTC,3944,13,29,,4,0,0,0,243
2021-09-06 07:57:01 UTC,3945,13,42,,0,0,0,0,243
2021-09-06 08:57:01 UTC,3946,18,60,,0,0,0,0,243
2021-09-06 09:57:01 UTC,3947,19,79,,0,0,0,0,243
2021-09-06 10:57:01 UTC,3948,12,91,,0,0,0,0,243
2021-09-06 11:57:01 UTC,3949,14,105,,0,0,0,0,243
2021-09-06 12:57:01 UTC,3950,25,130,,0,0,0,0,243
2021-09-06 13:57:01 UTC,3951,7,137,,0,0,0,0,243
2021-09-06 14:57:01 UTC,3952,6,143,,0,0,0,0,243
2021-09-06 15:57:01 UTC,3953,16,159,,0,0,0,0,243
2021-09-06 16:57:01 UTC,3954,22,181,,0,0,0,0,243
2021-09-06 17:57:01 UTC,3955,11,192,,0,0,0,0,243
2021-09-06 18:57:01 UTC,3956,3,195,,0,0,0,0,243
2021-09-06 19:57:01 UTC,3957,10,205,,0,0,0,0,243
2021-09-06 20:57:01 UTC,3958,14,219,,4,0,0,0,243
2021-09-06 21:57:01 UTC,3959,,,219,,,,,
2021-09-06 22:57:01 UTC,3960,3,3,,0,0,0,0,223
2021-09-06 23:57:01 UTC,3961,1,4,,0,0,0,0,223
2021-09-07 00:57:01 UTC,3962,0,4,,0,0,0,0,223
2021-09-07 01:57:01 UTC,3963,0,4,,0,0,0,0,223
2021-09-07 02:57:01 UTC,3964,1,5,,4,0,0,0,223
2021-09-07 03:57:01 UTC,3965,2,7,,0,0,0,0,223
2021-09-07 04:57:01 UTC,3966,6,13,,0,0,0,0,223
2021-09-07 05:57:01 UTC,3967,13,26,,0,0,0,0,223
2021-09-07 06:57:01 UTC,3968,13,39,,4,0,0,0,223
2021-09-07 07:57:01 UTC,3969,22,61,,0,0,0,0,223
2021-09-07 08:57:01 UTC,3970,14,75,,0,0,0,0,223
2021-09-07 09:57:01 UTC,3971,10,85,,0,0,0,0,223
2021-09-07 10:57:01 UTC,3972,15,100,,0,0,0,0,223
2021-09-07 11:57:01 UTC,3973,21,121,,0,0,0,0,223
2021-09-07 12:57:01 UTC,3974,5,126,,0,0,0,0,223
2021-09-07 13:57:01 UTC,3975,3,129,,0,0,0,0,223
2021-09-07 14:57:01 UTC,3976,0,129,,0,0,0,0,223
2021-09-07 15:57:01 UTC,3977,5,134,,0,0,0,0,223
2021-09-07 16:57:01 UTC,3978,9,143,,0,0,0,0,223
2021-09-07 17:57:01 UTC,3979,16,159,,0,0,0,0,223
2021-09-07 18:57:01 UTC,3980,16,175,,0,0,0,0,223
2021-09-07 19:57:01 UTC,3981,8,183,,0,0,0,0,223
2021-09-07 20:57:01 UTC,3982,7,190,,4,0,0,0,223
2021-09-07 21:57:01 UTC,3983,,,190,,,,,
2021-09-07 22:57:01 UTC,3984,3,3,,0,0,0,0,197
2021-09-07 23:57:01 UTC,3985,0,3,,0,0,0,0,197
2021-09-08 00:57:01 UTC,3986,3,6,,0,0,0,0,197
2021-09-08 01:57:01 UTC,3987,2,8,,0,0,0,0,197
2021-09-08 02:57:01 UTC,3988,0,8,,4,0,0,0,197
2021-09-08 03:57:01 UTC,3989,1,9,,0,0,0,0,197
2021-09-08 04:57:01 UTC,3990,4,13,,0,0,0,0,197
2021-09-08 05:57:01 UTC,3991,9,22,,0,0,0,0,197
2021-09-08 06:57:01 UTC,3992,13,35,,4,0,0,0,197
2021-09-08 07:57:01 UTC,3993,15,50,,0,0,0,0,197
2021-09-08 08:57:01 UTC,3994,17,67,,0,0,0,0,197
2021-09-08 09:57:01 UTC,3995,28,95,,0,0,0,0,197
2021-09-08 10:57:01 UTC,3996,28,123,,0,0,0,0,197
2021-09-08 11:57:01 UTC,3997,20,143,,0,0,0,0,197
2021-09-08 12:57:01 UTC,3998,10,153,,0,0,0,0,197
2021-09-08 13:57:01 UTC,3999,6,159,,0,0,0,0,197
2021-09-08 14:57:01 UTC,4000,10,169,,0,0,0,0,197
2021-09-08 15:57:01 UTC,4001,17,186,,0,0,0,0,197
2021-09-08 16:57:01 UTC,4002,12,198,,0,0,0,0,197
2021-09-08 17:57:01 UTC,4003,10,208,,0,0,0,0,197
2021-09-08 18:57:01 UTC,4004,5,213,,0,0,0,0,197
2021-09-08 19:57:01 UTC,4005,4,217,,0,0,0,0,197
2021-09-08 20:57:01 UTC,4006,3,220,,4,0,0,0,197
2021-09-08 21:57:01 UTC,4007,,,220,,,,,
