created_at,entry_id,field1,field2,field3,field4,field5,field6,field7,field8
2021-06-01 00:57:01 UTC,1610,2,3,,0,0,0,0,294
2021-06-01 01:57:01 UTC,1611,0,3,,0,0,0,0,294
2021-06-01 02:57:01 UTC,1612,1,4,,4,0,0,0,294
2021-06-01 03:57:01 UTC,1613,1,5,,0,0,0,0,294
2021-06-01 04:57:01 UTC,1614,5,10,,0,0,0,0,294
2021-06-01 05:57:01 UTC,1615,9,19,,0,0,0,0,294
2021-06-01 06:57:01 UTC,1616,36,55,,4,0,0,0,294
2021-06-01 07:57:01 UTC,1617,13,68,,0,0,0,0,294
2021-06-01 08:57:01 UTC,1618,20,88,,0,0,0,0,294
2021-06-01 09:57:01 UTC,1619,22,110,,0,0,0,0,294
2021-06-01 10:57:01 UTC,1620,20,130,,0,0,0,0,294
2021-06-01 11:57:01 UTC,1621,18,148,,0,0,0,0,294
2021-06-01 12:57:01 UTC,1622,20,168,,0,0,0,0,294
2021-06-01 13:57:01 UTC,1623,13,181,,0,0,0,0,294
2021-06-01 14:57:01 UTC,1624,21,202,,0,0,0,0,294
2021-06-01 15:57:01 UTC,1625,23,225,,0,0,0,0,294
2021-06-01 16:57:01 UTC,1626,28,253,,0,0,0,0,294
2021-06-01 17:57:01 UTC,1627,30,283,,0,0,0,0,294
2021-06-01 18:57:01 UTC,1628,16,299,,0,0,0,0,294
2021-06-01 19:57:01 UTC,1629,7,306,,0,0,0,0,294
2021-06-01 20:57:01 UTC,1630,4,310,,4,0,0,0,294
2021-06-01 21:57:01 UTC,1631,,,310,,,,,
2021-06-01 22:57:01 UTC,1632,2,2,,0,0,0,0,314
2021-06-01 23:57:01 UTC,1633,0,2,,0,0,0,0,314
2021-06-02 00:57:01 UTC,1634,0,2,,0,0,0,0,314
2021-06-02 01:57:01 UTC,1635,2,4,,0,0,0,0,314
2021-06-02 02:57:01 UTC,1636,0,4,,4,0,0,0,314
2021-06-02 03:57:01 UTC,1637,0,4,,0,0,0,0,314
2021-06-02 04:57:01 UTC,1638,2,6,,0,0,0,0,314
2021-06-02 05:57:01 UTC,1639,16,22,,0,0,0,0,314
2021-06-02 06:57:01 UTC,1640,15,37,,4,0,0,0,314
2021-06-02 07:57:01 UTC,1641,21,58,,0,0,0,0,314
2021-06-02 08:57:01 UTC,1642,23,81,,0,0,0,0,314
2021-06-02 09:57:01 UTC,1643,28,109,,0,0,0,0,314
2021-06-02 10:57:01 UTC,1644,31,140,,0,0,0,0,314
2021-06-02 11:57:01 UTC,1645,21,161,,0,0,0,0,314
2021-06-02 12:57:01 UTC,1646,19,180,,0,0,0,0,314
2021-06-02 13:57:01 UTC,1647,19,199,,0,0,0,0,314
2021-06-02 14:57:01 UTC,1648,17,216,,0,0,0,0,314
2021-06-02 15:57:01 UTC,1649,23,239,,0,0,0,0,314
2021-06-02 16:57:01 UTC,1650,28,267,,0,0,0,0,314
2021-06-02 17:57:01 UTC,1651,13,280,,0,0,0,0,314
2021-06-02 18:57:01 UTC,1652,10,290,,0,0,0,0,314
2021-06-02 19:57:01 UTC,1653,5,295,,0,0,0,0,314
2021-06-02 20:57:01 UTC,1654,2,297,,4,0,0,0,314
2021-06-02 21:57:01 UTC,1655,,,297,,,,,
2021-06-02 22:57:01 UTC,1656,1,1,,0,0,0,0,299
2021-06-02 23:57:01 UTC,1657,1,2,,0,0,0,0,299
2021-06-03 00:57:01 UTC,1658,0,2,,0,0,0,0,299
2021-06-03 01:57:01 UTC,1659,0,2,,0,0,0,0,299
2021-06-03 02:57:01 UTC,1660,0,2,,4,0,0,0,299
2021-06-03 03:57:01 UTC,1661,1,3,,0,0,0,0,299
2021-06-03 04:57:01 UTC,1662,2,5,,0,0,0,0,299
2021-06-03 05:57:01 UTC,1663,10,15,,0,0,0,0,299
2021-06-03 06:57:01 UTC,1664,14,29,,4,0,0,0,299
2021-06-03 07:57:01 UTC,1665,26,55,,0,0,0,0,299
2021-06-03 08:57:01 UTC,1666,35,90,,0,0,0,0,299
2021-06-03 09:57:01 UTC,1667,24,114,,0,0,0,0,299
2021-06-03 10:57:01 UTC,1668,26,140,,0,0,0,0,299
2021-06-03 11:57:01 UTC,1669,24,164,,0,0,0,0,299
2021-06-03 12:57:01 UTC,1670,12,176,,0,0,0,0,299
2021-06-03 13:57:01 UTC,1671,20,196,,0,0,0,0,299
2021-06-03 14:57:01 UTC,1672,31,227,,0,0,0,0,299
2021-06-03 15:57:01 UTC,1673,22,249,,0,0,0,2,299
2021-06-03 16:57:01 UTC,1674,41,290,,0,0,0,2,299
2021-06-03 17:57:01 UTC,1675,29,319,,0,0,0,2,299
2021-06-03 18:57:01 UTC,1676,17,336,,0,0,0,2,299
2021-06-03 19:57:01 UTC,1677,9,345,,0,0,0,3,299
2021-06-03 20:57:01 UTC,1678,4,349,,0,0,0,3,299
2021-06-03 21:57:01 UTC,1679,,,349,,,,,
2021-06-03 22:57:01 UTC,1680,1,1,,0,0,0,0,350
2021-06-03 23:57:01 UTC,1681,0,1,,0,0,0,0,350
2021-06-04 00:57:01 UTC,1682,0,1,,0,0,0,0,350
2021-06-04 01:57:01 UTC,1683,0,1,,0,0,0,0,350
2021-06-04 02:57:01 UTC,1684,1,2,,4,0,0,0,350
2021-06-04 03:57:01 UTC,1685,1,3,,0,0,0,0,350
2021-06-04 04:57:01 UTC,1686,3,6,,0,0,0,0,350
2021-06-04 05:57:01 UTC,1687,15,21,,0,0,0,0,350
2021-06-04 06:57:01 UTC,1688,21,42,,4,0,0,0,350
2021-06-04 07:57:01 UTC,1689,35,77,,0,0,0,0,350
2021-06-04 08:57:01 UTC,1690,19,96,,0,0,0,0,350
2021-06-04 09:57:01 UTC,1691,18,114,,0,0,0,0,350
2021-06-04 10:57:01 UTC,1692,16,130,,0,0,0,0,350
2021-06-04 11:57:01 UTC,1693,29,159,,0,0,0,0,350
2021-06-04 12:57:01 UTC,1694,41,200,,0,0,0,0,350
2021-06-04 13:57:01 UTC,1695,24,224,,0,0,0,0,350
2021-06-04 14:57:01 UTC,1696,24,248,,0,0,0,0,350
2021-06-04 15:57:01 UTC,1697,29,277,,0,0,0,0,350
2021-06-04 16:57:01 UTC,1698,29,306,,0,0,0,0,350
2021-06-04 17:57:01 UTC,1699,36,342,,0,0,0,0,350
2021-06-04 18:57:01 UTC,1700,19,361,,0,0,0,0,350
2021-06-04 19:57:01 UTC,1701,7,368,,0,0,0,0,350
2021-06-04 20:57:01 UTC,1702,7,375,,4,0,0,0,350
2021-06-04 21:57:01 UTC,1703,,,375,,,,,
2021-06-04 22:57:01 UTC,1704,3,3,,0,0,0,0,381
2021-06-04 23:57:01 UTC,1705,0,3,,0,0,0,0,381
2021-06-05 00:57:01 UTC,1706,2,5,,0,0,0,0,381
2021-06-05 01:57:01 UTC,1707,0,5,,0,0,0,0,381
2021-06-05 02:57:01 UTC,1708,0,5,,4,0,0,0,381
2021-06-05 03:57:01 UTC,1709,0,5,,0,0,0,0,381
2021-06-05 04:57:01 UTC,1710,4,9,,0,0,0,0,381
2021-06-05 05:57:01 UTC,1711,4,13,,0,0,0,0,381
2021-06-05 06:57:01 UTC,1712,9,22,,4,0,0,0,381
2021-06-05 07:57:01 UTC,1713,9,33,,0,0,0,0,381
2021-06-05 08:57:01 UTC,1714,17,50,,0,0,0,0,381
2021-06-05 09:57:01 UTC,1715,18,68,,0,0,0,0,381
2021-06-05 10:57:01 UTC,1716,36,104,,0,0,0,0,381
2021-06-05 11:57:01 UTC,1717,15,119,,0,0,0,0,381
2021-06-05 12:57:01 UTC,1718,14,133,,0,0,0,0,381
2021-06-05 13:57:01 UTC,1719,8,141,,0,0,0,0,381
2021-06-05 14:57:01 UTC,1720,18,159,,0,0,0,0,381
2021-06-05 15:57:01 UTC,1721,18,177,,0,0,0,0,381
2021-06-05 16:57:01 UTC,1722,19,196,,0,0,0,0,381
2021-06-05 17:57:01 UTC,1723,20,216,,0,0,0,0,381
2021-06-05 18:57:01 UTC,1724,10,226,,0,0,0,0,381
2021-06-05 19:57:01 UTC,1725,11,237,,0,0,0,0,381
2021-06-05 20:57:01 UTC,1726,10,247,,4,0,0,0,381
2021-06-05 21:57:01 UTC,1727,,,247,,,,,
2021-06-05 22:57:01 UTC,1728,0,0,,0,0,0,0,251
2021-06-05 23:57:01 UTC,1729,1,1,,0,0,0,0,251
2021-06-06 00:57:01 UTC,1730,0,1,,0,0,0,0,251
2021-06-06 01:57:01 UTC,1731,1,2,,0,0,0,0,251
2021-06-06 02:57:01 UTC,1732,0,2,,4,0,0,0,251
2021-06-06 03:57:01 UTC,1733,0,2,,0,0,0,0,251
2021-06-06 04:57:01 UTC,1734,6,8,,0,0,0,0,251
2021-06-06 05:57:01 UTC,1735,6,14,,0,0,0,0,251
2021-06-06 06:57:01 UTC,1736,7,21,,4,0,0,0,251
2021-06-06 07:57:01 UTC,1737,10,32,,0,0,0,0,251
2021-06-06 08:57:01 UTC,1738,9,41,,0,0,0,0,251
2021-06-06 09:57:01 UTC,1739,10,51,,0,0,0,0,251
2021-06-06 10:57:01 UTC,1740,12,63,,0,0,0,0,251
2021-06-06 11:57:01 UTC,1741,15,78,,0,0,0,0,251
2021-06-06 12:57:01 UTC,1742,17,95,,0,0,0,0,251
2021-06-06 13:57:01 UTC,1743,10,105,,0,0,0,0,251
2021-06-06 14:57:01 UTC,1744,26,131,,0,0,0,0,251
2021-06-06 15:57:01 UTC,1745,20,151,,0,0,0,0,251
2021-06-06 16:57:01 UTC,1746,5,156,,0,0,0,0,251
2021-06-06 17:57:01 UTC,1747,5,161,,0,0,0,0,251
2021-06-06 18:57:01 UTC,1748,3,164,,4,0,0,0,251
2021-06-06 19:57:01 UTC,1749,3,167,,0,0,0,0,251
2021-06-06 20:57:01 UTC,1750,2,169,,4,0,0,0,251
2021-06-06 21:57:01 UTC,1751,,,169,,,,,
2021-06-06 22:57:01 UTC,1752,2,2,,0,0,0,0,170
2021-06-06 23:57:01 UTC,1753,0,2,,0,0,0,0,170
2021-06-07 00:57:01 UTC,1754,0,2,,0,0,0,0,170
2021-06-07 01:57:01 UTC,1755,0,2,,0,0,0,0,170
2021-06-07 02:57:01 UTC,1756,0,2,,4,0,0,0,170
2021-06-07 03:57:01 UTC,1757,1,3,,0,0,0,0,170
2021-06-07 04:57:01 UTC,1758,6,9,,0,0,0,0,170
2021-06-07 05:57:01 UTC,1759,11,20,,0,0,0,0,170
2021-06-07 06:57:01 UTC,1760,12,32,,4,0,0,0,170
2021-06-07 07:57:01 UTC,1761,14,48,,0,0,0,0,170
2021-06-07 08:57:01 UTC,1762,15,63,,0,0,0,0,170
2021-06-07 09:57:01 UTC,1763,14,77,,0,0,0,0,170
2021-06-07 10:57:01 UTC,1764,18,95,,0,0,0,0,170
2021-06-07 11:57:01 UTC,1765,16,111,,0,0,0,0,170
2021-06-07 12:57:01 UTC,1766,13,124,,0,0,0,0,170
2021-06-07 13:57:01 UTC,1767,14,138,,0,0,0,0,170
2021-06-07 14:57:01 UTC,1768,19,157,,0,0,0,0,170
2021-06-07 15:57:01 UTC,1769,29,186,,0,0,0,0,170
2021-06-07 16:57:01 UTC,1770,26,212,,0,0,0,0,170
2021-06-07 17:57:01 UTC,1771,20,232,,0,0,0,0,170
2021-06-07 18:57:01 UTC,1772,10,242,,0,0,0,0,170
2021-06-07 19:57:01 UTC,1773,9,251,,0,0,0,0,170
2021-06-07 20:57:01 UTC,1774,4,255,,4,0,0,0,170
2021-06-07 21:57:01 UTC,1775,,,255,,,,,
2021-06-07 22:57:01 UTC,1776,1,1,,0,0,0,0,257
2021-06-07 23:57:01 UTC,1777,0,1,,0,0,0,0,257
2021-06-08 00:57:01 UTC,1778,0,1,,0,0,0,0,257
2021-06-08 01:57:01 UTC,1779,0,1,,0,0,0,0,257
2021-06-08 02:57:01 UTC,1780,0,1,,4,0,0,0,257
2021-06-08 03:57:01 UTC,1781,0,1,,0,0,0,0,257
2021-06-08 04:57:01 UTC,1782,3,4,,0,0,0,0,257
2021-06-08 05:57:01 UTC,1783,15,19,,0,0,0,0,257
2021-06-08 06:57:01 UTC,1784,15,34,,4,0,0,0,257
2021-06-08 07:57:01 UTC,1785,15,49,,0,0,0,0,257
2021-06-08 08:57:01 UTC,1786,21,70,,0,0,0,0,257
2021-06-08 09:57:01 UTC,1787,38,108,,0,0,0,0,257
2021-06-08 10:57:01 UTC,1788,27,135,,0,0,0,0,257
2021-06-08 11:57:01 UTC,1789,4,139,,0,0,0,0,257
2021-06-08 12:57:01 UTC,1790,4,143,,0,0,0,0,257
2021-06-08 13:57:01 UTC,1791,1,144,,0,0,0,0,257
2021-06-08 14:57:01 UTC,1792,1,145,,4,0,0,0,257
2021-06-08 15:57:01 UTC,1793,9,154,,0,0,1,0,257
2021-06-08 16:57:01 UTC,1794,10,164,,0,0,1,0,257
2021-06-08 17:57:01 UTC,1795,10,174,,0,0,1,0,257
2021-06-08 18:57:01 UTC,1796,8,182,,4,0,1,0,257
2021-06-08 19:57:01 UTC,1797,8,190,,0,0,1,0,257
2021-06-08 20:57:01 UTC,1798,2,192,,4,0,1,0,257
2021-06-08 21:57:01 UTC,1799,,,192,,,,,
2021-06-08 22:57:01 UTC,1800,1,1,,0,0,0,0,193
2021-06-08 23:57:01 UTC,1801,1,2,,0,0,0,0,193
2021-06-09 00:57:01 UTC,1802,0,2,,0,0,0,0,193
2021-06-09 01:57:01 UTC,1803,0,2,,0,0,0,0,193
2021-06-09 02:57:01 UTC,1804,0,2,,4,0,0,0,193
2021-06-09 03:57:01 UTC,1805,1,3,,0,0,0,0,193
2021-06-09 04:57:01 UTC,1806,5,8,,0,0,0,0,193
2021-06-09 05:57:01 UTC,1807,9,17,,0,0,0,0,193
2021-06-09 06:57:01 UTC,1808,22,39,,4,0,0,0,193
2021-06-09 07:57:01 UTC,1809,13,52,,0,0,0,0,193
2021-06-09 08:57:01 UTC,1810,25,77,,0,0,0,0,193
2021-06-09 09:57:01 UTC,1811,16,93,,0,0,0,0,193
2021-06-09 10:57:01 UTC,1812,27,120,,0,0,0,0,193
2021-06-09 11:57:01 UTC,1813,20,140,,0,0,0,0,193
2021-06-09 12:57:01 UTC,1814,22,162,,0,0,0,0,193
2021-06-09 13:57:01 UTC,1815,21,183,,0,0,0,0,193
2021-06-09 14:57:01 UTC,1816,16,199,,0,0,0,0,193
2021-06-09 15:57:01 UTC,1817,6,205,,0,0,0,0,193
2021-06-09 16:57:01 UTC,1818,6,211,,0,0,0,0,193
2021-06-09 17:57:01 UTC,1819,8,219,,0,0,0,0,193
2021-06-09 18:57:01 UTC,1820,6,225,,4,0,0,0,193
2021-06-09 19:57:01 UTC,1821,2,227,,0,0,0,0,193
2021-06-09 20:57:01 UTC,1822,4,231,,4,0,0,0,193
2021-06-09 21:57:01 UTC,1823,,,231,,,,,
2021-06-09 22:57:01 UTC,1824,0,0,,0,0,0,0,233
2021-06-09 23:57:01 UTC,1825,0,0,,0,0,0,0,233
2021-06-10 00:57:01 UTC,1826,1,1,,0,0,0,0,233
2021-06-10 01:57:01 UTC,1827,0,1,,0,0,0,0,233
2021-06-10 02:57:01 UTC,1828,0,1,,4,0,0,0,233
2021-06-10 03:57:01 UTC,1829,1,2,,0,0,0,0,233
2021-06-10 04:57:01 UTC,1830,6,8,,0,0,0,0,233
2021-06-10 05:57:01 UTC,1831,8,16,,0,0,0,0,233
2021-06-10 06:57:01 UTC,1832,14,30,,4,0,0,0,233
2021-06-10 07:57:01 UTC,1833,24,54,,0,0,0,0,233
2021-06-10 08:57:01 UTC,1834,43,97,,0,0,0,0,233
2021-06-10 09:57:01 UTC,1835,36,133,,0,0,0,0,233
2021-06-10 10:57:01 UTC,1836,32,165,,0,0,0,0,233
2021-06-10 11:57:01 UTC,1837,34,199,,0,0,0,0,233
2021-06-10 12:57:01 UTC,1838,19,218,,0,0,0,0,233
2021-06-10 13:57:01 UTC,1839,19,237,,0,0,0,0,233
2021-06-10 14:57:01 UTC,1840,26,263,,0,0,0,0,233
2021-06-10 15:57:01 UTC,1841,23,286,,0,0,0,0,233
2021-06-10 16:57:01 UTC,1842,28,314,,0,0,0,0,233
2021-06-10 17:57:01 UTC,1843,17,331,,0,0,0,0,233
2021-06-10 18:57:01 UTC,1844,6,337,,0,0,0,0,233
2021-06-10 19:57:01 UTC,1845,5,342,,0,0,0,0,233
2021-06-10 20:57:01 UTC,1846,3,345,,4,0,0,0,233
2021-06-10 21:57:01 UTC,1847,,,345,,,,,
