created_at,entry_id,field1,field2,field3,field4,field5,field6,field7,field8
2021-10-01 00:57:01 UTC,4535,1,2,,0,0,0,0,209
2021-10-01 01:57:01 UTC,4536,0,2,,0,0,0,0,209
2021-10-01 02:57:01 UTC,4537,0,2,,4,0,0,0,209
2021-10-01 03:57:01 UTC,4538,0,2,,0,0,0,0,209
2021-10-01 04:57:01 UTC,4539,3,5,,0,0,0,0,209
2021-10-01 05:57:01 UTC,4540,13,18,,0,0,0,0,209
2021-10-01 06:57:01 UTC,4541,13,31,,4,0,0,0,209
2021-10-01 07:57:01 UTC,4542,11,44,,0,0,0,0,209
2021-10-01 08:57:01 UTC,4543,25,69,,0,0,0,0,209
2021-10-01 09:57:01 UTC,4544,19,88,,0,0,0,0,209
2021-10-01 10:57:01 UTC,4545,13,101,,0,0,0,0,209
2021-10-01 11:57:01 UTC,4546,24,125,,0,0,0,0,209
2021-10-01 12:57:01 UTC,4547,9,134,,0,0,0,0,209
2021-10-01 13:57:01 UTC,4548,6,140,,0,0,0,0,209
2021-10-01 14:57:01 UTC,4549,13,153,,0,0,0,0,209
2021-10-01 15:57:01 UTC,4550,7,160,,0,0,0,0,209
2021-10-01 16:57:01 UTC,4551,16,176,,0,0,0,0,209
2021-10-01 17:57:01 UTC,4552,15,191,,0,0,0,0,209
2021-10-01 18:57:01 UTC,4553,4,195,,0,0,0,0,209
2021-10-01 19:57:01 UTC,4554,2,197,,0,0,0,0,209
2021-10-01 20:57:01 UTC,4555,6,203,,4,0,0,0,209
2021-10-01 21:57:01 UTC,4556,,,203,,,,,
2021-10-01 22:57:01 UTC,4557,4,4,,0,0,0,0,210
2021-10-01 23:57:01 UTC,4558,0,4,,0,0,0,0,210
2021-10-02 00:57:01 UTC,4559,2,6,,0,0,0,0,210
2021-10-02 01:57:01 UTC,4560,1,7,,0,0,0,0,210
2021-10-02 02:57:01 UTC,4561,1,8,,4,0,0,0,210
2021-10-02 03:57:01 UTC,4562,1,9,,0,0,0,0,210
2021-10-02 04:57:01 UTC,4563,2,11,,0,0,0,0,210
2021-10-02 05:57:01 UTC,4564,3,14,,0,0,0,0,210
2021-10-02 06:57:01 UTC,4565,8,22,,4,0,0,0,210
2021-10-02 07:57:01 UTC,4566,7,29,,0,0,0,0,210
2021-10-02 08:57:01 UTC,4567,21,50,,0,0,0,0,210
2021-10-02 09:57:01 UTC,4568,23,73,,0,0,0,0,210
2021-10-02 10:57:01 UTC,4569,11,84,,4,0,0,0,210
2021-10-02 11:57:01 UTC,4570,9,93,,0,0,0,0,210
2021-10-02 12:57:01 UTC,4571,5,98,,0,0,0,0,210
2021-10-02 13:57:01 UTC,4572,4,102,,0,0,0,0,210
2021-10-02 14:57:01 UTC,4573,3,105,,0,0,0,0,210
2021-10-02 15:57:01 UTC,4574,24,129,,0,0,0,0,210
2021-10-02 16:57:01 UTC,4575,11,140,,0,0,0,0,210
2021-10-02 17:57:01 UTC,4576,28,168,,0,0,0,0,210
2021-10-02 18:57:01 UTC,4577,9,177,,0,0,0,0,210
2021-10-02 19:57:01 UTC,4578,3,180,,0,0,0,0,210
2021-10-02 20:57:01 UTC,4579,4,184,,4,0,0,0,210
2021-10-02 21:57:01 UTC,4580,,,184,,,,,
2021-10-02 22:57:01 UTC,4581,3,3,,0,0,0,0,188
2021-10-02 23:57:01 UTC,4582,4,7,,0,0,0,0,188
2021-10-03 00:57:01 UTC,4583,2,9,,0,0,0,0,188
2021-10-03 01:57:01 UTC,4584,1,10,,0,0,0,0,188
2021-10-03 02:57:01 UTC,4585,1,11,,4,0,0,0,188
2021-10-03 03:57:01 UTC,4586,1,12,,0,0,0,0,188
2021-10-03 04:57:01 UTC,4587,2,14,,0,0,0,0,188
2021-10-03 05:57:01 UTC,4588,14,28,,0,0,0,0,188
2021-10-03 06:57:01 UTC,4589,12,40,,4,0,0,0,188
2021-10-03 07:57:01 UTC,4590,18,58,,0,0,0,0,188
2021-10-03 08:57:01 UTC,4591,25,83,,0,0,0,0,188
2021-10-03 09:57:01 UTC,4592,19,102,,0,0,0,0,188
2021-10-03 10:57:01 UTC,4593,23,125,,0,0,0,0,188
2021-10-03 11:57:01 UTC,4594,6,131,,0,0,0,0,188
2021-10-03 12:57:01 UTC,4595,10,141,,0,0,0,0,188
2021-10-03 13:57:01 UTC,4596,3,144,,0,0,0,0,188
2021-10-03 14:57:01 UTC,4597,4,148,,0,0,0,0,188
2021-10-03 15:57:01 UTC,4598,11,159,,0,0,0,0,188
2021-10-03 16:57:01 UTC,4599,11,170,,0,0,0,0,188
2021-10-03 17:57:01 UTC,4600,8,178,,0,0,0,0,188
2021-10-03 18:57:01 UTC,4601,4,182,,0,0,0,0,188
2021-10-03 19:57:01 UTC,4602,5,187,,0,0,0,0,188
2021-10-03 20:57:01 UTC,4603,7,194,,4,0,0,0,188
2021-10-03 21:57:01 UTC,4604,,,194,,,,,
2021-10-03 22:57:01 UTC,4605,2,2,,0,0,0,0,203
2021-10-03 23:57:01 UTC,4606,0,2,,0,0,0,0,203
2021-10-04 00:57:01 UTC,4607,0,2,,0,0,0,0,203
2021-10-04 01:57:01 UTC,4608,3,5,,0,0,0,0,203
2021-10-04 02:57:01 UTC,4609,0,5,,4,0,0,0,203
2021-10-04 03:57:01 UTC,4610,0,5,,0,0,0,0,203
2021-10-04 04:57:01 UTC,4611,4,9,,0,0,0,0,203
2021-10-04 05:57:01 UTC,4612,14,23,,0,0,0,0,203
2021-10-04 06:57:01 UTC,4613,8,31,,4,0,0,0,203
2021-10-04 07:57:01 UTC,4614,11,42,,0,0,0,0,203
2021-10-04 08:57:01 UTC,4615,14,56,,0,0,0,0,203
2021-10-04 09:57:01 UTC,4616,28,84,,0,0,0,0,203
2021-10-04 10:57:01 UTC,4617,21,105,,0,0,0,0,203
2021-10-04 11:57:01 UTC,4618,24,129,,0,0,0,0,203
2021-10-04 12:57:01 UTC,4619,5,134,,0,0,0,0,203
2021-10-04 13:57:01 UTC,4620,5,139,,0,0,0,0,203
2021-10-04 14:57:01 UTC,4621,16,155,,0,0,0,0,203
2021-10-04 15:57:01 UTC,4622,9,164,,0,0,0,0,203
2021-10-04 16:57:01 UTC,4623,12,176,,0,0,0,0,203
2021-10-04 17:57:01 UTC,4624,23,199,,0,0,0,0,203
2021-10-04 18:57:01 UTC,4625,4,203,,0,0,0,0,203
2021-10-04 19:57:01 UTC,4626,4,207,,0,0,0,0,203
2021-10-04 20:57:01 UTC,4627,1,208,,4,0,0,0,203
2021-10-04 21:57:01 UTC,4628,,,208,,,,,
2021-10-04 22:57:01 UTC,4629,1,1,,0,0,0,0,214
2021-10-04 23:57:01 UTC,4630,2,3,,0,0,0,0,214
2021-10-05 00:57:01 UTC,4631,0,3,,0,0,0,0,214
2021-10-05 01:57:01 UTC,4632,0,3,,0,0,0,0,214
2021-10-05 02:57:01 UTC,4633,1,4,,4,0,0,0,214
2021-10-05 03:57:01 UTC,4634,0,4,,0,0,0,0,214
2021-10-05 04:57:01 UTC,4635,10,14,,0,0,0,0,214
2021-10-05 05:57:01 UTC,4636,7,21,,0,0,0,0,214
2021-10-05 06:57:01 UTC,4637,13,34,,4,0,0,0,214
2021-10-05 07:57:01 UTC,4638,5,39,,0,0,0,0,214
2021-10-05 08:57:01 UTC,4639,4,43,,0,0,0,0,214
2021-10-05 09:57:01 UTC,4640,10,53,,0,0,0,0,214
2021-10-05 10:57:01 UTC,4641,16,69,,4,0,0,0,214
2021-10-05 11:57:01 UTC,4642,21,90,,0,0,0,0,214
2021-10-05 12:57:01 UTC,4643,11,101,,0,0,0,0,214
2021-10-05 13:57:01 UTC,4644,14,115,,0,0,0,0,214
2021-10-05 14:57:01 UTC,4645,13,128,,0,0,0,0,214
2021-10-05 15:57:01 UTC,4646,18,146,,0,0,0,0,214
2021-10-05 16:57:01 UTC,4647,17,163,,0,0,0,0,214
2021-10-05 17:57:01 UTC,4648,14,177,,0,0,0,0,214
2021-10-05 18:57:01 UTC,4649,6,183,,4,0,0,0,214
2021-10-05 19:57:01 UTC,4650,5,188,,0,0,0,0,214
2021-10-05 20:57:01 UTC,4651,4,192,,4,0,0,0,214
2021-10-05 21:57:01 UTC,4652,,,192,,,,,
2021-10-05 22:57:01 UTC,4653,4,4,,0,0,0,0,194
2021-10-05 23:57:01 UTC,4654,1,5,,0,0,0,0,194
2021-10-06 00:57:01 UTC,4655,2,7,,0,0,0,0,194
2021-10-06 01:57:01 UTC,4656,1,8,,0,0,0,0,194
2021-10-06 02:57:01 UTC,4657,0,8,,4,0,0,0,194
2021-10-06 03:57:01 UTC,4658,0,8,,0,0,0,0,194
2021-10-06 04:57:01 UTC,4659,8,16,,0,0,0,0,194
2021-10-06 05:57:01 UTC,4660,7,23,,0,0,0,0,194
2021-10-06 06:57:01 UTC,4661,10,33,,4,0,0,0,194
2021-10-06 07:57:01 UTC,4662,5,38,,0,0,0,0,194
2021-10-06 08:57:01 UTC,4663,6,44,,0,0,0,0,194
2021-10-06 09:57:01 UTC,4664,15,59,,0,0,0,0,194
2021-10-06 10:57:01 UTC,4665,2,61,,4,0,0,0,194
2021-10-06 11:57:01 UTC,4666,6,67,,0,0,0,0,194
2021-10-06 12:57:01 UTC,4667,10,77,,0,0,0,0,194
2021-10-06 13:57:01 UTC,4668,8,85,,0,0,0,0,194
2021-10-06 14:57:01 UTC,4669,10,95,,4,0,0,0,194
2021-10-06 15:57:01 UTC,4670,12,107,,0,0,0,0,194
2021-10-06 16:57:01 UTC,4671,9,116,,0,0,0,0,194
2021-10-06 17:57:01 UTC,4672,11,127,,0,0,0,0,194
2021-10-06 18:57:01 UTC,4673,11,138,,4,0,0,0,194
2021-10-06 19:57:01 UTC,4674,4,142,,0,0,0,0,194
2021-10-06 20:57:01 UTC,4675,9,151,,4,0,0,0,194
2021-10-06 21:57:01 UTC,4676,,,151,,,,,
2021-10-06 22:57:01 UTC,4677,1,1,,0,0,0,0,156
2021-10-06 23:57:01 UTC,4678,0,1,,0,0,0,0,156
2021-10-07 00:57:01 UTC,4679,0,1,,0,0,0,0,156
2021-10-07 01:57:01 UTC,4680,1,2,,0,0,0,0,156
2021-10-07 02:57:01 UTC,4681,0,2,,4,0,0,0,156
2021-10-07 03:57:01 UTC,4682,1,3,,0,0,0,0,156
2021-10-07 04:57:01 UTC,4683,7,10,,0,0,0,0,156
2021-10-07 05:57:01 UTC,4684,20,30,,0,0,0,0,156
2021-10-07 06:57:01 UTC,4685,15,45,,4,0,0,0,156
2021-10-07 07:57:01 UTC,4686,24,70,,0,0,0,0,156
2021-10-07 08:57:01 UTC,4687,25,95,,0,0,0,0,156
2021-10-07 09:57:01 UTC,4688,27,122,,0,0,0,0,156
2021-10-07 10:57:01 UTC,4689,25,147,,4,0,0,0,156
2021-10-07 11:57:01 UTC,4690,31,178,,0,0,0,0,156
2021-10-07 12:57:01 UTC,4691,15,193,,0,0,0,0,156
2021-10-07 13:57:01 UTC,4692,11,204,,0,0,0,0,156
2021-10-07 14:57:01 UTC,4693,14,218,,4,0,0,0,156
2021-10-07 15:57:01 UTC,4694,11,230,,0,0,0,0,156
2021-10-07 16:57:01 UTC,4695,10,240,,0,0,0,0,156
2021-10-07 17:57:01 UTC,4696,9,249,,0,0,0,0,156
2021-10-07 18:57:01 UTC,4697,7,256,,4,0,0,0,156
2021-10-07 19:57:01 UTC,4698,6,263,,0,0,0,0,156
2021-10-07 20:57:01 UTC,4699,4,267,,4,0,0,0,156
2021-10-07 21:57:01 UTC,4700,,,267,,,,,
2021-10-07 22:57:01 UTC,4701,1,1,,0,0,0,0,270
2021-10-07 23:57:01 UTC,4702,2,3,,0,0,0,0,270
2021-10-08 00:57:01 UTC,4703,0,3,,0,0,0,0,270
2021-10-08 01:57:01 UTC,4704,0,3,,0,0,0,0,270
2021-10-08 02:57:01 UTC,4705,0,3,,4,0,0,0,270
2021-10-08 03:57:01 UTC,4706,0,3,,0,0,0,0,270
2021-10-08 04:57:01 UTC,4707,9,12,,0,0,0,0,270
2021-10-08 05:57:01 UTC,4708,62,74,,0,0,0,0,270
2021-10-08 06:57:01 UTC,4709,12,86,,4,0,0,0,270
2021-10-08 07:57:01 UTC,4710,13,99,,0,0,0,0,270
2021-10-08 08:57:01 UTC,4711,10,109,,0,0,0,0,270
2021-10-08 09:57:01 UTC,4712,9,118,,0,0,0,0,270
2021-10-08 10:57:01 UTC,4713,11,129,,4,0,0,0,270
2021-10-08 11:57:01 UTC,4714,4,133,,0,0,0,0,270
2021-10-08 12:57:01 UTC,4715,23,156,,0,0,0,0,270
2021-10-08 13:57:01 UTC,4716,13,169,,0,0,0,0,270
2021-10-08 14:57:01 UTC,4717,10,179,,4,0,0,0,270
2021-10-08 15:57:01 UTC,4718,13,192,,0,0,0,0,270
2021-10-08 16:57:01 UTC,4719,15,207,,0,0,0,0,270
2021-10-08 17:57:01 UTC,4720,15,222,,0,0,0,0,270
2021-10-08 18:57:01 UTC,4721,2,224,,4,0,0,0,270
2021-10-08 19:57:01 UTC,4722,5,229,,0,0,0,0,270
2021-10-08 20:57:01 UTC,4723,1,230,,4,0,0,0,270
2021-10-08 21:57:01 UTC,4724,,,230,,,,,
2021-10-08 22:57:01 UTC,4725,4,4,,0,0,0,0,235
2021-10-08 23:57:01 UTC,4726,3,7,,0,0,0,0,235
2021-10-09 00:57:01 UTC,4727,1,8,,0,0,0,0,235
2021-10-09 01:57:01 UTC,4728,1,9,,0,0,0,0,235
2021-10-09 02:57:01 UTC,4729,0,9,,4,0,0,0,235
2021-10-09 03:57:01 UTC,4730,0,9,,0,0,0,0,235
2021-10-09 04:57:01 UTC,4731,3,12,,0,0,0,0,235
2021-10-09 05:57:01 UTC,4732,7,19,,0,0,0,0,235
2021-10-09 06:57:01 UTC,4733,10,29,,4,0,0,0,235
2021-10-09 07:57:01 UTC,4734,15,45,,0,0,0,0,235
2021-10-09 08:57:01 UTC,4735,25,70,,0,0,0,0,235
2021-10-09 09:57:01 UTC,4736,39,109,,0,0,0,0,235
2021-10-09 10:57:01 UTC,4737,26,135,,0,0,0,0,235
2021-10-09 11:57:01 UTC,4738,22,157,,0,0,0,0,235
2021-10-09 12:57:01 UTC,4739,22,179,,0,0,0,0,235
2021-10-09 13:57:01 UTC,4740,11,190,,0,0,0,0,235
2021-10-09 14:57:01 UTC,4741,12,202,,0,0,0,0,235
2021-10-09 15:57:01 UTC,4742,8,210,,0,0,0,0,235
2021-10-09 16:57:01 UTC,4743,23,233,,0,0,0,0,235
2021-10-09 17:57:01 UTC,4744,25,258,,0,0,0,0,235
2021-10-09 18:57:01 UTC,4745,14,272,,4,0,0,0,235
2021-10-09 19:57:01 UTC,4746,10,282,,0,0,0,0,235
2021-10-09 20:57:01 UTC,4747,2,284,,4,0,0,0,235
2021-10-09 21:57:01 UTC,4748,,,284,,,,,
2021-10-09 22:57:01 UTC,4749,4,4,,0,0,0,0,286
2021-10-09 23:57:01 UTC,4750,0,4,,0,0,0,0,286
2021-10-10 00:57:01 UTC,4751,1,5,,0,0,0,0,286
2021-10-10 01:57:01 UTC,4752,5,10,,0,0,0,0,286
2021-10-10 02:57:01 UTC,4753,2,12,,4,0,0,0,286
2021-10-10 03:57:01 UTC,4754,1,13,,0,0,0,0,286
2021-10-10 04:57:01 UTC,4755,1,14,,0,0,0,0,286
2021-10-10 05:57:01 UTC,4756,10,24,,0,0,0,0,286
2021-10-10 06:57:01 UTC,4757,11,35,,4,0,0,0,286
2021-10-10 07:57:01 UTC,4758,29,66,,0,0,0,0,286
2021-10-10 08:57:01 UTC,4759,30,96,,0,0,0,0,286
2021-10-10 09:57:01 UTC,4760,47,143,,0,0,0,0,286
2021-10-10 10:57:01 UTC,4761,42,185,,4,0,0,0,286
2021-10-10 11:57:01 UTC,4762,38,223,,0,0,0,0,286
2021-10-10 12:57:01 UTC,4763,6,229,,0,0,0,0,286
2021-10-10 13:57:01 UTC,4764,5,234,,0,0,0,0,286
2021-10-10 14:57:01 UTC,4765,7,241,,4,0,0,0,286
2021-10-10 15:57:01 UTC,4766,13,254,,0,0,0,0,286
2021-10-10 16:57:01 UTC,4767,16,270,,0,0,0,0,286
2021-10-10 17:57:01 UTC,4768,11,281,,0,0,0,0,286
2021-10-10 18:57:01 UTC,4769,8,289,,4,0,0,0,286
2021-10-10 19:57:01 UTC,4770,2,291,,0,0,0,0,286
2021-10-10 20:57:01 UTC,4771,6,297,,4,0,0,0,286
2021-10-10 21:57:01 UTC,4772,,,297,,,,,
