created_at,entry_id,field1,field2,field3,field4,field5,field6,field7,field8
2021-07-01 00:57:01 UTC,2330,0,11,,0,0,0,0,307
2021-07-01 01:57:01 UTC,2331,2,13,,0,0,0,0,307
2021-07-01 02:57:01 UTC,2332,0,13,,0,0,0,0,307
2021-07-01 03:57:01 UTC,2333,1,14,,0,0,0,0,307
2021-07-01 04:57:01 UTC,2334,3,17,,0,0,0,0,307
2021-07-01 05:57:01 UTC,2335,6,23,,0,0,0,0,307
2021-07-01 06:57:01 UTC,2336,16,39,,0,0,0,0,307
2021-07-01 07:57:01 UTC,2337,11,50,,0,0,0,0,307
2021-07-01 08:57:01 UTC,2338,11,61,,0,0,0,0,307
2021-07-01 09:57:01 UTC,2339,15,76,,0,0,0,0,307
2021-07-01 10:57:01 UTC,2340,19,95,,0,0,0,0,307
2021-07-01 11:57:01 UTC,2341,30,125,,0,0,0,0,307
2021-07-01 12:57:01 UTC,2342,14,139,,0,0,0,0,307
2021-07-01 13:57:01 UTC,2343,22,161,,0,0,0,0,307
2021-07-01 14:57:01 UTC,2344,19,180,,0,0,0,0,307
2021-07-01 15:57:01 UTC,2345,20,200,,0,0,0,0,307
2021-07-01 16:57:01 UTC,2346,34,234,,0,0,0,0,307
2021-07-01 17:57:01 UTC,2347,33,267,,0,0,0,0,307
2021-07-01 18:57:01 UTC,2348,25,292,,0,0,0,0,307
2021-07-01 19:57:01 UTC,2349,14,306,,0,0,0,0,307
2021-07-01 20:57:01 UTC,2350,5,311,,4,0,0,0,307
2021-07-01 21:57:01 UTC,2351,,,311,,,,,
2021-07-01 22:57:01 UTC,2352,1,1,,0,0,0,0,316
2021-07-01 23:57:01 UTC,2353,0,1,,0,0,0,0,316
2021-07-02 00:57:01 UTC,2354,1,2,,0,0,0,0,316
2021-07-02 01:57:01 UTC,2355,1,3,,0,0,0,0,316
2021-07-02 02:57:01 UTC,2356,0,3,,0,0,0,0,316
2021-07-02 03:57:01 UTC,2357,0,3,,0,0,1,0,316
2021-07-02 04:57:01 UTC,2358,2,5,,0,0,1,0,316
2021-07-02 05:57:01 UTC,2359,8,13,,0,0,1,0,316
2021-07-02 06:57:01 UTC,2360,16,29,,0,0,1,0,316
2021-07-02 07:57:01 UTC,2361,25,54,,0,0,1,0,316
2021-07-02 08:57:01 UTC,2362,22,76,,0,0,1,0,316
2021-07-02 09:57:01 UTC,2363,18,94,,0,0,1,0,316
2021-07-02 10:57:01 UTC,2364,30,124,,0,0,1,0,316
2021-07-02 11:57:01 UTC,2365,37,161,,0,0,1,0,316
2021-07-02 12:57:01 UTC,2366,45,206,,0,0,1,0,316
2021-07-02 13:57:01 UTC,2367,19,225,,0,0,1,0,316
2021-07-02 14:57:01 UTC,2368,19,244,,0,0,1,0,316
2021-07-02 15:57:01 UTC,2369,25,269,,0,0,1,0,316
2021-07-02 16:57:01 UTC,2370,28,297,,0,0,1,0,316
2021-07-02 17:57:01 UTC,2371,32,329,,0,0,1,0,316
2021-07-02 18:57:01 UTC,2372,34,363,,0,0,1,0,316
2021-07-02 19:57:01 UTC,2373,14,377,,0,0,1,0,316
2021-07-02 20:57:01 UTC,2374,9,386,,4,0,1,0,316
2021-07-02 21:57:01 UTC,2375,,,386,,,,,
2021-07-02 22:57:01 UTC,2376,10,10,,0,0,0,0,392
2021-07-02 23:57:01 UTC,2377,6,16,,0,0,0,0,392
2021-07-03 00:57:01 UTC,2378,1,17,,0,0,0,0,392
2021-07-03 01:57:01 UTC,2379,2,19,,0,0,0,0,392
2021-07-03 02:57:01 UTC,2380,1,20,,0,0,0,0,392
2021-07-03 03:57:01 UTC,2381,1,21,,0,0,0,0,392
2021-07-03 04:57:01 UTC,2382,5,26,,0,0,0,0,392
2021-07-03 05:57:01 UTC,2383,7,33,,0,0,0,0,392
2021-07-03 06:57:01 UTC,2384,12,45,,0,0,0,0,392
2021-07-03 07:57:01 UTC,2385,11,56,,0,0,0,0,392
2021-07-03 08:57:01 UTC,2386,21,77,,0,0,0,0,392
2021-07-03 09:57:01 UTC,2387,14,91,,0,0,0,0,392
2021-07-03 10:57:01 UTC,2388,31,122,,0,0,0,0,392
2021-07-03 11:57:01 UTC,2389,11,133,,0,0,0,0,392
2021-07-03 12:57:01 UTC,2390,5,138,,0,0,0,0,392
2021-07-03 13:57:01 UTC,2391,27,165,,0,0,0,0,392
2021-07-03 14:57:01 UTC,2392,18,183,,0,0,0,0,392
2021-07-03 15:57:01 UTC,2393,19,202,,0,0,0,0,392
2021-07-03 16:57:01 UTC,2394,27,229,,0,0,0,0,392
2021-07-03 17:57:01 UTC,2395,29,258,,0,0,0,0,392
2021-07-03 18:57:01 UTC,2396,29,287,,0,0,0,0,392
2021-07-03 19:57:01 UTC,2397,15,302,,0,0,0,0,392
2021-07-03 20:57:01 UTC,2398,12,314,,4,0,0,0,392
2021-07-03 21:57:01 UTC,2399,,,314,,,,,
2021-07-03 22:57:01 UTC,2400,8,8,,0,0,0,0,322
2021-07-03 23:57:01 UTC,2401,8,16,,0,0,0,0,322
2021-07-04 00:57:01 UTC,2402,2,18,,0,0,0,0,322
2021-07-04 01:57:01 UTC,2403,1,19,,0,0,0,0,322
2021-07-04 02:57:01 UTC,2404,1,20,,0,0,0,0,322
2021-07-04 03:57:01 UTC,2405,7,27,,0,0,0,0,322
2021-07-04 04:57:01 UTC,2406,2,29,,0,0,0,0,322
2021-07-04 05:57:01 UTC,2407,13,42,,0,0,0,0,322
2021-07-04 06:57:01 UTC,2408,15,57,,0,0,0,0,322
2021-07-04 07:57:01 UTC,2409,22,79,,0,0,0,0,322
2021-07-04 08:57:01 UTC,2410,15,94,,0,0,0,0,322
2021-07-04 09:57:01 UTC,2411,17,111,,0,0,0,0,322
2021-07-04 10:57:01 UTC,2412,20,131,,0,0,0,0,322
2021-07-04 11:57:01 UTC,2413,12,143,,0,0,0,0,322
2021-07-04 12:57:01 UTC,2414,10,153,,0,0,0,0,322
2021-07-04 13:57:01 UTC,2415,10,163,,0,0,0,0,322
2021-07-04 14:57:01 UTC,2416,13,176,,0,0,0,0,322
2021-07-04 15:57:01 UTC,2417,9,185,,0,0,0,0,322
2021-07-04 16:57:01 UTC,2418,32,217,,0,0,0,0,322
2021-07-04 17:57:01 UTC,2419,22,239,,0,0,0,0,322
2021-07-04 18:57:01 UTC,2420,9,248,,0,0,0,0,322
2021-07-04 19:57:01 UTC,2421,6,254,,0,0,0,0,322
2021-07-04 20:57:01 UTC,2422,1,255,,0,0,0,0,322
2021-07-04 21:57:01 UTC,2423,,,255,,,,,
2021-07-04 22:57:01 UTC,2424,2,2,,0,0,0,0,257
2021-07-04 23:57:01 UTC,2425,1,3,,0,0,0,0,257
2021-07-05 00:57:01 UTC,2426,0,3,,0,0,0,0,257
2021-07-05 01:57:01 UTC,2427,0,3,,0,0,0,0,257
2021-07-05 02:57:01 UTC,2428,0,3,,0,0,0,0,257
2021-07-05 03:57:01 UTC,2429,1,4,,0,0,0,0,257
2021-07-05 04:57:01 UTC,2430,3,7,,0,0,0,0,257
2021-07-05 05:57:01 UTC,2431,7,14,,0,0,0,0,257
2021-07-05 06:57:01 UTC,2432,14,28,,0,0,0,0,257
2021-07-05 07:57:01 UTC,2433,23,51,,0,0,0,0,257
2021-07-05 08:57:01 UTC,2434,13,64,,0,0,0,0,257
2021-07-05 09:57:01 UTC,2435,14,78,,0,0,0,0,257
2021-07-05 10:57:01 UTC,2436,17,95,,0,0,0,0,257
2021-07-05 11:57:01 UTC,2437,18,113,,0,0,0,0,257
2021-07-05 12:57:01 UTC,2438,25,138,,0,0,0,0,257
2021-07-05 13:57:01 UTC,2439,24,162,,0,0,0,0,257
2021-07-05 14:57:01 UTC,2440,8,170,,0,0,0,0,257
2021-07-05 15:57:01 UTC,2441,14,184,,0,0,0,0,257
2021-07-05 16:57:01 UTC,2442,32,216,,0,0,0,0,257
2021-07-05 17:57:01 UTC,2443,33,249,,0,0,0,0,257
2021-07-05 18:57:01 UTC,2444,17,266,,0,0,0,0,257
2021-07-05 19:57:01 UTC,2445,19,285,,0,0,0,0,257
2021-07-05 20:57:01 UTC,2446,6,291,,0,0,0,0,257
2021-07-05 21:57:01 UTC,2447,,,291,,,,,
2021-07-05 22:57:01 UTC,2448,2,2,,0,0,0,0,292
2021-07-05 23:57:01 UTC,2449,2,4,,0,0,0,0,292
2021-07-06 00:57:01 UTC,2450,1,5,,0,0,0,0,292
2021-07-06 01:57:01 UTC,2451,0,5,,0,0,0,0,292
2021-07-06 02:57:01 UTC,2452,0,5,,0,0,0,0,292
2021-07-06 03:57:01 UTC,2453,0,5,,0,0,0,0,292
2021-07-06 04:57:01 UTC,2454,2,7,,0,0,0,0,292
2021-07-06 05:57:01 UTC,2455,19,26,,0,0,0,0,292
2021-07-06 06:57:01 UTC,2456,47,73,,0,0,0,0,292
2021-07-06 07:57:01 UTC,2457,15,88,,0,0,1,0,292
2021-07-06 08:57:01 UTC,2458,21,109,,0,0,1,0,292
2021-07-06 09:57:01 UTC,2459,14,123,,0,0,1,0,292
2021-07-06 10:57:01 UTC,2460,11,134,,0,0,1,0,292
2021-07-06 11:57:01 UTC,2461,22,156,,0,0,2,0,292
2021-07-06 12:57:01 UTC,2462,15,171,,0,0,2,0,292
2021-07-06 13:57:01 UTC,2463,13,184,,0,0,2,0,292
2021-07-06 14:57:01 UTC,2464,16,200,,0,0,2,0,292
2021-07-06 15:57:01 UTC,2465,15,215,,0,0,2,0,292
2021-07-06 16:57:01 UTC,2466,31,246,,0,0,2,0,292
2021-07-06 17:57:01 UTC,2467,23,269,,0,0,2,0,292
2021-07-06 18:57:01 UTC,2468,19,288,,0,0,2,0,292
2021-07-06 19:57:01 UTC,2469,10,298,,0,0,2,0,292
2021-07-06 20:57:01 UTC,2470,14,312,,0,0,2,0,292
2021-07-06 21:57:01 UTC,2471,,,312,,,,,
2021-07-06 22:57:01 UTC,2472,7,7,,0,0,0,0,315
2021-07-06 23:57:01 UTC,2473,1,8,,0,0,0,0,315
2021-07-07 00:57:01 UTC,2474,1,9,,0,0,0,0,315
2021-07-07 01:57:01 UTC,2475,0,9,,0,0,0,0,315
2021-07-07 02:57:01 UTC,2476,1,10,,0,0,0,0,315
2021-07-07 03:57:01 UTC,2477,0,10,,0,0,0,0,315
2021-07-07 04:57:01 UTC,2478,5,15,,0,0,0,0,315
2021-07-07 05:57:01 UTC,2479,9,24,,0,0,0,0,315
2021-07-07 06:57:01 UTC,2480,26,50,,0,0,0,0,315
2021-07-07 07:57:01 UTC,2481,26,76,,0,0,0,0,315
2021-07-07 08:57:01 UTC,2482,12,88,,0,0,0,0,315
2021-07-07 09:57:01 UTC,2483,11,99,,0,0,0,0,315
2021-07-07 10:57:01 UTC,2484,19,118,,0,0,0,0,315
2021-07-07 11:57:01 UTC,2485,10,128,,0,0,0,0,315
2021-07-07 12:57:01 UTC,2486,11,139,,0,0,0,0,315
2021-07-07 13:57:01 UTC,2487,17,156,,0,0,0,0,315
2021-07-07 14:57:01 UTC,2488,18,174,,0,0,0,0,315
2021-07-07 15:57:01 UTC,2489,15,189,,0,0,0,0,315
2021-07-07 16:57:01 UTC,2490,45,234,,0,0,0,0,315
2021-07-07 17:57:01 UTC,2491,44,278,,0,0,0,0,315
2021-07-07 18:57:01 UTC,2492,34,312,,0,0,0,0,315
2021-07-07 19:57:01 UTC,2493,21,333,,0,0,0,0,315
2021-07-07 20:57:01 UTC,2494,16,349,,0,0,0,0,315
2021-07-07 21:57:01 UTC,2495,,,349,,,,,
2021-07-07 22:57:01 UTC,2496,0,0,,0,0,0,0,354
2021-07-07 23:57:01 UTC,2497,2,2,,0,0,0,0,354
2021-07-08 00:57:01 UTC,2498,1,3,,0,0,0,0,354
2021-07-08 01:57:01 UTC,2499,0,3,,0,0,0,0,354
2021-07-08 02:57:01 UTC,2500,0,3,,0,0,0,0,354
2021-07-08 03:57:01 UTC,2501,1,4,,0,0,0,0,354
2021-07-08 04:57:01 UTC,2502,4,8,,0,0,0,0,354
2021-07-08 05:57:01 UTC,2503,3,11,,0,0,0,0,354
2021-07-08 06:57:01 UTC,2504,4,15,,0,0,0,0,354
2021-07-08 07:57:01 UTC,2505,14,29,,0,0,0,0,354
2021-07-08 08:57:01 UTC,2506,18,47,,0,0,0,0,354
2021-07-08 09:57:01 UTC,2507,11,58,,0,0,0,0,354
2021-07-08 10:57:01 UTC,2508,12,70,,0,0,0,0,354
2021-07-08 11:57:01 UTC,2509,18,88,,0,0,0,0,354
2021-07-08 12:57:01 UTC,2510,11,99,,0,0,0,0,354
2021-07-08 13:57:01 UTC,2511,17,116,,0,0,0,0,354
2021-07-08 14:57:01 UTC,2512,11,127,,0,0,0,0,354
2021-07-08 15:57:01 UTC,2513,18,145,,0,0,0,0,354
2021-07-08 16:57:01 UTC,2514,28,173,,0,0,0,0,354
2021-07-08 17:57:01 UTC,2515,24,197,,0,0,0,0,354
2021-07-08 18:57:01 UTC,2516,22,219,,0,0,0,0,354
2021-07-08 19:57:01 UTC,2517,7,226,,0,0,0,0,354
2021-07-08 20:57:01 UTC,2518,6,232,,0,0,0,0,354
2021-07-08 21:57:01 UTC,2519,,,232,,,,,
2021-07-08 22:57:01 UTC,2520,0,0,,0,0,0,0,233
2021-07-08 23:57:01 UTC,2521,1,1,,0,0,0,0,233
2021-07-09 00:57:01 UTC,2522,0,1,,0,0,0,0,233
2021-07-09 01:57:01 UTC,2523,0,1,,0,0,0,0,233
2021-07-09 02:57:01 UTC,2524,0,1,,0,0,0,0,233
2021-07-09 03:57:01 UTC,2525,0,1,,0,0,0,0,233
2021-07-09 04:57:01 UTC,2526,2,3,,0,0,0,0,233
2021-07-09 05:57:01 UTC,2527,4,7,,0,0,0,0,233
2021-07-09 06:57:01 UTC,2528,9,16,,0,0,0,0,233
2021-07-09 07:57:01 UTC,2529,20,36,,0,0,0,0,233
2021-07-09 08:57:01 UTC,2530,15,51,,0,0,0,0,233
2021-07-09 09:57:01 UTC,2531,16,67,,0,0,0,0,233
2021-07-09 10:57:01 UTC,2532,17,84,,0,0,0,0,233
2021-07-09 11:57:01 UTC,2533,12,96,,0,0,0,0,233
2021-07-09 12:57:01 UTC,2534,18,114,,0,0,0,0,233
2021-07-09 13:57:01 UTC,2535,19,133,,0,0,0,0,233
2021-07-09 14:57:01 UTC,2536,22,155,,0,0,0,0,233
2021-07-09 15:57:01 UTC,2537,29,184,,0,0,0,0,233
2021-07-09 16:57:01 UTC,2538,35,219,,0,0,0,0,233
2021-07-09 17:57:01 UTC,2539,30,249,,0,0,0,0,233
2021-07-09 18:57:01 UTC,2540,40,289,,0,0,0,0,233
2021-07-09 19:57:01 UTC,2541,17,306,,0,0,0,0,233
2021-07-09 20:57:01 UTC,2542,16,322,,4,0,0,0,233
2021-07-09 21:57:01 UTC,2543,,,322,,,,,
