created_at,entry_id,field1,field2,field3,field4,field5,field6,field7,field8
2022-04-01 00:57:01 UTC,8902,0,0,,0,0,0,1,137
2022-04-01 01:57:01 UTC,8903,0,0,,0,0,0,1,137
2022-04-01 02:57:01 UTC,8904,2,2,,4,0,0,1,137
2022-04-01 03:57:01 UTC,8905,1,3,,0,0,0,1,137
2022-04-01 04:57:01 UTC,8906,5,8,,0,0,0,1,137
2022-04-01 05:57:01 UTC,8907,6,14,,0,0,0,1,137
2022-04-01 06:57:01 UTC,8908,10,24,,4,0,0,1,137
2022-04-01 07:57:01 UTC,8909,7,33,,0,0,0,1,137
2022-04-01 08:57:01 UTC,8910,8,41,,0,0,0,1,137
2022-04-01 09:57:01 UTC,8911,3,44,,0,0,0,1,137
2022-04-01 10:57:01 UTC,8912,3,47,,4,0,0,1,137
2022-04-01 11:57:01 UTC,8913,9,58,,0,0,0,1,137
2022-04-01 12:57:01 UTC,8914,2,60,,0,0,0,1,137
2022-04-01 13:57:01 UTC,8915,13,73,,0,0,0,1,137
2022-04-01 14:57:01 UTC,8916,14,87,,4,0,0,1,137
2022-04-01 15:57:01 UTC,8917,11,98,,0,0,0,1,137
2022-04-01 16:57:01 UTC,8918,13,111,,0,0,0,1,137
2022-04-01 17:57:01 UTC,8919,7,118,,0,0,0,1,137
2022-04-01 18:57:01 UTC,8920,9,127,,4,0,0,1,137
2022-04-01 19:57:01 UTC,8921,4,131,,0,0,1,1,137
2022-04-01 20:57:01 UTC,8922,4,135,,4,0,1,1,137
2022-04-01 21:57:01 UTC,8923,,,135,,,,,
2022-04-01 22:57:01 UTC,8924,4,4,,0,0,0,0,137
2022-04-01 23:57:01 UTC,8925,2,6,,0,0,0,0,137
2022-04-02 00:57:01 UTC,8926,0,6,,0,0,0,0,137
2022-04-02 01:57:01 UTC,8927,0,6,,0,0,0,0,137
2022-04-02 02:57:01 UTC,8928,1,7,,4,0,0,0,137
2022-04-02 03:57:01 UTC,8929,2,9,,0,0,0,0,137
2022-04-02 04:57:01 UTC,8930,1,10,,0,0,0,0,137
2022-04-02 05:57:01 UTC,8931,7,17,,0,0,0,0,137
2022-04-02 06:57:01 UTC,8932,5,22,,4,0,0,0,137
2022-04-02 07:57:01 UTC,8933,12,38,,0,0,0,0,137
2022-04-02 08:57:01 UTC,8934,6,44,,0,0,0,0,137
2022-04-02 09:57:01 UTC,8935,16,60,,0,0,0,0,137
2022-04-02 10:57:01 UTC,8936,20,80,,4,0,0,0,137
2022-04-02 11:57:01 UTC,8937,16,97,,0,0,1,0,137
2022-04-02 12:57:01 UTC,8938,10,107,,0,0,1,0,137
2022-04-02 13:57:01 UTC,8939,6,113,,0,0,1,0,137
2022-04-02 14:57:01 UTC,8940,5,118,,4,0,1,0,137
2022-04-02 15:57:01 UTC,8941,10,131,,0,0,1,0,137
2022-04-02 16:57:01 UTC,8942,11,142,,0,0,1,0,137
2022-04-02 17:57:01 UTC,8943,7,149,,0,0,1,0,137
2022-04-02 18:57:01 UTC,8944,5,154,,4,0,1,0,137
2022-04-02 19:57:01 UTC,8945,0,154,,0,0,1,0,137
2022-04-02 20:57:01 UTC,8946,3,157,,4,0,1,0,137
2022-04-02 21:57:01 UTC,8947,,,157,,,,,
2022-04-02 22:57:01 UTC,8948,2,2,,0,0,0,0,159
2022-04-02 23:57:01 UTC,8949,3,5,,0,0,0,0,159
2022-04-03 00:57:01 UTC,8950,0,5,,0,0,0,0,159
2022-04-03 01:57:01 UTC,8951,0,5,,0,0,0,0,159
2022-04-03 02:57:01 UTC,8952,0,5,,4,0,0,0,159
2022-04-03 03:57:01 UTC,8953,0,6,,0,0,0,0,159
2022-04-03 04:57:01 UTC,8954,0,6,,0,0,0,0,159
2022-04-03 05:57:01 UTC,8955,9,15,,0,0,0,0,159
2022-04-03 06:57:01 UTC,8956,13,28,,4,0,0,0,159
2022-04-03 07:57:01 UTC,8957,15,48,,0,0,0,0,159
2022-04-03 08:57:01 UTC,8958,17,65,,0,0,0,0,159
2022-04-03 09:57:01 UTC,8959,31,96,,0,0,0,0,159
2022-04-03 10:57:01 UTC,8960,36,132,,4,0,0,0,159
2022-04-03 11:57:01 UTC,8961,17,150,,0,0,0,0,159
2022-04-03 12:57:01 UTC,8962,9,159,,0,0,0,0,159
2022-04-03 13:57:01 UTC,8963,9,168,,0,0,0,0,159
2022-04-03 14:57:01 UTC,8964,7,175,,4,0,0,0,159
2022-04-03 15:57:01 UTC,8965,26,201,,0,0,0,0,159
2022-04-03 16:57:01 UTC,8966,12,213,,0,0,0,0,159
2022-04-03 17:57:01 UTC,8967,11,224,,0,0,0,0,159
2022-04-03 18:57:01 UTC,8968,4,228,,4,0,0,0,159
2022-04-03 19:57:01 UTC,8969,5,235,,0,0,0,0,159
2022-04-03 20:57:01 UTC,8970,2,237,,4,0,0,0,159
2022-04-03 21:57:01 UTC,8971,,,237,,,,,
2022-04-03 22:57:01 UTC,8972,1,1,,0,0,0,0,239
2022-04-03 23:57:01 UTC,8973,0,1,,0,0,0,0,239
2022-04-04 00:57:01 UTC,8974,0,1,,0,0,0,0,239
2022-04-04 01:57:01 UTC,8975,0,1,,0,0,0,0,239
2022-04-04 02:57:01 UTC,8976,1,2,,4,0,0,0,239
2022-04-04 03:57:01 UTC,8977,3,8,,0,0,0,0,239
2022-04-04 04:57:01 UTC,8978,7,15,,0,0,0,0,239
2022-04-04 05:57:01 UTC,8979,7,22,,0,0,0,0,239
2022-04-04 06:57:01 UTC,8980,10,32,,4,0,0,0,239
2022-04-04 07:57:01 UTC,8981,11,49,,0,0,1,0,239
2022-04-04 08:57:01 UTC,8982,13,62,,0,0,1,0,239
2022-04-04 09:57:01 UTC,8983,21,83,,0,0,1,0,239
2022-04-04 10:57:01 UTC,8984,19,102,,4,0,1,0,239
2022-04-04 11:57:01 UTC,8985,20,123,,0,0,1,0,239
2022-04-04 12:57:01 UTC,8986,20,143,,0,0,1,0,239
2022-04-04 13:57:01 UTC,8987,10,153,,0,0,1,0,239
2022-04-04 14:57:01 UTC,8988,14,167,,4,0,1,0,239
2022-04-04 15:57:01 UTC,8989,12,179,,0,0,1,0,239
2022-04-04 16:57:01 UTC,8990,15,194,,0,0,1,0,239
2022-04-04 17:57:01 UTC,8991,14,208,,0,0,1,0,239
2022-04-04 18:57:01 UTC,8992,9,217,,4,0,1,0,239
2022-04-04 19:57:01 UTC,8993,7,225,,0,0,2,0,239
2022-04-04 20:57:01 UTC,8994,2,227,,4,0,2,0,239
2022-04-04 21:57:01 UTC,8995,,,227,,,,,
2022-04-04 22:57:01 UTC,8996,0,0,,0,0,0,0,228
2022-04-04 23:57:01 UTC,8997,1,1,,0,0,0,0,228
2022-04-05 00:57:01 UTC,8998,0,1,,0,0,0,0,228
2022-04-05 01:57:01 UTC,8999,0,1,,0,0,0,0,228
2022-04-05 02:57:01 UTC,9000,0,1,,4,0,0,0,228
2022-04-05 03:57:01 UTC,9001,3,4,,0,0,0,0,228
2022-04-05 04:57:01 UTC,9002,2,6,,0,0,0,0,228
2022-04-05 05:57:01 UTC,9003,18,24,,0,0,0,0,228
2022-04-05 06:57:01 UTC,9004,9,33,,4,0,0,0,228
2022-04-05 07:57:01 UTC,9005,19,54,,0,0,0,0,228
2022-04-05 08:57:01 UTC,9006,27,81,,0,0,0,0,228
2022-04-05 09:57:01 UTC,9007,41,122,,0,0,0,0,228
2022-04-05 10:57:01 UTC,9008,35,157,,4,0,0,0,228
2022-04-05 11:57:01 UTC,9009,30,189,,0,0,0,0,228
2022-04-05 12:57:01 UTC,9010,12,201,,0,0,0,0,228
2022-04-05 13:57:01 UTC,9011,8,209,,0,0,0,0,228
2022-04-05 14:57:01 UTC,9012,13,222,,4,0,0,0,228
2022-04-05 15:57:01 UTC,9013,23,245,,0,0,0,0,228
2022-04-05 16:57:01 UTC,9014,12,257,,0,0,0,0,228
2022-04-05 17:57:01 UTC,9015,20,277,,0,0,0,0,228
2022-04-05 18:57:01 UTC,9016,4,281,,4,0,0,0,228
2022-04-05 19:57:01 UTC,9017,3,284,,0,0,0,0,228
2022-04-05 20:57:01 UTC,9018,3,287,,4,0,0,0,228
2022-04-05 21:57:01 UTC,9019,,,287,,,,,
2022-04-05 22:57:01 UTC,9020,0,0,,0,0,0,0,288
2022-04-05 23:57:01 UTC,9021,0,0,,0,0,0,0,288
2022-04-06 00:57:01 UTC,9022,0,0,,0,0,0,0,288
2022-04-06 01:57:01 UTC,9023,0,0,,0,0,0,0,288
2022-04-06 02:57:01 UTC,9024,1,1,,4,0,0,0,288
2022-04-06 03:57:01 UTC,9025,2,3,,0,0,0,0,288
2022-04-06 04:57:01 UTC,9026,5,8,,0,0,0,0,288
2022-04-06 05:57:01 UTC,9027,5,13,,0,0,0,0,288
2022-04-06 06:57:01 UTC,9028,9,22,,4,0,0,0,288
2022-04-06 07:57:01 UTC,9029,15,39,,0,0,0,0,288
2022-04-06 08:57:01 UTC,9030,16,55,,0,0,0,0,288
2022-04-06 09:57:01 UTC,9031,17,72,,0,0,0,0,288
2022-04-06 10:57:01 UTC,9032,13,85,,4,0,0,0,288
2022-04-06 11:57:01 UTC,9033,6,92,,0,0,0,0,288
2022-04-06 12:57:01 UTC,9034,12,104,,0,0,0,0,288
2022-04-06 13:57:01 UTC,9035,10,114,,0,0,0,0,288
2022-04-06 14:57:01 UTC,9036,7,121,,4,0,0,0,288
2022-04-06 15:57:01 UTC,9037,16,138,,0,0,0,0,288
2022-04-06 16:57:01 UTC,9038,36,174,,0,0,0,0,288
2022-04-06 17:57:01 UTC,9039,26,200,,0,0,0,0,288
2022-04-06 18:57:01 UTC,9040,8,208,,4,0,0,0,288
2022-04-06 19:57:01 UTC,9041,4,212,,0,0,0,0,288
2022-04-06 20:57:01 UTC,9042,2,214,,4,0,0,0,288
2022-04-06 21:57:01 UTC,9043,,,214,,,,,
2022-04-06 22:57:01 UTC,9044,0,0,,0,0,0,0,215
2022-04-06 23:57:01 UTC,9045,0,0,,0,0,0,0,215
2022-04-07 00:57:01 UTC,9046,0,0,,0,0,0,0,215
2022-04-07 01:57:01 UTC,9047,0,0,,0,0,0,0,215
2022-04-07 02:57:01 UTC,9048,1,1,,4,0,0,0,215
2022-04-07 03:57:01 UTC,9049,3,5,,0,0,0,0,215
2022-04-07 04:57:01 UTC,9050,1,6,,0,0,0,0,215
2022-04-07 05:57:01 UTC,9051,11,17,,0,0,0,0,215
2022-04-07 06:57:01 UTC,9052,15,32,,4,0,0,0,215
2022-04-07 07:57:01 UTC,9053,14,46,,0,0,0,0,215
2022-04-07 08:57:01 UTC,9054,15,61,,0,0,0,0,215
2022-04-07 09:57:01 UTC,9055,20,81,,0,0,0,0,215
2022-04-07 10:57:01 UTC,9056,16,97,,4,0,0,0,215
2022-04-07 11:57:01 UTC,9057,14,112,,0,0,0,0,215
2022-04-07 12:57:01 UTC,9058,9,121,,0,0,0,0,215
2022-04-07 13:57:01 UTC,9059,8,129,,0,0,0,0,215
2022-04-07 14:57:01 UTC,9060,8,137,,4,0,0,0,215
2022-04-07 15:57:01 UTC,9061,15,152,,0,0,0,0,215
2022-04-07 16:57:01 UTC,9062,47,199,,0,0,0,0,215
2022-04-07 17:57:01 UTC,9063,56,255,,0,0,0,0,215
2022-04-07 18:57:01 UTC,9064,31,286,,4,0,0,0,215
2022-04-07 19:57:01 UTC,9065,9,295,,0,0,0,0,215
2022-04-07 20:57:01 UTC,9066,3,298,,4,0,0,0,215
2022-04-07 21:57:01 UTC,9067,,,298,,,,,
2022-04-07 22:57:01 UTC,9068,0,0,,0,0,0,0,298
2022-04-07 23:57:01 UTC,9069,2,2,,0,0,0,0,298
2022-04-08 00:57:01 UTC,9070,0,2,,0,0,0,0,298
2022-04-08 01:57:01 UTC,9071,2,4,,0,0,0,0,298
2022-04-08 02:57:01 UTC,9072,2,6,,4,0,0,0,298
2022-04-08 03:57:01 UTC,9073,2,8,,0,0,0,0,298
2022-04-08 04:57:01 UTC,9074,4,12,,0,0,0,0,298
2022-04-08 05:57:01 UTC,9075,8,20,,0,0,0,0,298
2022-04-08 06:57:01 UTC,9076,25,45,,4,0,0,0,298
2022-04-08 07:57:01 UTC,9077,22,69,,0,0,0,0,298
2022-04-08 08:57:01 UTC,9078,10,79,,0,0,0,0,298
2022-04-08 09:57:01 UTC,9079,22,101,,0,0,0,0,298
2022-04-08 10:57:01 UTC,9080,11,112,,4,0,0,0,298
2022-04-08 11:57:01 UTC,9081,16,129,,0,0,0,0,298
2022-04-08 12:57:01 UTC,9082,15,144,,0,0,0,0,298
2022-04-08 13:57:01 UTC,9083,9,153,,0,0,0,0,298
2022-04-08 14:57:01 UTC,9084,15,168,,4,0,0,0,298
2022-04-08 15:57:01 UTC,9085,13,181,,0,0,1,0,298
2022-04-08 16:57:01 UTC,9086,29,210,,0,0,1,0,298
2022-04-08 17:57:01 UTC,9087,33,243,,0,0,1,0,298
2022-04-08 18:57:01 UTC,9088,25,268,,4,0,1,0,298
2022-04-08 19:57:01 UTC,9089,14,282,,0,0,1,0,298
2022-04-08 20:57:01 UTC,9090,7,289,,4,0,1,0,298
2022-04-08 21:57:01 UTC,9091,,,289,,,,,
2022-04-08 22:57:01 UTC,9092,6,6,,0,0,0,0,296
2022-04-08 23:57:01 UTC,9093,2,8,,0,0,0,0,296
2022-04-09 00:57:01 UTC,9094,1,9,,0,0,0,0,296
2022-04-09 01:57:01 UTC,9095,1,10,,0,0,0,0,296
2022-04-09 02:57:01 UTC,9096,1,11,,4,0,0,0,296
2022-04-09 03:57:01 UTC,9097,2,13,,0,0,0,0,296
2022-04-09 04:57:01 UTC,9098,4,17,,0,0,0,0,296
2022-04-09 05:57:01 UTC,9099,4,21,,0,0,0,0,296
2022-04-09 06:57:01 UTC,9100,11,32,,4,0,0,0,296
2022-04-09 07:57:01 UTC,9101,16,48,,0,0,0,0,296
2022-04-09 08:57:01 UTC,9102,23,71,,0,0,0,0,296
2022-04-09 09:57:01 UTC,9103,28,99,,0,0,0,0,296
2022-04-09 10:57:01 UTC,9104,19,118,,4,0,0,0,296
2022-04-09 11:57:01 UTC,9105,11,130,,0,0,0,0,296
2022-04-09 12:57:01 UTC,9106,8,138,,0,0,0,0,296
2022-04-09 13:57:01 UTC,9107,5,143,,0,0,0,0,296
2022-04-09 14:57:01 UTC,9108,5,148,,4,0,0,0,296
2022-04-09 15:57:01 UTC,9109,22,170,,0,0,0,0,296
2022-04-09 16:57:01 UTC,9110,8,178,,0,0,0,0,296
2022-04-09 17:57:01 UTC,9111,12,190,,0,0,0,0,296
2022-04-09 18:57:01 UTC,9112,6,196,,4,0,0,0,296
2022-04-09 19:57:01 UTC,9113,8,204,,0,0,1,0,296
2022-04-09 20:57:01 UTC,9114,4,208,,4,0,1,0,296
2022-04-09 21:57:01 UTC,9115,,,208,,,,,
2022-04-09 22:57:01 UTC,9116,1,1,,0,0,0,0,213
2022-04-09 23:57:01 UTC,9117,0,1,,0,0,0,0,213
2022-04-10 00:57:01 UTC,9118,3,4,,0,0,0,0,213
2022-04-10 01:57:01 UTC,9119,1,5,,0,0,0,0,213
2022-04-10 02:57:01 UTC,9120,0,5,,4,0,0,0,213
2022-04-10 03:57:01 UTC,9121,1,6,,0,0,0,0,213
2022-04-10 04:57:01 UTC,9122,2,8,,0,0,0,0,213
2022-04-10 05:57:01 UTC,9123,6,14,,0,0,0,0,213
2022-04-10 06:57:01 UTC,9124,8,22,,4,0,0,0,213
2022-04-10 07:57:01 UTC,9125,17,40,,0,0,1,0,213
2022-04-10 08:57:01 UTC,9126,35,75,,0,0,1,0,213
2022-04-10 09:57:01 UTC,9127,55,130,,0,0,1,0,213
2022-04-10 10:57:01 UTC,9128,45,175,,4,0,1,0,213
2022-04-10 11:57:01 UTC,9129,25,201,,0,0,1,1,213
2022-04-10 12:57:01 UTC,9130,31,232,,0,0,1,1,213
2022-04-10 13:57:01 UTC,9131,10,242,,0,0,1,1,213
2022-04-10 14:57:01 UTC,9132,16,258,,4,0,1,1,213
2022-04-10 15:57:01 UTC,9133,11,269,,0,0,1,1,213
2022-04-10 16:57:01 UTC,9134,12,281,,0,0,1,1,213
2022-04-10 17:57:01 UTC,9135,8,289,,0,0,1,1,213
2022-04-10 18:57:01 UTC,9136,15,304,,4,0,1,1,213
2022-04-10 19:57:01 UTC,9137,7,311,,0,0,1,1,213
2022-04-10 20:57:01 UTC,9138,5,316,,4,0,1,1,213
2022-04-10 21:57:01 UTC,9139,,,316,,,,,
2022-04-10 22:57:01 UTC,9140,3,3,,0,0,0,0,318
2022-04-10 23:57:01 UTC,9141,0,3,,0,0,0,0,318
2022-04-11 00:57:01 UTC,9142,0,3,,0,0,0,0,318
2022-04-11 01:57:01 UTC,9143,0,3,,0,0,0,0,318
2022-04-11 02:57:01 UTC,9144,0,3,,4,0,0,0,318
2022-04-11 03:57:01 UTC,9145,4,8,,0,0,0,0,318
2022-04-11 04:57:01 UTC,9146,4,12,,0,0,0,0,318
2022-04-11 05:57:01 UTC,9147,9,21,,0,0,0,0,318
2022-04-11 06:57:01 UTC,9148,12,33,,4,0,0,0,318
2022-04-11 07:57:01 UTC,9149,11,46,,0,0,1,0,318
2022-04-11 08:57:01 UTC,9150,22,68,,0,0,1,0,318
2022-04-11 09:57:01 UTC,9151,27,95,,0,0,1,0,318
2022-04-11 10:57:01 UTC,9152,24,119,,4,0,1,0,318
2022-04-11 11:57:01 UTC,9153,11,132,,0,0,1,0,318
2022-04-11 12:57:01 UTC,9154,19,151,,0,0,1,0,318
2022-04-11 13:57:01 UTC,9155,23,174,,0,0,1,0,318
2022-04-11 14:57:01 UTC,9156,16,190,,4,0,1,0,318
2022-04-11 15:57:01 UTC,9157,19,209,,0,0,1,0,318
2022-04-11 16:57:01 UTC,9158,31,240,,0,0,1,0,318
2022-04-11 17:57:01 UTC,9159,22,262,,0,0,1,0,318
2022-04-11 18:57:01 UTC,9160,18,280,,4,0,1,0,318
2022-04-11 19:57:01 UTC,9161,13,295,,0,0,1,0,318
2022-04-11 20:57:01 UTC,9162,4,299,,4,0,1,0,318
2022-04-11 21:57:01 UTC,9163,,,299,,,,,
2022-04-11 22:57:01 UTC,9164,1,1,,0,0,0,0,302
2022-04-11 23:57:01 UTC,9165,2,3,,0,0,0,0,302
2022-04-12 00:57:01 UTC,9166,1,4,,0,0,0,0,302
2022-04-12 01:57:01 UTC,9167,0,4,,0,0,0,0,302
2022-04-12 02:57:01 UTC,9168,1,5,,4,0,0,0,302
2022-04-12 03:57:01 UTC,9169,4,9,,0,0,0,0,302
2022-04-12 04:57:01 UTC,9170,6,15,,0,0,0,0,302
2022-04-12 05:57:01 UTC,9171,12,27,,0,0,0,0,302
2022-04-12 06:57:01 UTC,9172,19,46,,4,0,0,0,302
2022-04-12 07:57:01 UTC,9173,23,73,,0,0,0,0,302
2022-04-12 08:57:01 UTC,9174,15,88,,0,0,0,0,302
2022-04-12 09:57:01 UTC,9175,28,116,,0,0,0,0,302
2022-04-12 10:57:01 UTC,9176,24,140,,4,0,0,0,302
2022-04-12 11:57:01 UTC,9177,20,160,,0,0,0,0,302
2022-04-12 12:57:01 UTC,9178,17,177,,0,0,0,0,302
2022-04-12 13:57:01 UTC,9179,35,212,,0,0,0,0,302
2022-04-12 14:57:01 UTC,9180,21,233,,4,0,0,0,302
2022-04-12 15:57:01 UTC,9181,18,252,,0,0,0,0,302
2022-04-12 16:57:01 UTC,9182,25,277,,0,0,0,0,302
2022-04-12 17:57:01 UTC,9183,20,297,,0,0,0,0,302
2022-04-12 18:57:01 UTC,9184,21,318,,4,0,0,0,302
2022-04-12 19:57:01 UTC,9185,8,326,,0,0,0,0,302
2022-04-12 20:57:01 UTC,9186,4,330,,4,0,0,0,302
2022-04-12 21:57:01 UTC,9187,,,330,,,,,
2022-04-12 22:57:01 UTC,9188,2,2,,0,0,0,0,334
2022-04-12 23:57:01 UTC,9189,0,2,,0,0,0,0,334
2022-04-13 00:57:01 UTC,9190,1,3,,0,0,0,0,334
2022-04-13 01:57:01 UTC,9191,0,3,,0,0,0,0,334
2022-04-13 02:57:01 UTC,9192,0,3,,4,0,0,0,334
2022-04-13 03:57:01 UTC,9193,2,5,,0,0,0,0,334
2022-04-13 04:57:01 UTC,9194,5,10,,0,0,0,0,334
2022-04-13 05:57:01 UTC,9195,8,18,,0,0,0,0,334
2022-04-13 06:57:01 UTC,9196,16,34,,4,0,0,0,334
2022-04-13 07:57:01 UTC,9197,14,51,,0,0,0,0,334
2022-04-13 08:57:01 UTC,9198,20,71,,0,0,0,0,334
2022-04-13 09:57:01 UTC,9199,33,104,,0,0,0,0,334
2022-04-13 10:57:01 UTC,9200,31,135,,4,0,0,0,334
2022-04-13 11:57:01 UTC,9201,25,160,,0,0,0,0,334
2022-04-13 12:57:01 UTC,9202,10,170,,0,0,0,0,334
2022-04-13 13:57:01 UTC,9203,14,184,,0,0,0,0,334
2022-04-13 14:57:01 UTC,9204,8,192,,0,0,0,0,334
2022-04-13 15:57:01 UTC,9205,12,204,,0,0,0,0,334
2022-04-13 16:57:01 UTC,9206,9,213,,0,0,0,0,334
2022-04-13 17:57:01 UTC,9207,12,225,,0,0,0,0,334
2022-04-13 18:57:01 UTC,9208,16,241,,4,0,0,0,334
2022-04-13 19:57:01 UTC,9209,8,250,,0,0,0,0,334
2022-04-13 20:57:01 UTC,9210,8,258,,4,0,0,0,334
2022-04-13 21:57:01 UTC,9211,,,258,,,,,
