created_at,entry_id,field1,field2,field3,field4,field5,field6,field7,field8
2022-01-01 00:57:01 UTC,6742,0,3,,0,0,0,0,456
2022-01-01 01:57:01 UTC,6743,1,4,,0,0,0,0,456
2022-01-01 02:57:01 UTC,6744,1,5,,0,0,0,0,456
2022-01-01 03:57:01 UTC,6745,0,5,,4,0,0,0,456
2022-01-01 04:57:01 UTC,6746,0,5,,0,0,0,0,456
2022-01-01 05:57:01 UTC,6747,0,5,,0,0,0,0,456
2022-01-01 06:57:01 UTC,6748,2,7,,0,0,0,0,456
2022-01-01 07:57:01 UTC,6749,2,9,,4,0,0,0,456
2022-01-01 08:57:01 UTC,6750,3,14,,0,0,0,0,456
2022-01-01 09:57:01 UTC,6751,11,25,,0,0,0,0,456
2022-01-01 10:57:01 UTC,6752,30,55,,0,0,0,0,456
2022-01-01 11:57:01 UTC,6753,24,79,,4,0,0,0,456
2022-01-01 12:57:01 UTC,6754,23,104,,0,0,0,0,456
2022-01-01 13:57:01 UTC,6755,25,129,,0,0,0,0,456
2022-01-01 14:57:01 UTC,6756,13,142,,0,0,0,0,456
2022-01-01 15:57:01 UTC,6757,21,163,,4,0,0,0,456
2022-01-01 16:57:01 UTC,6758,24,190,,0,0,0,0,456
2022-01-01 17:57:01 UTC,6759,16,206,,0,0,0,0,456
2022-01-01 18:57:01 UTC,6760,12,218,,0,0,0,0,456
2022-01-01 19:57:01 UTC,6761,5,223,,4,0,0,0,456
2022-01-01 20:57:01 UTC,6762,10,235,,0,0,0,0,456
2022-01-01 21:57:01 UTC,6763,2,237,,4,0,0,0,456
2022-01-01 22:57:01 UTC,6764,,,237,,,,,
2022-01-01 23:57:01 UTC,6765,0,0,,0,0,0,0,242
2022-01-02 00:57:01 UTC,6766,1,1,,0,0,0,0,242
2022-01-02 01:57:01 UTC,6767,1,2,,0,0,0,0,242
2022-01-02 02:57:01 UTC,6768,0,2,,0,0,0,0,242
2022-01-02 03:57:01 UTC,6769,2,4,,4,0,0,0,242
2022-01-02 04:57:01 UTC,6770,2,8,,0,0,0,0,242
2022-01-02 05:57:01 UTC,6771,1,9,,0,0,0,0,242
2022-01-02 06:57:01 UTC,6772,4,13,,0,0,0,0,242
2022-01-02 07:57:01 UTC,6773,8,21,,4,0,0,0,242
2022-01-02 08:57:01 UTC,6774,14,38,,0,0,0,0,242
2022-01-02 09:57:01 UTC,6775,13,51,,0,0,0,0,242
2022-01-02 10:57:01 UTC,6776,18,69,,0,0,0,0,242
2022-01-02 11:57:01 UTC,6777,22,91,,4,0,0,0,242
2022-01-02 12:57:01 UTC,6778,11,105,,0,0,0,0,242
2022-01-02 13:57:01 UTC,6779,15,120,,0,0,0,0,242
2022-01-02 14:57:01 UTC,6780,17,137,,0,0,0,0,242
2022-01-02 15:57:01 UTC,6781,12,149,,4,0,0,0,242
2022-01-02 16:57:01 UTC,6782,14,164,,0,0,0,0,242
2022-01-02 17:57:01 UTC,6783,17,181,,0,0,0,0,242
2022-01-02 18:57:01 UTC,6784,21,202,,0,0,0,0,242
2022-01-02 19:57:01 UTC,6785,13,215,,4,0,0,0,242
2022-01-02 20:57:01 UTC,6786,4,220,,0,0,0,0,242
2022-01-02 21:57:01 UTC,6787,0,220,,4,0,0,0,242
2022-01-02 22:57:01 UTC,6788,,,220,,,,,
2022-01-02 23:57:01 UTC,6789,3,3,,0,0,0,0,222
2022-01-03 00:57:01 UTC,6790,3,6,,0,0,0,0,222
2022-01-03 01:57:01 UTC,6791,0,6,,0,0,0,0,222
2022-01-03 02:57:01 UTC,6792,0,6,,0,0,0,0,222
2022-01-03 03:57:01 UTC,6793,1,7,,4,0,0,0,222
2022-01-03 04:57:01 UTC,6794,2,9,,0,0,0,1,222
2022-01-03 05:57:01 UTC,6795,1,10,,0,0,0,1,222
2022-01-03 06:57:01 UTC,6796,2,12,,0,0,0,1,222
2022-01-03 07:57:01 UTC,6797,13,25,,4,0,0,1,222
2022-01-03 08:57:01 UTC,6798,326,377,,0,0,0,1,222
2022-01-03 09:57:01 UTC,6799,157,534,,0,0,0,1,222
2022-01-03 10:57:01 UTC,6800,32,566,,0,0,0,1,222
2022-01-03 11:57:01 UTC,6801,31,597,,4,0,0,1,222
2022-01-03 12:57:01 UTC,6802,28,626,,0,0,1,1,222
2022-01-03 13:57:01 UTC,6803,9,635,,0,0,1,1,222
2022-01-03 14:57:01 UTC,6804,25,660,,0,0,1,1,222
2022-01-03 15:57:01 UTC,6805,35,695,,4,0,1,1,222
2022-01-03 16:57:01 UTC,6806,35,732,,0,0,1,1,222
2022-01-03 17:57:01 UTC,6807,38,770,,0,0,1,1,222
2022-01-03 18:57:01 UTC,6808,23,793,,0,0,1,1,222
2022-01-03 19:57:01 UTC,6809,16,809,,4,0,1,1,222
2022-01-03 20:57:01 UTC,6810,5,814,,0,0,1,1,222
2022-01-03 21:57:01 UTC,6811,4,818,,4,0,1,1,222
2022-01-03 22:57:01 UTC,6812,,,818,,,,,
2022-01-03 23:57:01 UTC,6813,2,2,,0,0,0,0,819
2022-01-04 00:57:01 UTC,6814,2,4,,0,0,0,0,819
2022-01-04 01:57:01 UTC,6815,2,6,,0,0,0,0,819
2022-01-04 02:57:01 UTC,6816,1,7,,0,0,0,0,819
2022-01-04 03:57:01 UTC,6817,0,7,,4,0,0,0,819
2022-01-04 04:57:01 UTC,6818,5,12,,0,0,0,0,819
2022-01-04 05:57:01 UTC,6819,4,16,,0,0,0,0,819
2022-01-04 06:57:01 UTC,6820,9,25,,0,0,0,0,819
2022-01-04 07:57:01 UTC,6821,15,40,,4,0,0,0,819
2022-01-04 08:57:01 UTC,6822,22,64,,0,0,1,0,819
2022-01-04 09:57:01 UTC,6823,14,78,,0,0,1,0,819
2022-01-04 10:57:01 UTC,6824,32,110,,0,0,1,0,819
2022-01-04 11:57:01 UTC,6825,20,130,,4,0,1,0,819
2022-01-04 12:57:01 UTC,6826,20,152,,0,0,2,0,819
2022-01-04 13:57:01 UTC,6827,27,179,,0,0,2,0,819
2022-01-04 14:57:01 UTC,6828,33,212,,0,0,2,0,819
2022-01-04 15:57:01 UTC,6829,40,252,,4,0,2,0,819
2022-01-04 16:57:01 UTC,6830,34,288,,0,0,2,0,819
2022-01-04 17:57:01 UTC,6831,34,322,,0,0,2,0,819
2022-01-04 18:57:01 UTC,6832,23,345,,0,0,2,0,819
2022-01-04 19:57:01 UTC,6833,11,356,,4,0,2,0,819
2022-01-04 20:57:01 UTC,6834,7,363,,0,0,2,0,819
2022-01-04 21:57:01 UTC,6835,5,368,,4,0,2,0,819
2022-01-04 22:57:01 UTC,6836,,,368,,,,,
2022-01-04 23:57:01 UTC,6837,2,2,,0,0,0,0,368
2022-01-05 00:57:01 UTC,6838,4,6,,0,0,0,0,368
2022-01-05 01:57:01 UTC,6839,0,6,,0,0,0,0,368
2022-01-05 02:57:01 UTC,6840,0,6,,0,0,0,0,368
2022-01-05 03:57:01 UTC,6841,0,6,,4,0,0,0,368
2022-01-05 04:57:01 UTC,6842,2,8,,0,0,0,0,368
2022-01-05 05:57:01 UTC,6843,2,10,,0,0,0,0,368
2022-01-05 06:57:01 UTC,6844,3,13,,0,0,0,0,368
2022-01-05 07:57:01 UTC,6845,7,20,,4,0,0,0,368
2022-01-05 08:57:01 UTC,6846,17,39,,0,0,0,0,368
2022-01-05 09:57:01 UTC,6847,21,60,,0,0,0,0,368
2022-01-05 10:57:01 UTC,6848,40,100,,0,0,0,0,368
2022-01-05 11:57:01 UTC,6849,27,127,,4,0,0,0,368
2022-01-05 12:57:01 UTC,6850,23,151,,0,0,0,0,368
2022-01-05 13:57:01 UTC,6851,15,166,,0,0,0,0,368
2022-01-05 14:57:01 UTC,6852,29,195,,0,0,0,0,368
2022-01-05 15:57:01 UTC,6853,13,208,,4,0,0,0,368
2022-01-05 16:57:01 UTC,6854,9,217,,0,0,0,0,368
2022-01-05 17:57:01 UTC,6855,9,226,,0,0,0,0,368
2022-01-05 18:57:01 UTC,6856,15,241,,0,0,0,0,368
2022-01-05 19:57:01 UTC,6857,4,245,,4,0,0,0,368
2022-01-05 20:57:01 UTC,6858,6,252,,0,0,0,0,368
2022-01-05 21:57:01 UTC,6859,2,254,,4,0,0,0,368
2022-01-05 22:57:01 UTC,6860,,,254,,,,,
2022-01-05 23:57:01 UTC,6861,0,0,,0,0,0,0,258
2022-01-06 00:57:01 UTC,6862,1,1,,0,0,0,0,258
2022-01-06 01:57:01 UTC,6863,0,1,,0,0,0,0,258
2022-01-06 02:57:01 UTC,6864,0,1,,0,0,0,0,258
2022-01-06 03:57:01 UTC,6865,2,3,,4,0,0,0,258
2022-01-06 04:57:01 UTC,6866,1,5,,0,0,0,0,258
2022-01-06 05:57:01 UTC,6867,4,9,,0,0,0,0,258
2022-01-06 06:57:01 UTC,6868,8,17,,0,0,0,0,258
2022-01-06 07:57:01 UTC,6869,11,28,,4,0,0,0,258
2022-01-06 08:57:01 UTC,6870,19,47,,0,0,1,0,258
2022-01-06 09:57:01 UTC,6871,19,66,,0,0,1,0,258
2022-01-06 10:57:01 UTC,6872,22,88,,0,0,1,0,258
2022-01-06 11:57:01 UTC,6873,35,123,,4,0,1,0,258
2022-01-06 12:57:01 UTC,6874,10,135,,0,0,2,0,258
2022-01-06 13:57:01 UTC,6875,21,156,,0,0,2,0,258
2022-01-06 14:57:01 UTC,6876,12,168,,0,0,2,0,258
2022-01-06 15:57:01 UTC,6877,15,183,,4,0,2,0,258
2022-01-06 16:57:01 UTC,6878,28,212,,0,0,2,0,258
2022-01-06 17:57:01 UTC,6879,22,234,,0,0,2,0,258
2022-01-06 18:57:01 UTC,6880,18,252,,0,0,2,0,258
2022-01-06 19:57:01 UTC,6881,7,259,,4,0,2,0,258
2022-01-06 20:57:01 UTC,6882,12,271,,0,0,3,0,258
2022-01-06 21:57:01 UTC,6883,4,275,,4,0,3,0,258
2022-01-06 22:57:01 UTC,6884,,,275,,,,,
2022-01-06 23:57:01 UTC,6885,0,0,,0,0,0,0,277
2022-01-07 00:57:01 UTC,6886,0,0,,0,0,0,0,277
2022-01-07 01:57:01 UTC,6887,1,1,,0,0,0,0,277
2022-01-07 02:57:01 UTC,6888,0,1,,0,0,0,0,277
2022-01-07 03:57:01 UTC,6889,0,1,,4,0,0,0,277
2022-01-07 04:57:01 UTC,6890,2,3,,0,0,0,0,277
2022-01-07 05:57:01 UTC,6891,6,9,,0,0,0,0,277
2022-01-07 06:57:01 UTC,6892,9,18,,0,0,0,0,277
2022-01-07 07:57:01 UTC,6893,8,26,,4,0,0,0,277
2022-01-07 08:57:01 UTC,6894,9,35,,0,0,1,0,277
2022-01-07 09:57:01 UTC,6895,26,61,,0,0,1,0,277
2022-01-07 10:57:01 UTC,6896,26,87,,0,0,1,0,277
2022-01-07 11:57:01 UTC,6897,36,123,,4,0,1,0,277
2022-01-07 12:57:01 UTC,6898,28,156,,0,0,2,0,277
2022-01-07 13:57:01 UTC,6899,20,176,,0,0,2,0,277
2022-01-07 14:57:01 UTC,6900,31,207,,0,0,2,0,277
2022-01-07 15:57:01 UTC,6901,25,232,,4,0,2,0,277
2022-01-07 16:57:01 UTC,6902,23,257,,0,0,3,0,277
2022-01-07 17:57:01 UTC,6903,20,277,,0,0,3,0,277
2022-01-07 18:57:01 UTC,6904,20,297,,0,0,3,0,277
2022-01-07 19:57:01 UTC,6905,12,309,,4,0,3,0,277
2022-01-07 20:57:01 UTC,6906,14,323,,0,0,3,0,277
2022-01-07 21:57:01 UTC,6907,11,334,,4,0,3,0,277
2022-01-07 22:57:01 UTC,6908,,,334,,,,,
2022-01-07 23:57:01 UTC,6909,2,2,,0,0,0,0,336
2022-01-08 00:57:01 UTC,6910,1,3,,0,0,0,0,336
2022-01-08 01:57:01 UTC,6911,0,3,,0,0,0,0,336
2022-01-08 02:57:01 UTC,6912,0,3,,0,0,0,0,336
2022-01-08 03:57:01 UTC,6913,0,3,,4,0,0,0,336
2022-01-08 04:57:01 UTC,6914,2,7,,0,0,0,0,336
2022-01-08 05:57:01 UTC,6915,0,7,,0,0,0,0,336
2022-01-08 06:57:01 UTC,6916,7,14,,0,0,0,0,336
2022-01-08 07:57:01 UTC,6917,8,22,,4,0,0,0,336
2022-01-08 08:57:01 UTC,6918,12,36,,0,0,1,0,336
2022-01-08 09:57:01 UTC,6919,24,60,,0,0,1,0,336
2022-01-08 10:57:01 UTC,6920,38,98,,0,0,1,0,336
2022-01-08 11:57:01 UTC,6921,65,163,,4,0,1,0,336
2022-01-08 12:57:01 UTC,6922,50,221,,0,0,1,0,336
2022-01-08 13:57:01 UTC,6923,34,255,,0,0,1,0,336
2022-01-08 14:57:01 UTC,6924,25,280,,0,0,1,0,336
2022-01-08 15:57:01 UTC,6925,22,302,,4,0,1,0,336
2022-01-08 16:57:01 UTC,6926,17,320,,0,0,1,0,336
2022-01-08 17:57:01 UTC,6927,16,336,,0,0,1,0,336
2022-01-08 18:57:01 UTC,6928,17,353,,0,0,1,0,336
2022-01-08 19:57:01 UTC,6929,16,369,,4,0,1,0,336
2022-01-08 20:57:01 UTC,6930,2,371,,0,0,1,0,336
2022-01-08 21:57:01 UTC,6931,6,377,,4,0,1,0,336
2022-01-08 22:57:01 UTC,6932,,,377,,,,,
2022-01-08 23:57:01 UTC,6933,4,4,,0,0,0,0,380
2022-01-09 00:57:01 UTC,6934,1,5,,0,0,0,0,380
2022-01-09 01:57:01 UTC,6935,0,5,,0,0,0,0,380
2022-01-09 02:57:01 UTC,6936,0,5,,0,0,0,0,380
2022-01-09 03:57:01 UTC,6937,0,5,,4,0,0,0,380
2022-01-09 04:57:01 UTC,6938,1,6,,0,0,0,0,380
2022-01-09 05:57:01 UTC,6939,1,7,,0,0,0,0,380
2022-01-09 06:57:01 UTC,6940,3,10,,0,0,0,0,380
2022-01-09 07:57:01 UTC,6941,14,24,,4,0,0,0,380
2022-01-09 08:57:01 UTC,6942,15,41,,0,0,0,0,380
2022-01-09 09:57:01 UTC,6943,10,51,,0,0,0,0,380
2022-01-09 10:57:01 UTC,6944,7,58,,0,0,0,0,380
2022-01-09 11:57:01 UTC,6945,14,72,,4,0,0,0,380
2022-01-09 12:57:01 UTC,6946,6,78,,0,0,0,0,380
2022-01-09 13:57:01 UTC,6947,0,78,,0,0,0,0,380
2022-01-09 14:57:01 UTC,6948,0,78,,0,0,0,0,380
2022-01-09 15:57:01 UTC,6949,7,85,,4,0,0,0,380
2022-01-09 16:57:01 UTC,6950,8,95,,0,0,0,0,380
2022-01-09 17:57:01 UTC,6951,7,102,,0,0,0,0,380
2022-01-09 18:57:01 UTC,6952,4,106,,0,0,0,0,380
2022-01-09 19:57:01 UTC,6953,5,111,,4,0,0,0,380
2022-01-09 20:57:01 UTC,6954,3,115,,0,0,1,0,380
2022-01-09 21:57:01 UTC,6955,2,117,,4,0,1,0,380
2022-01-09 22:57:01 UTC,6956,,,117,,,,,
