created_at,entry_id,field1,field2,field3,field4,field5,field6,field7,field8
2021-12-01 00:57:01 UTC,5998,0,2,,0,0,0,0,354
2021-12-01 01:57:01 UTC,5999,0,2,,0,0,0,0,354
2021-12-01 02:57:01 UTC,6000,0,2,,0,0,0,0,354
2021-12-01 03:57:01 UTC,6001,1,3,,4,0,0,0,354
2021-12-01 04:57:01 UTC,6002,1,5,,0,0,0,0,354
2021-12-01 05:57:01 UTC,6003,12,17,,0,0,0,0,354
2021-12-01 06:57:01 UTC,6004,15,32,,0,0,0,0,354
2021-12-01 07:57:01 UTC,6005,13,45,,4,0,0,0,354
2021-12-01 08:57:01 UTC,6006,9,57,,0,0,1,0,354
2021-12-01 09:57:01 UTC,6007,11,68,,0,0,1,0,354
2021-12-01 10:57:01 UTC,6008,14,82,,0,0,1,0,354
2021-12-01 11:57:01 UTC,6009,14,96,,4,0,1,0,354
2021-12-01 12:57:01 UTC,6010,9,106,,0,0,1,0,354
2021-12-01 13:57:01 UTC,6011,15,121,,0,0,1,0,354
2021-12-01 14:57:01 UTC,6012,3,124,,0,0,1,0,354
2021-12-01 15:57:01 UTC,6013,9,133,,4,0,1,0,354
2021-12-01 16:57:01 UTC,6014,7,140,,0,0,1,0,354
2021-12-01 17:57:01 UTC,6015,7,147,,0,0,1,0,354
2021-12-01 18:57:01 UTC,6016,6,153,,0,0,1,0,354
2021-12-01 19:57:01 UTC,6017,2,155,,4,0,1,0,354
2021-12-01 20:57:01 UTC,6018,1,156,,0,0,1,0,354
2021-12-01 21:57:01 UTC,6019,4,160,,4,0,1,0,354
2021-12-01 22:57:01 UTC,6020,,,160,,,,,
2021-12-01 23:57:01 UTC,6021,1,1,,0,0,0,0,160
2021-12-02 00:57:01 UTC,6022,0,1,,0,0,0,0,160
2021-12-02 01:57:01 UTC,6023,0,1,,0,0,0,0,160
2021-12-02 02:57:01 UTC,6024,0,1,,0,0,0,0,160
2021-12-02 03:57:01 UTC,6025,0,1,,4,0,0,0,160
2021-12-02 04:57:01 UTC,6026,3,4,,0,0,0,0,160
2021-12-02 05:57:01 UTC,6027,4,8,,0,0,0,0,160
2021-12-02 06:57:01 UTC,6028,2,10,,0,0,0,0,160
2021-12-02 07:57:01 UTC,6029,8,18,,4,0,0,0,160
2021-12-02 08:57:01 UTC,6030,16,35,,0,0,0,0,160
2021-12-02 09:57:01 UTC,6031,8,43,,0,0,0,0,160
2021-12-02 10:57:01 UTC,6032,6,49,,0,0,0,0,160
2021-12-02 11:57:01 UTC,6033,6,55,,4,0,0,0,160
2021-12-02 12:57:01 UTC,6034,4,59,,0,0,0,0,160
2021-12-02 13:57:01 UTC,6035,1,60,,0,0,0,0,160
2021-12-02 14:57:01 UTC,6036,2,62,,0,0,0,0,160
2021-12-02 15:57:01 UTC,6037,7,69,,4,0,0,0,160
2021-12-02 16:57:01 UTC,6038,14,83,,0,0,0,0,160
2021-12-02 17:57:01 UTC,6039,12,95,,0,0,0,0,160
2021-12-02 18:57:01 UTC,6040,8,103,,0,0,0,0,160
2021-12-02 19:57:01 UTC,6041,17,120,,4,0,0,0,160
2021-12-02 20:57:01 UTC,6042,4,124,,0,0,0,0,160
2021-12-02 21:57:01 UTC,6043,2,126,,4,0,0,0,160
2021-12-02 22:57:01 UTC,6044,,,126,,,,,
2021-12-02 23:57:01 UTC,6045,3,3,,0,0,0,0,127
2021-12-03 00:57:01 UTC,6046,1,4,,0,0,0,0,127
2021-12-03 01:57:01 UTC,6047,2,6,,0,0,0,0,127
2021-12-03 02:57:01 UTC,6048,0,6,,0,0,0,0,127
2021-12-03 03:57:01 UTC,6049,0,6,,4,0,0,0,127
2021-12-03 04:57:01 UTC,6050,2,8,,0,0,1,0,127
2021-12-03 05:57:01 UTC,6051,2,10,,0,0,1,0,127
2021-12-03 06:57:01 UTC,6052,6,16,,0,0,1,0,127
2021-12-03 07:57:01 UTC,6053,11,27,,4,0,1,0,127
2021-12-03 08:57:01 UTC,6054,7,34,,0,0,1,0,127
2021-12-03 09:57:01 UTC,6055,16,50,,0,0,1,0,127
2021-12-03 10:57:01 UTC,6056,21,71,,0,0,1,0,127
2021-12-03 11:57:01 UTC,6057,28,99,,4,0,1,0,127
2021-12-03 12:57:01 UTC,6058,15,115,,0,0,1,0,127
2021-12-03 13:57:01 UTC,6059,22,137,,0,0,1,0,127
2021-12-03 14:57:01 UTC,6060,19,156,,0,0,1,0,127
2021-12-03 15:57:01 UTC,6061,21,177,,4,0,1,0,127
2021-12-03 16:57:01 UTC,6062,20,198,,0,0,2,0,127
2021-12-03 17:57:01 UTC,6063,16,214,,0,0,2,0,127
2021-12-03 18:57:01 UTC,6064,19,233,,0,0,2,0,127
2021-12-03 19:57:01 UTC,6065,15,248,,4,0,2,0,127
2021-12-03 20:57:01 UTC,6066,7,256,,0,0,2,0,127
2021-12-03 21:57:01 UTC,6067,5,261,,4,0,2,0,127
2021-12-03 22:57:01 UTC,6068,,,261,,,,,
2021-12-03 23:57:01 UTC,6069,2,2,,0,0,0,0,264
2021-12-04 00:57:01 UTC,6070,3,5,,0,0,0,0,264
2021-12-04 01:57:01 UTC,6071,0,5,,0,0,0,0,264
2021-12-04 02:57:01 UTC,6072,0,5,,0,0,0,0,264
2021-12-04 03:57:01 UTC,6073,0,5,,4,0,0,0,264
2021-12-04 04:57:01 UTC,6074,1,6,,0,0,0,0,264
2021-12-04 05:57:01 UTC,6075,2,8,,0,0,0,0,264
2021-12-04 06:57:01 UTC,6076,4,12,,0,0,0,0,264
2021-12-04 07:57:01 UTC,6077,16,28,,4,0,0,0,264
2021-12-04 08:57:01 UTC,6078,12,42,,0,0,0,0,264
2021-12-04 09:57:01 UTC,6079,25,67,,0,0,0,0,264
2021-12-04 10:57:01 UTC,6080,28,95,,0,0,0,0,264
2021-12-04 11:57:01 UTC,6081,33,128,,4,0,0,0,264
2021-12-04 12:57:01 UTC,6082,22,152,,0,0,0,0,264
2021-12-04 13:57:01 UTC,6083,20,172,,0,0,0,0,264
2021-12-04 14:57:01 UTC,6084,10,182,,0,0,0,0,264
2021-12-04 15:57:01 UTC,6085,13,195,,4,0,0,0,264
2021-12-04 16:57:01 UTC,6086,20,216,,0,0,0,0,264
2021-12-04 17:57:01 UTC,6087,19,235,,0,0,0,0,264
2021-12-04 18:57:01 UTC,6088,14,249,,0,0,0,0,264
2021-12-04 19:57:01 UTC,6089,34,283,,4,0,0,0,264
2021-12-04 20:57:01 UTC,6090,8,292,,0,0,0,0,264
2021-12-04 21:57:01 UTC,6091,7,299,,4,0,0,0,264
2021-12-04 22:57:01 UTC,6092,,,299,,,,,
2021-12-04 23:57:01 UTC,6093,2,2,,0,0,0,0,301
2021-12-05 00:57:01 UTC,6094,0,2,,0,0,0,0,301
2021-12-05 01:57:01 UTC,6095,1,3,,0,0,0,0,301
2021-12-05 02:57:01 UTC,6096,5,8,,0,0,0,0,301
2021-12-05 03:57:01 UTC,6097,0,8,,4,0,0,0,301
2021-12-05 04:57:01 UTC,6098,1,9,,0,0,0,0,301
2021-12-05 05:57:01 UTC,6099,5,14,,0,0,0,0,301
2021-12-05 06:57:01 UTC,6100,9,23,,0,0,0,0,301
2021-12-05 07:57:01 UTC,6101,8,31,,4,0,0,0,301
2021-12-05 08:57:01 UTC,6102,17,49,,0,0,0,0,301
2021-12-05 09:57:01 UTC,6103,16,65,,0,0,0,0,301
2021-12-05 10:57:01 UTC,6104,29,94,,0,0,0,0,301
2021-12-05 11:57:01 UTC,6105,31,125,,4,0,0,0,301
2021-12-05 12:57:01 UTC,6106,13,138,,0,0,1,0,301
2021-12-05 13:57:01 UTC,6107,6,144,,0,0,1,0,301
2021-12-05 14:57:01 UTC,6108,11,155,,0,0,1,0,301
2021-12-05 15:57:01 UTC,6109,9,164,,4,0,1,0,301
2021-12-05 16:57:01 UTC,6110,15,179,,0,0,1,0,301
2021-12-05 17:57:01 UTC,6111,8,187,,0,0,1,0,301
2021-12-05 18:57:01 UTC,6112,12,199,,0,0,1,0,301
2021-12-05 19:57:01 UTC,6113,14,213,,4,0,1,0,301
2021-12-05 20:57:01 UTC,6114,4,217,,0,0,2,0,301
2021-12-05 21:57:01 UTC,6115,4,221,,4,0,2,0,301
2021-12-05 22:57:01 UTC,6116,,,221,,,,,
2021-12-05 23:57:01 UTC,6117,0,0,,0,0,0,0,223
2021-12-06 00:57:01 UTC,6118,1,1,,0,0,0,0,223
2021-12-06 01:57:01 UTC,6119,0,1,,0,0,0,0,223
2021-12-06 02:57:01 UTC,6120,0,1,,0,0,0,0,223
2021-12-06 03:57:01 UTC,6121,2,3,,4,0,0,0,223
2021-12-06 04:57:01 UTC,6122,1,4,,0,0,0,0,223
2021-12-06 05:57:01 UTC,6123,1,5,,0,0,0,0,223
2021-12-06 06:57:01 UTC,6124,4,9,,0,0,0,0,223
2021-12-06 07:57:01 UTC,6125,7,16,,4,0,0,0,223
2021-12-06 08:57:01 UTC,6126,12,28,,0,0,0,0,223
2021-12-06 09:57:01 UTC,6127,15,43,,0,0,0,0,223
2021-12-06 10:57:01 UTC,6128,19,62,,0,0,0,0,223
2021-12-06 11:57:01 UTC,6129,13,75,,4,0,0,0,223
2021-12-06 12:57:01 UTC,6130,9,87,,0,0,0,0,223
2021-12-06 13:57:01 UTC,6131,13,100,,0,0,0,0,223
2021-12-06 14:57:01 UTC,6132,21,121,,0,0,0,0,223
2021-12-06 15:57:01 UTC,6133,14,135,,4,0,0,0,223
2021-12-06 16:57:01 UTC,6134,19,155,,0,0,0,0,223
2021-12-06 17:57:01 UTC,6135,23,178,,0,0,0,0,223
2021-12-06 18:57:01 UTC,6136,15,193,,0,0,0,0,223
2021-12-06 19:57:01 UTC,6137,13,206,,4,0,0,0,223
2021-12-06 20:57:01 UTC,6138,3,209,,0,0,0,0,223
2021-12-06 21:57:01 UTC,6139,8,217,,4,0,0,0,223
2021-12-06 22:57:01 UTC,6140,,,217,,,,,
2021-12-06 23:57:01 UTC,6141,0,0,,0,0,0,0,217
2021-12-07 00:57:01 UTC,6142,0,0,,0,0,0,0,217
2021-12-07 01:57:01 UTC,6143,0,0,,0,0,0,0,217
2021-12-07 02:57:01 UTC,6144,2,2,,0,0,0,0,217
2021-12-07 03:57:01 UTC,6145,0,2,,4,0,0,0,217
2021-12-07 04:57:01 UTC,6146,3,6,,0,0,0,0,217
2021-12-07 05:57:01 UTC,6147,6,12,,0,0,0,0,217
2021-12-07 06:57:01 UTC,6148,4,16,,0,0,0,0,217
2021-12-07 07:57:01 UTC,6149,17,33,,4,0,0,0,217
2021-12-07 08:57:01 UTC,6150,16,50,,0,0,0,0,217
2021-12-07 09:57:01 UTC,6151,32,82,,0,0,0,0,217
2021-12-07 10:57:01 UTC,6152,37,119,,0,0,0,0,217
2021-12-07 11:57:01 UTC,6153,32,151,,4,0,0,0,217
2021-12-07 12:57:01 UTC,6154,23,176,,0,0,0,0,217
2021-12-07 13:57:01 UTC,6155,22,198,,0,0,0,0,217
2021-12-07 14:57:01 UTC,6156,33,231,,0,0,0,0,217
2021-12-07 15:57:01 UTC,6157,35,266,,4,0,0,0,217
2021-12-07 16:57:01 UTC,6158,39,307,,0,0,0,0,217
2021-12-07 17:57:01 UTC,6159,24,331,,0,0,0,0,217
2021-12-07 18:57:01 UTC,6160,14,345,,0,0,0,0,217
2021-12-07 19:57:01 UTC,6161,13,358,,4,0,0,0,217
2021-12-07 20:57:01 UTC,6162,6,364,,0,0,0,0,217
2021-12-07 21:57:01 UTC,6163,4,368,,4,0,0,0,217
2021-12-07 22:57:01 UTC,6164,,,368,,,,,
2021-12-07 23:57:01 UTC,6165,2,2,,0,0,0,0,371
2021-12-08 00:57:01 UTC,6166,2,4,,0,0,0,0,371
2021-12-08 01:57:01 UTC,6167,0,4,,0,0,0,0,371
2021-12-08 02:57:01 UTC,6168,3,7,,0,0,0,0,371
2021-12-08 03:57:01 UTC,6169,0,7,,4,0,0,0,371
2021-12-08 04:57:01 UTC,6170,1,8,,0,0,0,0,371
2021-12-08 05:57:01 UTC,6171,2,10,,0,0,0,0,371
2021-12-08 06:57:01 UTC,6172,10,20,,0,0,0,0,371
2021-12-08 07:57:01 UTC,6173,11,31,,4,0,0,0,371
2021-12-08 08:57:01 UTC,6174,24,56,,0,0,1,0,371
2021-12-08 09:57:01 UTC,6175,15,71,,0,0,1,0,371
2021-12-08 10:57:01 UTC,6176,18,89,,0,0,1,0,371
2021-12-08 11:57:01 UTC,6177,12,101,,4,0,1,0,371
2021-12-08 12:57:01 UTC,6178,6,108,,0,0,1,0,371
2021-12-08 13:57:01 UTC,6179,2,110,,0,0,1,0,371
2021-12-08 14:57:01 UTC,6180,4,114,,0,0,1,0,371
2021-12-08 15:57:01 UTC,6181,2,116,,4,0,1,0,371
2021-12-08 16:57:01 UTC,6182,0,116,,0,0,1,0,371
2021-12-08 17:57:01 UTC,6183,0,116,,0,0,1,0,371
2021-12-08 18:57:01 UTC,6184,1,117,,0,0,1,0,371
2021-12-08 19:57:01 UTC,6185,9,126,,4,0,1,0,371
2021-12-08 20:57:01 UTC,6186,1,127,,0,0,1,0,371
2021-12-08 21:57:01 UTC,6187,4,131,,4,0,1,0,371
2021-12-08 22:57:01 UTC,6188,,,131,,,,,
2021-12-08 23:57:01 UTC,6189,0,0,,0,0,0,0,131
2021-12-09 00:57:01 UTC,6190,0,0,,0,0,0,0,131
2021-12-09 01:57:01 UTC,6191,0,0,,0,0,0,0,131
2021-12-09 02:57:01 UTC,6192,0,0,,0,0,0,0,131
2021-12-09 03:57:01 UTC,6193,0,0,,4,0,0,0,131
2021-12-09 04:57:01 UTC,6194,2,2,,0,0,0,0,131
2021-12-09 05:57:01 UTC,6195,3,5,,0,0,0,0,131
2021-12-09 06:57:01 UTC,6196,3,8,,0,0,0,0,131
2021-12-09 07:57:01 UTC,6197,6,14,,4,0,0,0,131
2021-12-09 08:57:01 UTC,6198,13,32,,0,0,0,0,131
2021-12-09 09:57:01 UTC,6199,18,50,,0,0,0,0,131
2021-12-09 10:57:01 UTC,6200,28,78,,0,0,0,0,131
2021-12-09 11:57:01 UTC,6201,9,87,,4,0,0,0,131
2021-12-09 12:57:01 UTC,6202,15,102,,0,0,0,0,131
2021-12-09 13:57:01 UTC,6203,12,114,,0,0,0,0,131
2021-12-09 14:57:01 UTC,6204,13,127,,0,0,0,0,131
2021-12-09 15:57:01 UTC,6205,13,140,,4,0,0,0,131
2021-12-09 16:57:01 UTC,6206,14,155,,0,0,1,0,131
2021-12-09 17:57:01 UTC,6207,15,170,,0,0,1,0,131
2021-12-09 18:57:01 UTC,6208,16,186,,0,0,1,0,131
2021-12-09 19:57:01 UTC,6209,5,191,,4,0,1,0,131
2021-12-09 20:57:01 UTC,6210,3,196,,0,0,1,0,131
2021-12-09 21:57:01 UTC,6211,1,197,,4,0,1,0,131
2021-12-09 22:57:01 UTC,6212,,,197,,,,,
2021-12-09 23:57:01 UTC,6213,13,13,,0,0,0,0,204
2021-12-10 00:57:01 UTC,6214,1,14,,0,0,0,0,204
2021-12-10 01:57:01 UTC,6215,0,14,,0,0,0,0,204
2021-12-10 02:57:01 UTC,6216,1,15,,0,0,0,0,204
2021-12-10 03:57:01 UTC,6217,0,15,,4,0,0,0,204
2021-12-10 04:57:01 UTC,6218,3,19,,0,0,0,0,204
2021-12-10 05:57:01 UTC,6219,11,30,,0,0,0,0,204
2021-12-10 06:57:01 UTC,6220,8,38,,0,0,0,0,204
2021-12-10 07:57:01 UTC,6221,9,47,,4,0,0,0,204
2021-12-10 08:57:01 UTC,6222,15,67,,0,0,0,0,204
2021-12-10 09:57:01 UTC,6223,11,78,,0,0,0,0,204
2021-12-10 10:57:01 UTC,6224,14,92,,0,0,0,0,204
2021-12-10 11:57:01 UTC,6225,8,100,,4,0,0,0,204
2021-12-10 12:57:01 UTC,6226,16,117,,0,0,0,0,204
2021-12-10 13:57:01 UTC,6227,8,125,,0,0,0,0,204
2021-12-10 14:57:01 UTC,6228,5,130,,0,0,0,0,204
2021-12-10 15:57:01 UTC,6229,1,131,,4,0,0,0,204
2021-12-10 16:57:01 UTC,6230,4,135,,0,0,0,0,204
2021-12-10 17:57:01 UTC,6231,6,141,,0,0,0,0,204
2021-12-10 18:57:01 UTC,6232,8,149,,0,0,0,0,204
2021-12-10 19:57:01 UTC,6233,1,150,,4,0,0,0,204
2021-12-10 20:57:01 UTC,6234,4,154,,0,0,0,0,204
2021-12-10 21:57:01 UTC,6235,4,158,,4,0,0,0,204
2021-12-10 22:57:01 UTC,6236,,,158,,,,,
2021-12-10 23:57:01 UTC,6237,2,2,,0,0,0,0,158
2021-12-11 00:57:01 UTC,6238,1,3,,0,0,0,0,158
2021-12-11 01:57:01 UTC,6239,1,4,,0,0,0,0,158
2021-12-11 02:57:01 UTC,6240,0,4,,0,0,0,0,158
2021-12-11 03:57:01 UTC,6241,0,4,,4,0,0,0,158
2021-12-11 04:57:01 UTC,6242,2,6,,0,0,0,0,158
2021-12-11 05:57:01 UTC,6243,3,9,,0,0,0,0,158
2021-12-11 06:57:01 UTC,6244,10,19,,0,0,0,0,158
2021-12-11 07:57:01 UTC,6245,5,24,,4,0,0,0,158
2021-12-11 08:57:01 UTC,6246,13,39,,0,0,0,0,158
2021-12-11 09:57:01 UTC,6247,21,60,,0,0,0,0,158
2021-12-11 10:57:01 UTC,6248,23,83,,0,0,0,0,158
2021-12-11 11:57:01 UTC,6249,22,105,,4,0,0,0,158
2021-12-11 12:57:01 UTC,6250,8,113,,0,0,0,0,158
2021-12-11 13:57:01 UTC,6251,8,121,,0,0,0,0,158
2021-12-11 14:57:01 UTC,6252,15,136,,0,0,0,0,158
2021-12-11 15:57:01 UTC,6253,15,151,,4,0,0,0,158
2021-12-11 16:57:01 UTC,6254,17,169,,0,0,0,0,158
2021-12-11 17:57:01 UTC,6255,12,181,,0,0,0,0,158
2021-12-11 18:57:01 UTC,6256,7,188,,0,0,0,0,158
2021-12-11 19:57:01 UTC,6257,17,205,,4,0,0,0,158
2021-12-11 20:57:01 UTC,6258,12,219,,0,0,0,0,158
2021-12-11 21:57:01 UTC,6259,8,227,,4,0,0,0,158
2021-12-11 22:57:01 UTC,6260,,,227,,,,,
2021-12-11 23:57:01 UTC,6261,2,2,,0,0,0,0,231
2021-12-12 00:57:01 UTC,6262,2,4,,0,0,0,0,231
2021-12-12 01:57:01 UTC,6263,4,8,,0,0,0,0,231
2021-12-12 02:57:01 UTC,6264,1,9,,0,0,0,0,231
2021-12-12 03:57:01 UTC,6265,0,9,,4,0,0,0,231
2021-12-12 04:57:01 UTC,6266,0,10,,0,0,0,0,231
2021-12-12 05:57:01 UTC,6267,1,11,,0,0,0,0,231
2021-12-12 06:57:01 UTC,6268,7,18,,0,0,0,0,231
2021-12-12 07:57:01 UTC,6269,14,32,,4,0,0,0,231
2021-12-12 08:57:01 UTC,6270,20,53,,0,0,0,0,231
2021-12-12 09:57:01 UTC,6271,47,100,,0,0,0,0,231
2021-12-12 10:57:01 UTC,6272,33,133,,0,0,0,0,231
2021-12-12 11:57:01 UTC,6273,47,180,,4,0,0,0,231
2021-12-12 12:57:01 UTC,6274,24,205,,0,0,1,0,231
2021-12-12 13:57:01 UTC,6275,17,222,,0,0,1,0,231
2021-12-12 14:57:01 UTC,6276,12,234,,0,0,1,0,231
2021-12-12 15:57:01 UTC,6277,10,244,,4,0,1,0,231
2021-12-12 16:57:01 UTC,6278,9,255,,0,0,1,0,231
2021-12-12 17:57:01 UTC,6279,16,271,,0,0,1,0,231
2021-12-12 18:57:01 UTC,6280,13,284,,0,0,1,0,231
2021-12-12 19:57:01 UTC,6281,3,287,,4,0,1,0,231
2021-12-12 20:57:01 UTC,6282,5,292,,0,0,1,0,231
2021-12-12 21:57:01 UTC,6283,6,298,,4,0,1,0,231
2021-12-12 22:57:01 UTC,6284,,,298,,,,,
2021-12-12 23:57:01 UTC,6285,1,1,,0,0,0,0,300
2021-12-13 00:57:01 UTC,6286,0,1,,0,0,0,0,300
2021-12-13 01:57:01 UTC,6287,1,2,,0,0,0,0,300
2021-12-13 02:57:01 UTC,6288,1,3,,0,0,0,0,300
2021-12-13 03:57:01 UTC,6289,1,4,,4,0,0,0,300
2021-12-13 04:57:01 UTC,6290,5,9,,0,0,0,0,300
2021-12-13 05:57:01 UTC,6291,3,12,,0,0,0,0,300
2021-12-13 06:57:01 UTC,6292,5,17,,0,0,0,0,300
2021-12-13 07:57:01 UTC,6293,8,25,,4,0,0,0,300
2021-12-13 08:57:01 UTC,6294,17,43,,0,0,0,0,300
2021-12-13 09:57:01 UTC,6295,23,66,,0,0,0,0,300
2021-12-13 10:57:01 UTC,6296,34,100,,0,0,0,0,300
2021-12-13 11:57:01 UTC,6297,23,123,,4,0,0,0,300
2021-12-13 12:57:01 UTC,6298,26,149,,0,0,0,0,300
2021-12-13 13:57:01 UTC,6299,19,168,,0,0,0,0,300
2021-12-13 14:57:01 UTC,6300,28,196,,0,0,0,0,300
2021-12-13 15:57:01 UTC,6301,29,225,,4,0,0,0,300
2021-12-13 16:57:01 UTC,6302,42,272,,0,0,0,0,300
2021-12-13 17:57:01 UTC,6303,49,321,,0,0,0,0,300
2021-12-13 18:57:01 UTC,6304,50,371,,0,0,0,0,300
2021-12-13 19:57:01 UTC,6305,20,391,,4,0,0,0,300
2021-12-13 20:57:01 UTC,6306,8,401,,0,0,1,0,300
2021-12-13 21:57:01 UTC,6307,7,408,,4,0,1,0,300
2021-12-13 22:57:01 UTC,6308,,,408,,,,,
