created_at,entry_id,field1,field2,field3,field4,field5,field6,field7,field8
2022-02-01 00:57:01 UTC,7486,3,3,,0,0,0,1,164
2022-02-01 01:57:01 UTC,7487,0,3,,0,0,0,1,164
2022-02-01 02:57:01 UTC,7488,0,3,,0,0,0,1,164
2022-02-01 03:57:01 UTC,7489,1,4,,4,0,0,1,164
2022-02-01 04:57:01 UTC,7490,1,5,,0,0,0,1,164
2022-02-01 05:57:01 UTC,7491,5,10,,0,0,0,1,164
2022-02-01 06:57:01 UTC,7492,7,17,,0,0,0,1,164
2022-02-01 07:57:01 UTC,7493,15,32,,4,0,0,1,164
2022-02-01 08:57:01 UTC,7494,14,49,,0,0,0,1,164
2022-02-01 09:57:01 UTC,7495,21,70,,0,0,0,1,164
2022-02-01 10:57:01 UTC,7496,20,90,,0,0,0,1,164
2022-02-01 11:57:01 UTC,7497,16,106,,4,0,0,1,164
2022-02-01 12:57:01 UTC,7498,20,126,,0,0,0,1,164
2022-02-01 13:57:01 UTC,7499,16,142,,0,0,0,1,164
2022-02-01 14:57:01 UTC,7500,17,159,,0,0,0,1,164
2022-02-01 15:57:01 UTC,7501,18,177,,4,0,0,1,164
2022-02-01 16:57:01 UTC,7502,36,213,,0,0,0,1,164
2022-02-01 17:57:01 UTC,7503,22,235,,0,0,0,1,164
2022-02-01 18:57:01 UTC,7504,14,249,,0,0,0,1,164
2022-02-01 19:57:01 UTC,7505,12,261,,4,0,0,1,164
2022-02-01 20:57:01 UTC,7506,5,268,,0,0,0,1,164
2022-02-01 21:57:01 UTC,7507,4,272,,4,0,0,1,164
2022-02-01 22:57:01 UTC,7508,,,272,,,,,
2022-02-01 23:57:01 UTC,7509,1,1,,0,0,0,0,272
2022-02-02 00:57:01 UTC,7510,1,2,,0,0,0,0,272
2022-02-02 01:57:01 UTC,7511,0,2,,0,0,0,0,272
2022-02-02 02:57:01 UTC,7512,0,2,,0,0,0,0,272
2022-02-02 03:57:01 UTC,7513,0,2,,4,0,0,0,272
2022-02-02 04:57:01 UTC,7514,2,4,,0,0,0,0,272
2022-02-02 05:57:01 UTC,7515,2,6,,0,0,0,0,272
2022-02-02 06:57:01 UTC,7516,9,15,,0,0,0,0,272
2022-02-02 07:57:01 UTC,7517,7,22,,4,0,0,0,272
2022-02-02 08:57:01 UTC,7518,14,38,,0,0,0,0,272
2022-02-02 09:57:01 UTC,7519,19,57,,0,0,0,0,272
2022-02-02 10:57:01 UTC,7520,32,89,,0,0,0,0,272
2022-02-02 11:57:01 UTC,7521,32,121,,4,0,0,0,272
2022-02-02 12:57:01 UTC,7522,36,159,,0,0,0,0,272
2022-02-02 13:57:01 UTC,7523,21,180,,0,0,0,0,272
2022-02-02 14:57:01 UTC,7524,16,196,,0,0,0,0,272
2022-02-02 15:57:01 UTC,7525,19,215,,4,0,0,0,272
2022-02-02 16:57:01 UTC,7526,18,235,,0,0,0,0,272
2022-02-02 17:57:01 UTC,7527,21,256,,0,0,0,0,272
2022-02-02 18:57:01 UTC,7528,21,277,,0,0,0,0,272
2022-02-02 19:57:01 UTC,7529,7,284,,4,0,0,0,272
2022-02-02 20:57:01 UTC,7530,4,289,,0,0,0,0,272
2022-02-02 21:57:01 UTC,7531,5,294,,4,0,0,0,272
2022-02-02 22:57:01 UTC,7532,,,294,,,,,
2022-02-02 23:57:01 UTC,7533,3,3,,0,0,0,0,297
2022-02-03 00:57:01 UTC,7534,3,6,,0,0,0,0,297
2022-02-03 01:57:01 UTC,7535,0,6,,0,0,0,0,297
2022-02-03 02:57:01 UTC,7536,0,6,,0,0,0,0,297
2022-02-03 03:57:01 UTC,7537,1,7,,4,0,0,0,297
2022-02-03 04:57:01 UTC,7538,2,10,,0,0,0,0,297
2022-02-03 05:57:01 UTC,7539,2,12,,0,0,0,0,297
2022-02-03 06:57:01 UTC,7540,7,19,,0,0,0,0,297
2022-02-03 07:57:01 UTC,7541,10,29,,4,0,0,0,297
2022-02-03 08:57:01 UTC,7542,12,44,,0,0,0,0,297
2022-02-03 09:57:01 UTC,7543,19,63,,0,0,0,0,297
2022-02-03 10:57:01 UTC,7544,42,105,,0,0,0,0,297
2022-02-03 11:57:01 UTC,7545,26,131,,4,0,0,0,297
2022-02-03 12:57:01 UTC,7546,25,157,,0,0,0,0,297
2022-02-03 13:57:01 UTC,7547,19,176,,0,0,0,0,297
2022-02-03 14:57:01 UTC,7548,16,192,,0,0,0,0,297
2022-02-03 15:57:01 UTC,7549,23,215,,4,0,0,0,297
2022-02-03 16:57:01 UTC,7550,28,245,,0,0,0,1,297
2022-02-03 17:57:01 UTC,7551,27,272,,0,0,0,1,297
2022-02-03 18:57:01 UTC,7552,39,311,,0,0,0,1,297
2022-02-03 19:57:01 UTC,7553,23,334,,4,0,0,1,297
2022-02-03 20:57:01 UTC,7554,9,343,,0,0,0,1,297
2022-02-03 21:57:01 UTC,7555,2,345,,4,0,0,1,297
2022-02-03 22:57:01 UTC,7556,,,345,,,,,
2022-02-03 23:57:01 UTC,7557,3,3,,0,0,0,0,347
2022-02-04 00:57:01 UTC,7558,0,3,,0,0,0,0,347
2022-02-04 01:57:01 UTC,7559,0,3,,0,0,0,0,347
2022-02-04 02:57:01 UTC,7560,0,3,,0,0,0,0,347
2022-02-04 03:57:01 UTC,7561,2,5,,4,0,0,0,347
2022-02-04 04:57:01 UTC,7562,2,8,,0,0,0,0,347
2022-02-04 05:57:01 UTC,7563,2,10,,0,0,0,0,347
2022-02-04 06:57:01 UTC,7564,11,21,,0,0,0,0,347
2022-02-04 07:57:01 UTC,7565,7,28,,4,0,0,0,347
2022-02-04 08:57:01 UTC,7566,14,44,,0,0,0,0,347
2022-02-04 09:57:01 UTC,7567,14,58,,0,0,0,0,347
2022-02-04 10:57:01 UTC,7568,19,77,,0,0,0,0,347
2022-02-04 11:57:01 UTC,7569,10,87,,4,0,0,0,347
2022-02-04 12:57:01 UTC,7570,17,105,,0,0,1,0,347
2022-02-04 13:57:01 UTC,7571,14,119,,0,0,1,0,347
2022-02-04 14:57:01 UTC,7572,18,137,,0,0,1,0,347
2022-02-04 15:57:01 UTC,7573,13,150,,4,0,1,0,347
2022-02-04 16:57:01 UTC,7574,12,163,,0,0,1,0,347
2022-02-04 17:57:01 UTC,7575,14,177,,0,0,1,0,347
2022-02-04 18:57:01 UTC,7576,16,193,,0,0,1,0,347
2022-02-04 19:57:01 UTC,7577,13,206,,4,0,1,0,347
2022-02-04 20:57:01 UTC,7578,6,212,,0,0,1,0,347
2022-02-04 21:57:01 UTC,7579,4,216,,4,0,1,0,347
2022-02-04 22:57:01 UTC,7580,,,216,,,,,
2022-02-04 23:57:01 UTC,7581,2,2,,0,0,0,0,218
2022-02-05 00:57:01 UTC,7582,4,6,,0,0,0,0,218
2022-02-05 01:57:01 UTC,7583,1,7,,0,0,0,0,218
2022-02-05 02:57:01 UTC,7584,1,8,,0,0,0,0,218
2022-02-05 03:57:01 UTC,7585,0,8,,4,0,0,0,218
2022-02-05 04:57:01 UTC,7586,1,9,,0,0,0,0,218
2022-02-05 05:57:01 UTC,7587,3,12,,0,0,0,0,218
2022-02-05 06:57:01 UTC,7588,5,17,,0,0,0,0,218
2022-02-05 07:57:01 UTC,7589,9,26,,4,0,0,0,218
2022-02-05 08:57:01 UTC,7590,14,40,,0,0,0,0,218
2022-02-05 09:57:01 UTC,7591,28,68,,0,0,0,0,218
2022-02-05 10:57:01 UTC,7592,22,90,,0,0,0,0,218
2022-02-05 11:57:01 UTC,7593,32,122,,4,0,0,0,218
2022-02-05 12:57:01 UTC,7594,19,143,,0,0,0,0,218
2022-02-05 13:57:01 UTC,7595,14,157,,0,0,0,0,218
2022-02-05 14:57:01 UTC,7596,13,170,,0,0,0,0,218
2022-02-05 15:57:01 UTC,7597,16,186,,4,0,0,0,218
2022-02-05 16:57:01 UTC,7598,24,212,,0,0,0,0,218
2022-02-05 17:57:01 UTC,7599,35,247,,0,0,0,0,218
2022-02-05 18:57:01 UTC,7600,14,261,,0,0,0,0,218
2022-02-05 19:57:01 UTC,7601,10,271,,4,0,0,0,218
2022-02-05 20:57:01 UTC,7602,7,278,,0,0,0,0,218
2022-02-05 21:57:01 UTC,7603,2,280,,4,0,0,0,218
2022-02-05 22:57:01 UTC,7604,,,280,,,,,
2022-02-05 23:57:01 UTC,7605,2,2,,0,0,0,0,283
2022-02-06 00:57:01 UTC,7606,0,2,,0,0,0,0,283
2022-02-06 01:57:01 UTC,7607,1,3,,0,0,0,0,283
2022-02-06 02:57:01 UTC,7608,2,5,,0,0,0,0,283
2022-02-06 03:57:01 UTC,7609,0,5,,4,0,0,0,283
2022-02-06 04:57:01 UTC,7610,1,6,,0,0,0,0,283
2022-02-06 05:57:01 UTC,7611,0,6,,0,0,0,0,283
2022-02-06 06:57:01 UTC,7612,5,11,,0,0,0,0,283
2022-02-06 07:57:01 UTC,7613,10,21,,4,0,0,0,283
2022-02-06 08:57:01 UTC,7614,17,38,,0,0,0,0,283
2022-02-06 09:57:01 UTC,7615,22,60,,0,0,0,0,283
2022-02-06 10:57:01 UTC,7616,41,101,,0,0,0,0,283
2022-02-06 11:57:01 UTC,7617,53,154,,4,0,0,0,283
2022-02-06 12:57:01 UTC,7618,53,215,,0,0,0,0,283
2022-02-06 13:57:01 UTC,7619,28,243,,0,0,0,0,283
2022-02-06 14:57:01 UTC,7620,20,263,,0,0,0,0,283
2022-02-06 15:57:01 UTC,7621,14,277,,4,0,0,0,283
2022-02-06 16:57:01 UTC,7622,18,296,,0,0,0,0,283
2022-02-06 17:57:01 UTC,7623,16,312,,0,0,0,0,283
2022-02-06 18:57:01 UTC,7624,16,328,,0,0,0,0,283
2022-02-06 19:57:01 UTC,7625,13,341,,4,0,0,0,283
2022-02-06 20:57:01 UTC,7626,8,349,,0,0,0,0,283
2022-02-06 21:57:01 UTC,7627,5,354,,4,0,0,0,283
2022-02-06 22:57:01 UTC,7628,,,354,,,,,
2022-02-06 23:57:01 UTC,7629,0,0,,0,0,0,0,355
2022-02-07 00:57:01 UTC,7630,0,0,,0,0,0,0,355
2022-02-07 01:57:01 UTC,7631,1,1,,0,0,0,0,355
2022-02-07 02:57:01 UTC,7632,1,2,,0,0,0,0,355
2022-02-07 03:57:01 UTC,7633,0,2,,4,0,0,0,355
2022-02-07 04:57:01 UTC,7634,1,3,,0,0,0,0,355
2022-02-07 05:57:01 UTC,7635,3,6,,0,0,0,0,355
2022-02-07 06:57:01 UTC,7636,5,11,,0,0,0,0,355
2022-02-07 07:57:01 UTC,7637,10,21,,4,0,0,0,355
2022-02-07 08:57:01 UTC,7638,11,33,,0,0,0,0,355
2022-02-07 09:57:01 UTC,7639,15,48,,0,0,0,0,355
2022-02-07 10:57:01 UTC,7640,23,71,,0,0,0,0,355
2022-02-07 11:57:01 UTC,7641,10,81,,4,0,0,0,355
2022-02-07 12:57:01 UTC,7642,18,100,,0,0,0,0,355
2022-02-07 13:57:01 UTC,7643,13,113,,0,0,0,0,355
2022-02-07 14:57:01 UTC,7644,10,123,,0,0,0,0,355
2022-02-07 15:57:01 UTC,7645,12,135,,4,0,0,0,355
2022-02-07 16:57:01 UTC,7646,13,149,,0,0,0,0,355
2022-02-07 17:57:01 UTC,7647,12,161,,0,0,0,0,355
2022-02-07 18:57:01 UTC,7648,13,174,,0,0,0,0,355
2022-02-07 19:57:01 UTC,7649,11,185,,4,0,0,0,355
2022-02-07 20:57:01 UTC,7650,4,189,,0,0,0,0,355
2022-02-07 21:57:01 UTC,7651,3,192,,4,0,0,0,355
2022-02-07 22:57:01 UTC,7652,,,192,,,,,
2022-02-07 23:57:01 UTC,7653,1,1,,0,0,0,0,195
2022-02-08 00:57:01 UTC,7654,2,3,,0,0,0,0,195
2022-02-08 01:57:01 UTC,7655,0,3,,0,0,0,0,195
2022-02-08 02:57:01 UTC,7656,1,4,,0,0,0,0,195
2022-02-08 03:57:01 UTC,7657,0,4,,4,0,0,0,195
2022-02-08 04:57:01 UTC,7658,1,5,,0,0,0,0,195
2022-02-08 05:57:01 UTC,7659,7,12,,0,0,0,0,195
2022-02-08 06:57:01 UTC,7660,5,17,,0,0,0,0,195
2022-02-08 07:57:01 UTC,7661,9,26,,4,0,0,0,195
2022-02-08 08:57:01 UTC,7662,17,44,,0,0,0,0,195
2022-02-08 09:57:01 UTC,7663,32,76,,0,0,0,0,195
2022-02-08 10:57:01 UTC,7664,23,99,,0,0,0,0,195
2022-02-08 11:57:01 UTC,7665,29,128,,4,0,0,0,195
2022-02-08 12:57:01 UTC,7666,24,154,,0,0,0,0,195
2022-02-08 13:57:01 UTC,7667,21,175,,0,0,0,0,195
2022-02-08 14:57:01 UTC,7668,28,203,,0,0,0,0,195
2022-02-08 15:57:01 UTC,7669,21,224,,4,0,0,0,195
2022-02-08 16:57:01 UTC,7670,16,240,,0,0,0,0,195
2022-02-08 17:57:01 UTC,7671,21,261,,0,0,0,0,195
2022-02-08 18:57:01 UTC,7672,18,279,,0,0,0,0,195
2022-02-08 19:57:01 UTC,7673,9,288,,4,0,0,0,195
2022-02-08 20:57:01 UTC,7674,10,300,,0,0,0,0,195
2022-02-08 21:57:01 UTC,7675,3,303,,4,0,0,0,195
2022-02-08 22:57:01 UTC,7676,,,303,,,,,
