created_at,entry_id,field1,field2,field3,field4,field5,field6,field7,field8
2022-02-01 00:57:01 UTC,7750,0,2,,0,0,0,0,157
2022-02-01 01:57:01 UTC,7751,0,2,,0,0,0,0,157
2022-02-01 02:57:01 UTC,7752,0,2,,0,0,0,0,157
2022-02-01 03:57:01 UTC,7753,0,2,,3.9,0,0,0,157
2022-02-01 04:57:01 UTC,7754,1,3,,0,0,0,0,157
2022-02-01 05:57:01 UTC,7755,10,13,,0,0,0,0,157
2022-02-01 06:57:01 UTC,7756,16,29,,0,0,0,0,157
2022-02-01 07:57:01 UTC,7757,28,57,,3.9,0,0,0,157
2022-02-01 08:57:01 UTC,7758,24,85,,0,0,0,0,157
2022-02-01 09:57:01 UTC,7759,19,104,,0,0,0,0,157
2022-02-01 10:57:01 UTC,7760,14,118,,0,0,0,0,157
2022-02-01 11:57:01 UTC,7761,24,142,,3.9,0,0,0,157
2022-02-01 12:57:01 UTC,7762,26,170,,0,0,0,0,157
2022-02-01 13:57:01 UTC,7763,19,189,,0,0,0,0,157
2022-02-01 14:57:01 UTC,7764,14,203,,0,0,0,0,157
2022-02-01 15:57:01 UTC,7765,20,223,,3.9,0,0,0,157
2022-02-01 16:57:01 UTC,7766,17,242,,0,0,0,0,157
2022-02-01 17:57:01 UTC,7767,30,272,,0,0,0,0,157
2022-02-01 18:57:01 UTC,7768,17,289,,0,0,0,0,157
2022-02-01 19:57:01 UTC,7769,10,299,,3.9,0,0,0,157
2022-02-01 20:57:01 UTC,7770,2,301,,0,0,0,0,157
2022-02-01 21:57:01 UTC,7771,2,303,,3.9,0,0,0,157
2022-02-01 22:57:01 UTC,7772,,,303,,,,,
2022-02-01 23:57:01 UTC,7773,2,2,,0,0,0,0,305
2022-02-02 00:57:01 UTC,7774,0,2,,0,0,0,0,305
2022-02-02 01:57:01 UTC,7775,0,2,,0,0,0,0,305
2022-02-02 02:57:01 UTC,7776,0,2,,0,0,0,0,305
2022-02-02 03:57:01 UTC,7777,1,3,,3.9,0,0,0,305
2022-02-02 04:57:01 UTC,7778,3,6,,0,0,0,0,305
2022-02-02 05:57:01 UTC,7779,8,14,,0,0,0,0,305
2022-02-02 06:57:01 UTC,7780,11,25,,0,0,0,0,305
2022-02-02 07:57:01 UTC,7781,24,49,,3.9,0,0,0,305
2022-02-02 08:57:01 UTC,7782,19,71,,0,0,0,0,305
2022-02-02 09:57:01 UTC,7783,28,99,,0,0,0,0,305
2022-02-02 10:57:01 UTC,7784,17,116,,0,0,0,0,305
2022-02-02 11:57:01 UTC,7785,17,133,,3.9,0,0,0,305
2022-02-02 12:57:01 UTC,7786,20,156,,0,0,0,0,305
2022-02-02 13:57:01 UTC,7787,16,172,,0,0,0,0,305
2022-02-02 14:57:01 UTC,7788,23,195,,0,0,0,0,305
2022-02-02 15:57:01 UTC,7789,23,218,,3.9,0,0,0,305
2022-02-02 16:57:01 UTC,7790,20,240,,0,0,0,0,305
2022-02-02 17:57:01 UTC,7791,15,255,,0,0,0,0,305
2022-02-02 18:57:01 UTC,7792,19,274,,0,0,0,0,305
2022-02-02 19:57:01 UTC,7793,9,283,,3.9,0,0,0,305
2022-02-02 20:57:01 UTC,7794,7,290,,0,0,0,0,305
2022-02-02 21:57:01 UTC,7795,3,293,,3.9,0,0,0,305
2022-02-02 22:57:01 UTC,7796,,,293,,,,,
2022-02-02 23:57:01 UTC,7797,2,2,,0,0,0,0,294
2022-02-03 00:57:01 UTC,7798,2,4,,0,0,0,0,294
2022-02-03 01:57:01 UTC,7799,0,4,,0,0,0,0,294
2022-02-03 02:57:01 UTC,7800,0,4,,0,0,0,0,294
2022-02-03 03:57:01 UTC,7801,1,5,,3.9,0,0,0,294
2022-02-03 04:57:01 UTC,7802,2,7,,0,0,0,0,294
2022-02-03 05:57:01 UTC,7803,6,13,,0,0,0,0,294
2022-02-03 06:57:01 UTC,7804,12,25,,0,0,0,0,294
2022-02-03 07:57:01 UTC,7805,28,53,,3.9,0,0,0,294
2022-02-03 08:57:01 UTC,7806,21,77,,0,0,0,0,294
2022-02-03 09:57:01 UTC,7807,28,105,,0,0,0,0,294
2022-02-03 10:57:01 UTC,7808,12,117,,0,0,0,0,294
2022-02-03 11:57:01 UTC,7809,35,152,,3.9,0,0,0,294
2022-02-03 12:57:01 UTC,7810,32,188,,0,0,0,0,294
2022-02-03 13:57:01 UTC,7811,18,206,,0,0,0,0,294
2022-02-03 14:57:01 UTC,7812,15,221,,0,0,0,0,294
2022-02-03 15:57:01 UTC,7813,19,240,,3.9,0,0,0,294
2022-02-03 16:57:01 UTC,7814,17,259,,0,0,0,0,294
2022-02-03 17:57:01 UTC,7815,34,293,,0,0,0,0,294
2022-02-03 18:57:01 UTC,7816,13,306,,0,0,0,0,294
2022-02-03 19:57:01 UTC,7817,8,314,,3.9,0,0,0,294
2022-02-03 20:57:01 UTC,7818,7,321,,0,0,0,0,294
2022-02-03 21:57:01 UTC,7819,0,321,,3.9,0,0,0,294
2022-02-03 22:57:01 UTC,7820,,,321,,,,,
2022-02-03 23:57:01 UTC,7821,1,1,,0,0,0,0,323
2022-02-04 00:57:01 UTC,7822,0,1,,0,0,0,0,323
2022-02-04 01:57:01 UTC,7823,1,2,,0,0,0,0,323
2022-02-04 02:57:01 UTC,7824,0,2,,0,0,0,0,323
2022-02-04 03:57:01 UTC,7825,0,2,,3.9,0,0,0,323
2022-02-04 04:57:01 UTC,7826,1,4,,0,0,0,0,323
2022-02-04 05:57:01 UTC,7827,8,12,,0,0,0,0,323
2022-02-04 06:57:01 UTC,7828,20,32,,0,0,0,0,323
2022-02-04 07:57:01 UTC,7829,25,57,,3.9,0,0,0,323
2022-02-04 08:57:01 UTC,7830,25,85,,0,0,0,0,323
2022-02-04 09:57:01 UTC,7831,10,95,,0,0,0,0,323
2022-02-04 10:57:01 UTC,7832,11,106,,0,0,0,0,323
2022-02-04 11:57:01 UTC,7833,11,117,,3.9,0,0,0,323
2022-02-04 12:57:01 UTC,7834,11,128,,0,0,0,0,323
2022-02-04 13:57:01 UTC,7835,5,133,,0,0,0,0,323
2022-02-04 14:57:01 UTC,7836,8,141,,0,0,0,0,323
2022-02-04 15:57:01 UTC,7837,13,154,,3.9,0,0,0,323
2022-02-04 16:57:01 UTC,7838,10,166,,0,0,0,0,323
2022-02-04 17:57:01 UTC,7839,13,179,,0,0,0,0,323
2022-02-04 18:57:01 UTC,7840,22,201,,0,0,0,0,323
2022-02-04 19:57:01 UTC,7841,5,206,,3.9,0,0,0,323
2022-02-04 20:57:01 UTC,7842,3,210,,0,0,0,0,323
2022-02-04 21:57:01 UTC,7843,2,212,,3.9,0,0,0,323
2022-02-04 22:57:01 UTC,7844,,,212,,,,,
2022-02-04 23:57:01 UTC,7845,1,1,,0,0,0,0,212
2022-02-05 00:57:01 UTC,7846,0,1,,0,0,0,0,212
2022-02-05 01:57:01 UTC,7847,1,2,,0,0,0,0,212
2022-02-05 02:57:01 UTC,7848,1,3,,0,0,0,0,212
2022-02-05 03:57:01 UTC,7849,0,3,,3.9,0,0,0,212
2022-02-05 04:57:01 UTC,7850,2,5,,0,0,0,0,212
2022-02-05 05:57:01 UTC,7851,7,12,,0,0,0,0,212
2022-02-05 06:57:01 UTC,7852,6,18,,0,0,0,0,212
2022-02-05 07:57:01 UTC,7853,13,31,,3.9,0,0,0,212
2022-02-05 08:57:01 UTC,7854,15,47,,0,0,0,0,212
2022-02-05 09:57:01 UTC,7855,26,73,,0,0,0,0,212
2022-02-05 10:57:01 UTC,7856,12,85,,0,0,0,0,212
2022-02-05 11:57:01 UTC,7857,16,101,,3.9,0,0,0,212
2022-02-05 12:57:01 UTC,7858,18,121,,0,0,0,0,212
2022-02-05 13:57:01 UTC,7859,10,131,,0,0,0,0,212
2022-02-05 14:57:01 UTC,7860,12,143,,0,0,0,0,212
2022-02-05 15:57:01 UTC,7861,13,156,,3.9,0,0,0,212
2022-02-05 16:57:01 UTC,7862,14,170,,0,0,0,0,212
2022-02-05 17:57:01 UTC,7863,8,178,,0,0,0,0,212
2022-02-05 18:57:01 UTC,7864,10,188,,0,0,0,0,212
2022-02-05 19:57:01 UTC,7865,7,195,,3.9,0,0,0,212
2022-02-05 20:57:01 UTC,7866,7,202,,0,0,0,0,212
2022-02-05 21:57:01 UTC,7867,10,212,,3.9,0,0,0,212
2022-02-05 22:57:01 UTC,7868,,,212,,,,,
2022-02-05 23:57:01 UTC,7869,0,0,,0,0,0,0,214
2022-02-06 00:57:01 UTC,7870,0,0,,0,0,0,0,214
2022-02-06 01:57:01 UTC,7871,1,1,,0,0,0,0,214
2022-02-06 02:57:01 UTC,7872,0,1,,0,0,0,0,214
2022-02-06 03:57:01 UTC,7873,0,1,,3.9,0,0,0,214
2022-02-06 04:57:01 UTC,7874,1,2,,0,0,0,0,214
2022-02-06 05:57:01 UTC,7875,5,7,,0,0,0,0,214
2022-02-06 06:57:01 UTC,7876,5,12,,0,0,0,0,214
2022-02-06 07:57:01 UTC,7877,28,40,,3.9,0,0,0,214
2022-02-06 08:57:01 UTC,7878,27,72,,0,0,0,0,214
2022-02-06 09:57:01 UTC,7879,38,110,,0,0,0,0,214
2022-02-06 10:57:01 UTC,7880,29,139,,0,0,0,0,214
2022-02-06 11:57:01 UTC,7881,31,170,,3.9,0,0,0,214
2022-02-06 12:57:01 UTC,7882,15,186,,0,0,0,0,214
2022-02-06 13:57:01 UTC,7883,20,206,,0,0,0,0,214
2022-02-06 14:57:01 UTC,7884,17,223,,0,0,0,0,214
2022-02-06 15:57:01 UTC,7885,22,245,,3.9,0,0,0,214
2022-02-06 16:57:01 UTC,7886,18,263,,0,0,0,0,214
2022-02-06 17:57:01 UTC,7887,23,286,,0,0,0,0,214
2022-02-06 18:57:01 UTC,7888,9,295,,0,0,0,0,214
2022-02-06 19:57:01 UTC,7889,8,303,,3.9,0,0,0,214
2022-02-06 20:57:01 UTC,7890,6,309,,0,0,0,0,214
2022-02-06 21:57:01 UTC,7891,2,311,,3.9,0,0,0,214
2022-02-06 22:57:01 UTC,7892,,,311,,,,,
2022-02-06 23:57:01 UTC,7893,1,1,,0,0,0,0,314
2022-02-07 00:57:01 UTC,7894,0,1,,0,0,0,0,314
2022-02-07 01:57:01 UTC,7895,0,1,,0,0,0,0,314
2022-02-07 02:57:01 UTC,7896,0,1,,0,0,0,0,314
2022-02-07 03:57:01 UTC,7897,0,1,,3.9,0,0,0,314
2022-02-07 04:57:01 UTC,7898,0,1,,0,0,0,0,314
2022-02-07 05:57:01 UTC,7899,4,5,,0,0,0,0,314
2022-02-07 06:57:01 UTC,7900,8,13,,0,0,0,0,314
2022-02-07 07:57:01 UTC,7901,18,31,,3.9,0,0,0,314
2022-02-07 08:57:01 UTC,7902,16,47,,0,0,0,0,314
2022-02-07 09:57:01 UTC,7903,17,64,,0,0,0,0,314
2022-02-07 10:57:01 UTC,7904,12,76,,0,0,0,0,314
2022-02-07 11:57:01 UTC,7905,6,82,,3.9,0,0,0,314
2022-02-07 12:57:01 UTC,7906,19,103,,0,0,0,0,314
2022-02-07 13:57:01 UTC,7907,13,116,,0,0,0,0,314
2022-02-07 14:57:01 UTC,7908,18,134,,0,0,0,0,314
2022-02-07 15:57:01 UTC,7909,15,149,,3.9,0,0,0,314
2022-02-07 16:57:01 UTC,7910,19,168,,0,0,0,0,314
2022-02-07 17:57:01 UTC,7911,25,193,,0,0,0,0,314
2022-02-07 18:57:01 UTC,7912,12,205,,0,0,0,0,314
2022-02-07 19:57:01 UTC,7913,4,209,,3.9,0,0,0,314
2022-02-07 20:57:01 UTC,7914,9,218,,0,0,0,0,314
2022-02-07 21:57:01 UTC,7915,4,222,,3.9,0,0,0,314
2022-02-07 22:57:01 UTC,7916,,,222,,,,,
2022-02-07 23:57:01 UTC,7917,1,1,,0,0,0,0,225
2022-02-08 00:57:01 UTC,7918,0,1,,0,0,0,0,225
2022-02-08 01:57:01 UTC,7919,0,1,,0,0,0,0,225
2022-02-08 02:57:01 UTC,7920,0,1,,0,0,0,0,225
2022-02-08 03:57:01 UTC,7921,0,1,,3.9,0,0,0,225
2022-02-08 04:57:01 UTC,7922,1,2,,0,0,0,0,225
2022-02-08 05:57:01 UTC,7923,6,8,,0,0,0,0,225
2022-02-08 06:57:01 UTC,7924,20,28,,0,0,0,0,225
2022-02-08 07:57:01 UTC,7925,23,51,,3.9,0,0,0,225
2022-02-08 08:57:01 UTC,7926,24,83,,0,0,0,0,225
2022-02-08 09:57:01 UTC,7927,19,102,,0,0,0,0,225
2022-02-08 10:57:01 UTC,7928,27,129,,0,0,0,0,225
2022-02-08 11:57:01 UTC,7929,21,150,,3.9,0,0,0,225
2022-02-08 12:57:01 UTC,7930,25,178,,0,0,0,0,225
2022-02-08 13:57:01 UTC,7931,25,203,,0,0,0,0,225
2022-02-08 14:57:01 UTC,7932,14,217,,0,0,0,0,225
2022-02-08 15:57:01 UTC,7933,18,235,,3.9,0,0,0,225
2022-02-08 16:57:01 UTC,7934,29,267,,0,0,0,0,225
2022-02-08 17:57:01 UTC,7935,30,297,,0,0,0,0,225
2022-02-08 18:57:01 UTC,7936,16,313,,0,0,0,0,225
2022-02-08 19:57:01 UTC,7937,11,324,,3.9,0,0,0,225
2022-02-08 20:57:01 UTC,7938,3,329,,0,0,0,0,225
2022-02-08 21:57:01 UTC,7939,4,333,,3.9,0,0,0,225
2022-02-08 22:57:01 UTC,7940,,,333,,,,,
2022-02-08 23:57:01 UTC,7941,0,0,,0,0,0,0,337
2022-02-09 00:57:01 UTC,7942,0,0,,0,0,0,0,337
2022-02-09 01:57:01 UTC,7943,0,0,,0,0,0,0,337
2022-02-09 02:57:01 UTC,7944,0,0,,0,0,0,0,337
2022-02-09 03:57:01 UTC,7945,1,1,,3.9,0,0,0,337
2022-02-09 04:57:01 UTC,7946,3,4,,0,0,0,0,337
2022-02-09 05:57:01 UTC,7947,11,15,,0,0,0,0,337
2022-02-09 06:57:01 UTC,7948,13,28,,0,0,0,0,337
2022-02-09 07:57:01 UTC,7949,25,53,,3.9,0,0,0,337
2022-02-09 08:57:01 UTC,7950,15,70,,0,0,0,0,337
2022-02-09 09:57:01 UTC,7951,26,96,,0,0,0,0,337
2022-02-09 10:57:01 UTC,7952,20,116,,0,0,0,0,337
2022-02-09 11:57:01 UTC,7953,12,128,,3.9,0,0,0,337
2022-02-09 12:57:01 UTC,7954,24,153,,0,0,0,0,337
2022-02-09 13:57:01 UTC,7955,15,168,,0,0,0,0,337
2022-02-09 14:57:01 UTC,7956,17,185,,0,0,0,0,337
2022-02-09 15:57:01 UTC,7957,14,199,,3.9,0,0,0,337
2022-02-09 16:57:01 UTC,7958,27,226,,0,0,0,0,337
2022-02-09 17:57:01 UTC,7959,22,248,,0,0,0,0,337
2022-02-09 18:57:01 UTC,7960,13,261,,0,0,0,0,337
2022-02-09 19:57:01 UTC,7961,13,274,,3.9,0,0,0,337
2022-02-09 20:57:01 UTC,7962,3,278,,0,0,0,0,337
2022-02-09 21:57:01 UTC,7963,3,281,,3.9,0,0,0,337
2022-02-09 22:57:01 UTC,7964,,,281,,,,,
