created_at,entry_id,field1,field2,field3,field4,field5,field6,field7,field8
2021-07-01 00:57:01 UTC,2594,0,4,,0,0,0,0,847
2021-07-01 01:57:01 UTC,2595,0,4,,0,0,0,0,847
2021-07-01 02:57:01 UTC,2596,1,5,,3.9,0,0,0,847
2021-07-01 03:57:01 UTC,2597,4,9,,0,0,0,0,847
2021-07-01 04:57:01 UTC,2598,6,15,,0,0,0,0,847
2021-07-01 05:57:01 UTC,2599,21,36,,0,0,0,0,847
2021-07-01 06:57:01 UTC,2600,35,71,,3.9,0,0,0,847
2021-07-01 07:57:01 UTC,2601,38,109,,0,0,0,0,847
2021-07-01 08:57:01 UTC,2602,25,134,,0,0,0,0,847
2021-07-01 09:57:01 UTC,2603,21,155,,0,0,0,0,847
2021-07-01 10:57:01 UTC,2604,21,176,,0,0,0,0,847
2021-07-01 11:57:01 UTC,2605,25,201,,0,0,0,0,847
2021-07-01 12:57:01 UTC,2606,46,247,,0,0,0,0,847
2021-07-01 13:57:01 UTC,2607,77,324,,0,0,0,0,847
2021-07-01 14:57:01 UTC,2608,35,359,,0,0,0,0,847
2021-07-01 15:57:01 UTC,2609,40,399,,0,0,0,0,847
2021-07-01 16:57:01 UTC,2610,51,450,,0,0,0,0,847
2021-07-01 17:57:01 UTC,2611,30,480,,0,0,0,0,847
2021-07-01 18:57:01 UTC,2612,38,518,,0,0,0,0,847
2021-07-01 19:57:01 UTC,2613,14,532,,0,0,0,0,847
2021-07-01 20:57:01 UTC,2614,2,534,,3.9,0,0,0,847
2021-07-01 21:57:01 UTC,2615,,,534,,,,,
2021-07-01 22:57:01 UTC,2616,0,0,,0,0,0,0,537
2021-07-01 23:57:01 UTC,2617,2,2,,0,0,0,0,537
2021-07-02 00:57:01 UTC,2618,0,2,,0,0,0,0,537
2021-07-02 01:57:01 UTC,2619,0,2,,0,0,0,0,537
2021-07-02 02:57:01 UTC,2620,1,3,,3.9,0,0,0,537
2021-07-02 03:57:01 UTC,2621,0,3,,0,0,0,0,537
2021-07-02 04:57:01 UTC,2622,8,11,,0,0,0,0,537
2021-07-02 05:57:01 UTC,2623,21,32,,0,0,0,0,537
2021-07-02 06:57:01 UTC,2624,34,66,,3.9,0,0,0,537
2021-07-02 07:57:01 UTC,2625,38,104,,0,0,0,0,537
2021-07-02 08:57:01 UTC,2626,21,125,,0,0,0,0,537
2021-07-02 09:57:01 UTC,2627,17,142,,0,0,0,0,537
2021-07-02 10:57:01 UTC,2628,26,168,,0,0,0,0,537
2021-07-02 11:57:01 UTC,2629,19,187,,0,0,0,0,537
2021-07-02 12:57:01 UTC,2630,14,201,,0,0,0,0,537
2021-07-02 13:57:01 UTC,2631,45,246,,0,0,0,0,537
2021-07-02 14:57:01 UTC,2632,53,299,,0,0,0,0,537
2021-07-02 15:57:01 UTC,2633,44,343,,0,0,0,0,537
2021-07-02 16:57:01 UTC,2634,35,378,,0,0,0,0,537
2021-07-02 17:57:01 UTC,2635,35,413,,0,0,0,0,537
2021-07-02 18:57:01 UTC,2636,21,434,,0,0,0,0,537
2021-07-02 19:57:01 UTC,2637,17,451,,0,0,0,0,537
2021-07-02 20:57:01 UTC,2638,10,461,,3.9,0,0,0,537
2021-07-02 21:57:01 UTC,2639,,,461,,,,,
2021-07-02 22:57:01 UTC,2640,7,7,,0,0,0,0,467
2021-07-02 23:57:01 UTC,2641,2,9,,0,0,0,0,467
2021-07-03 00:57:01 UTC,2642,1,10,,0,0,0,0,467
2021-07-03 01:57:01 UTC,2643,2,12,,0,0,0,0,467
2021-07-03 02:57:01 UTC,2644,1,13,,3.9,0,0,0,467
2021-07-03 03:57:01 UTC,2645,2,15,,0,0,0,0,467
2021-07-03 04:57:01 UTC,2646,6,21,,0,0,0,0,467
2021-07-03 05:57:01 UTC,2647,16,37,,0,0,0,0,467
2021-07-03 06:57:01 UTC,2648,24,61,,3.9,0,0,0,467
2021-07-03 07:57:01 UTC,2649,22,83,,0,0,0,0,467
2021-07-03 08:57:01 UTC,2650,16,99,,0,0,0,0,467
2021-07-03 09:57:01 UTC,2651,14,113,,0,0,0,0,467
2021-07-03 10:57:01 UTC,2652,23,136,,0,0,0,0,467
2021-07-03 11:57:01 UTC,2653,35,171,,0,0,0,0,467
2021-07-03 12:57:01 UTC,2654,52,223,,0,0,0,0,467
2021-07-03 13:57:01 UTC,2655,40,263,,0,0,0,0,467
2021-07-03 14:57:01 UTC,2656,25,288,,0,0,0,0,467
2021-07-03 15:57:01 UTC,2657,20,308,,0,0,0,0,467
2021-07-03 16:57:01 UTC,2658,31,339,,0,0,0,0,467
2021-07-03 17:57:01 UTC,2659,30,369,,0,0,0,0,467
2021-07-03 18:57:01 UTC,2660,14,383,,0,0,0,0,467
2021-07-03 19:57:01 UTC,2661,12,395,,0,0,0,0,467
2021-07-03 20:57:01 UTC,2662,2,397,,3.9,0,0,0,467
2021-07-03 21:57:01 UTC,2663,,,397,,,,,
2021-07-03 22:57:01 UTC,2664,3,3,,0,0,0,0,398
2021-07-03 23:57:01 UTC,2665,3,6,,0,0,0,0,398
2021-07-04 00:57:01 UTC,2666,1,7,,0,0,0,0,398
2021-07-04 01:57:01 UTC,2667,0,7,,0,0,0,0,398
2021-07-04 02:57:01 UTC,2668,1,8,,3.9,0,0,0,398
2021-07-04 03:57:01 UTC,2669,0,8,,0,0,0,0,398
2021-07-04 04:57:01 UTC,2670,7,15,,0,0,0,0,398
2021-07-04 05:57:01 UTC,2671,20,35,,0,0,0,0,398
2021-07-04 06:57:01 UTC,2672,17,52,,3.9,0,0,0,398
2021-07-04 07:57:01 UTC,2673,40,93,,0,0,0,0,398
2021-07-04 08:57:01 UTC,2674,23,116,,0,0,0,0,398
2021-07-04 09:57:01 UTC,2675,26,142,,0,0,0,0,398
2021-07-04 10:57:01 UTC,2676,42,184,,0,0,0,0,398
2021-07-04 11:57:01 UTC,2677,20,204,,0,0,0,0,398
2021-07-04 12:57:01 UTC,2678,22,226,,0,0,0,0,398
2021-07-04 13:57:01 UTC,2679,21,247,,0,0,0,0,398
2021-07-04 14:57:01 UTC,2680,20,267,,0,0,0,0,398
2021-07-04 15:57:01 UTC,2681,29,296,,0,0,0,0,398
2021-07-04 16:57:01 UTC,2682,29,325,,0,0,0,0,398
2021-07-04 17:57:01 UTC,2683,41,366,,0,0,0,0,398
2021-07-04 18:57:01 UTC,2684,16,382,,0,0,0,0,398
2021-07-04 19:57:01 UTC,2685,19,401,,0,0,0,0,398
2021-07-04 20:57:01 UTC,2686,7,408,,3.9,0,0,0,398
2021-07-04 21:57:01 UTC,2687,,,408,,,,,
2021-07-04 22:57:01 UTC,2688,2,2,,0,0,0,0,411
2021-07-04 23:57:01 UTC,2689,1,3,,0,0,0,0,411
2021-07-05 00:57:01 UTC,2690,0,3,,0,0,0,0,411
2021-07-05 01:57:01 UTC,2691,1,4,,0,0,0,0,411
2021-07-05 02:57:01 UTC,2692,2,6,,3.9,0,0,0,411
2021-07-05 03:57:01 UTC,2693,6,12,,0,0,0,0,411
2021-07-05 04:57:01 UTC,2694,4,16,,0,0,0,0,411
2021-07-05 05:57:01 UTC,2695,13,29,,0,0,0,0,411
2021-07-05 06:57:01 UTC,2696,27,56,,3.9,0,0,0,411
2021-07-05 07:57:01 UTC,2697,37,95,,0,0,0,0,411
2021-07-05 08:57:01 UTC,2698,34,129,,0,0,0,0,411
2021-07-05 09:57:01 UTC,2699,50,179,,0,0,0,0,411
2021-07-05 10:57:01 UTC,2700,43,222,,0,0,0,0,411
2021-07-05 11:57:01 UTC,2701,72,294,,0,0,0,0,411
2021-07-05 12:57:01 UTC,2702,196,490,,0,0,0,0,411
2021-07-05 13:57:01 UTC,2703,154,644,,0,0,0,0,411
2021-07-05 14:57:01 UTC,2704,86,730,,0,0,0,0,411
2021-07-05 15:57:01 UTC,2705,48,778,,0,0,0,0,411
2021-07-05 16:57:01 UTC,2706,58,836,,0,0,0,0,411
2021-07-05 17:57:01 UTC,2707,43,879,,0,0,0,0,411
2021-07-05 18:57:01 UTC,2708,28,907,,0,0,0,0,411
2021-07-05 19:57:01 UTC,2709,6,913,,0,0,0,0,411
2021-07-05 20:57:01 UTC,2710,6,919,,3.9,0,0,0,411
2021-07-05 21:57:01 UTC,2711,,,919,,,,,
2021-07-05 22:57:01 UTC,2712,1,1,,0,0,0,0,922
2021-07-05 23:57:01 UTC,2713,1,2,,0,0,0,0,922
2021-07-06 00:57:01 UTC,2714,0,2,,0,0,0,0,922
2021-07-06 01:57:01 UTC,2715,0,2,,0,0,0,0,922
2021-07-06 02:57:01 UTC,2716,0,2,,3.9,0,0,0,922
2021-07-06 03:57:01 UTC,2717,7,9,,0,0,0,0,922
2021-07-06 04:57:01 UTC,2718,10,19,,0,0,0,0,922
2021-07-06 05:57:01 UTC,2719,28,47,,0,0,0,0,922
2021-07-06 06:57:01 UTC,2720,39,86,,3.9,0,0,0,922
2021-07-06 07:57:01 UTC,2721,23,109,,0,0,0,0,922
2021-07-06 08:57:01 UTC,2722,22,131,,0,0,0,0,922
2021-07-06 09:57:01 UTC,2723,19,150,,0,0,0,0,922
2021-07-06 10:57:01 UTC,2724,26,176,,0,0,0,0,922
2021-07-06 11:57:01 UTC,2725,55,231,,0,0,0,0,922
2021-07-06 12:57:01 UTC,2726,48,279,,0,0,0,0,922
2021-07-06 13:57:01 UTC,2727,53,332,,0,0,0,0,922
2021-07-06 14:57:01 UTC,2728,23,355,,0,0,0,0,922
2021-07-06 15:57:01 UTC,2729,22,377,,0,0,0,0,922
2021-07-06 16:57:01 UTC,2730,29,406,,0,0,0,0,922
2021-07-06 17:57:01 UTC,2731,37,443,,0,0,0,0,922
2021-07-06 18:57:01 UTC,2732,38,481,,0,0,0,0,922
2021-07-06 19:57:01 UTC,2733,22,503,,0,0,0,0,922
2021-07-06 20:57:01 UTC,2734,6,509,,3.9,0,0,0,922
2021-07-06 21:57:01 UTC,2735,,,509,,,,,
2021-07-06 22:57:01 UTC,2736,6,6,,0,0,0,0,510
2021-07-06 23:57:01 UTC,2737,0,6,,0,0,0,0,510
2021-07-07 00:57:01 UTC,2738,2,8,,0,0,0,0,510
2021-07-07 01:57:01 UTC,2739,1,9,,0,0,0,0,510
2021-07-07 02:57:01 UTC,2740,0,9,,3.9,0,0,0,510
2021-07-07 03:57:01 UTC,2741,1,10,,0,0,0,0,510
2021-07-07 04:57:01 UTC,2742,1,11,,0,0,0,0,510
2021-07-07 05:57:01 UTC,2743,12,23,,0,0,0,0,510
2021-07-07 06:57:01 UTC,2744,36,59,,3.9,0,0,0,510
2021-07-07 07:57:01 UTC,2745,29,89,,0,0,0,0,510
2021-07-07 08:57:01 UTC,2746,15,104,,0,0,0,0,510
2021-07-07 09:57:01 UTC,2747,26,130,,0,0,0,0,510
2021-07-07 10:57:01 UTC,2748,32,162,,0,0,0,0,510
2021-07-07 11:57:01 UTC,2749,37,199,,0,0,0,0,510
2021-07-07 12:57:01 UTC,2750,46,245,,0,0,0,0,510
2021-07-07 13:57:01 UTC,2751,30,275,,0,0,0,0,510
2021-07-07 14:57:01 UTC,2752,14,289,,0,0,0,0,510
2021-07-07 15:57:01 UTC,2753,20,309,,0,0,0,0,510
2021-07-07 16:57:01 UTC,2754,35,344,,0,0,0,0,510
2021-07-07 17:57:01 UTC,2755,33,377,,0,0,0,0,510
2021-07-07 18:57:01 UTC,2756,28,405,,0,0,0,0,510
2021-07-07 19:57:01 UTC,2757,24,429,,0,0,0,0,510
2021-07-07 20:57:01 UTC,2758,7,436,,3.9,0,0,0,510
2021-07-07 21:57:01 UTC,2759,,,436,,,,,
2021-07-07 22:57:01 UTC,2760,1,1,,0,0,0,0,440
2021-07-07 23:57:01 UTC,2761,2,3,,0,0,0,0,440
2021-07-08 00:57:01 UTC,2762,0,3,,0,0,0,0,440
2021-07-08 01:57:01 UTC,2763,0,3,,0,0,0,0,440
2021-07-08 02:57:01 UTC,2764,0,3,,3.9,0,0,0,440
2021-07-08 03:57:01 UTC,2765,2,5,,0,0,0,0,440
2021-07-08 04:57:01 UTC,2766,6,11,,0,0,0,0,440
2021-07-08 05:57:01 UTC,2767,10,21,,0,0,0,0,440
2021-07-08 06:57:01 UTC,2768,7,28,,3.9,0,0,0,440
2021-07-08 07:57:01 UTC,2769,33,61,,0,0,0,0,440
2021-07-08 08:57:01 UTC,2770,21,82,,0,0,0,0,440
2021-07-08 09:57:01 UTC,2771,8,90,,0,0,0,0,440
2021-07-08 10:57:01 UTC,2772,3,93,,0,0,0,0,440
2021-07-08 11:57:01 UTC,2773,27,120,,0,0,0,0,440
2021-07-08 12:57:01 UTC,2774,88,208,,0,0,0,0,440
2021-07-08 13:57:01 UTC,2775,47,255,,0,0,0,0,440
2021-07-08 14:57:01 UTC,2776,19,274,,0,0,0,0,440
2021-07-08 15:57:01 UTC,2777,28,302,,0,0,0,0,440
2021-07-08 16:57:01 UTC,2778,30,332,,0,0,0,0,440
2021-07-08 17:57:01 UTC,2779,31,363,,0,0,0,0,440
2021-07-08 18:57:01 UTC,2780,22,385,,0,0,0,0,440
2021-07-08 19:57:01 UTC,2781,6,391,,0,0,0,0,440
2021-07-08 20:57:01 UTC,2782,1,392,,3.9,0,0,0,440
2021-07-08 21:57:01 UTC,2783,,,392,,,,,
2021-07-08 22:57:01 UTC,2784,0,0,,0,0,0,0,392
2021-07-08 23:57:01 UTC,2785,0,0,,0,0,0,0,392
2021-07-09 00:57:01 UTC,2786,0,0,,0,0,0,0,392
2021-07-09 01:57:01 UTC,2787,0,0,,0,0,0,0,392
2021-07-09 02:57:01 UTC,2788,0,0,,3.9,0,0,0,392
2021-07-09 03:57:01 UTC,2789,1,1,,0,0,0,0,392
2021-07-09 04:57:01 UTC,2790,7,8,,0,0,0,0,392
2021-07-09 05:57:01 UTC,2791,3,11,,0,0,0,0,392
2021-07-09 06:57:01 UTC,2792,16,27,,3.9,0,0,0,392
2021-07-09 07:57:01 UTC,2793,21,50,,0,0,0,0,392
2021-07-09 08:57:01 UTC,2794,21,71,,0,0,0,0,392
2021-07-09 09:57:01 UTC,2795,23,94,,0,0,0,0,392
2021-07-09 10:57:01 UTC,2796,25,119,,0,0,0,0,392
2021-07-09 11:57:01 UTC,2797,26,145,,0,0,0,0,392
2021-07-09 12:57:01 UTC,2798,35,180,,0,0,0,0,392
2021-07-09 13:57:01 UTC,2799,91,271,,0,0,0,0,392
2021-07-09 14:57:01 UTC,2800,54,325,,0,0,0,0,392
2021-07-09 15:57:01 UTC,2801,53,378,,0,0,0,0,392
2021-07-09 16:57:01 UTC,2802,32,410,,0,0,0,0,392
2021-07-09 17:57:01 UTC,2803,23,433,,0,0,0,0,392
2021-07-09 18:57:01 UTC,2804,24,457,,0,0,0,0,392
2021-07-09 19:57:01 UTC,2805,10,467,,0,0,0,0,392
2021-07-09 20:57:01 UTC,2806,7,474,,3.9,0,0,0,392
2021-07-09 21:57:01 UTC,2807,,,474,,,,,
2021-07-09 22:57:01 UTC,2808,7,7,,0,0,0,0,477
2021-07-09 23:57:01 UTC,2809,1,8,,0,0,0,0,477
2021-07-10 00:57:01 UTC,2810,0,8,,0,0,0,0,477
2021-07-10 01:57:01 UTC,2811,0,8,,0,0,0,0,477
2021-07-10 02:57:01 UTC,2812,0,8,,3.9,0,0,0,477
2021-07-10 03:57:01 UTC,2813,1,9,,0,0,0,0,477
2021-07-10 04:57:01 UTC,2814,4,13,,0,0,0,0,477
2021-07-10 05:57:01 UTC,2815,10,23,,0,0,0,0,477
2021-07-10 06:57:01 UTC,2816,23,46,,3.9,0,0,0,477
2021-07-10 07:57:01 UTC,2817,24,71,,0,0,0,0,477
2021-07-10 08:57:01 UTC,2818,13,84,,0,0,0,0,477
2021-07-10 09:57:01 UTC,2819,18,102,,0,0,0,0,477
2021-07-10 10:57:01 UTC,2820,20,122,,0,0,0,0,477
2021-07-10 11:57:01 UTC,2821,33,155,,0,0,0,0,477
2021-07-10 12:57:01 UTC,2822,105,260,,0,0,0,0,477
2021-07-10 13:57:01 UTC,2823,81,341,,0,0,0,0,477
2021-07-10 14:57:01 UTC,2824,62,403,,0,0,0,0,477
2021-07-10 15:57:01 UTC,2825,24,427,,0,0,0,0,477
2021-07-10 16:57:01 UTC,2826,24,451,,0,0,0,0,477
2021-07-10 17:57:01 UTC,2827,15,466,,0,0,0,0,477
2021-07-10 18:57:01 UTC,2828,14,480,,0,0,0,0,477
2021-07-10 19:57:01 UTC,2829,7,487,,0,0,0,0,477
2021-07-10 20:57:01 UTC,2830,7,494,,3.9,0,0,0,477
2021-07-10 21:57:01 UTC,2831,,,494,,,,,
2021-07-10 22:57:01 UTC,2832,2,2,,0,0,0,0,495
2021-07-10 23:57:01 UTC,2833,0,2,,0,0,0,0,495
2021-07-11 00:57:01 UTC,2834,0,2,,0,0,0,0,495
2021-07-11 01:57:01 UTC,2835,0,2,,0,0,0,0,495
2021-07-11 02:57:01 UTC,2836,2,4,,3.9,0,0,0,495
2021-07-11 03:57:01 UTC,2837,0,4,,0,0,0,0,495
2021-07-11 04:57:01 UTC,2838,7,11,,0,0,0,0,495
2021-07-11 05:57:01 UTC,2839,14,25,,0,0,0,0,495
2021-07-11 06:57:01 UTC,2840,24,49,,3.9,0,0,0,495
2021-07-11 07:57:01 UTC,2841,27,77,,0,0,0,0,495
2021-07-11 08:57:01 UTC,2842,18,95,,0,0,0,0,495
2021-07-11 09:57:01 UTC,2843,25,120,,0,0,0,0,495
2021-07-11 10:57:01 UTC,2844,23,143,,0,0,0,0,495
2021-07-11 11:57:01 UTC,2845,52,195,,0,0,0,0,495
2021-07-11 12:57:01 UTC,2846,51,246,,0,0,0,0,495
2021-07-11 13:57:01 UTC,2847,79,325,,0,0,0,0,495
2021-07-11 14:57:01 UTC,2848,57,382,,0,0,0,0,495
2021-07-11 15:57:01 UTC,2849,23,405,,0,0,0,0,495
2021-07-11 16:57:01 UTC,2850,41,446,,0,0,0,0,495
2021-07-11 17:57:01 UTC,2851,34,480,,0,0,0,0,495
2021-07-11 18:57:01 UTC,2852,16,496,,0,0,0,0,495
2021-07-11 19:57:01 UTC,2853,17,513,,0,0,0,0,495
2021-07-11 20:57:01 UTC,2854,9,522,,3.9,0,0,0,495
2021-07-11 21:57:01 UTC,2855,,,522,,,,,
2021-07-11 22:57:01 UTC,2856,30,30,,0,0,0,0,532
2021-07-11 23:57:01 UTC,2857,8,38,,0,0,0,0,532
2021-07-12 00:57:01 UTC,2858,4,42,,0,0,0,0,532
2021-07-12 01:57:01 UTC,2859,1,43,,0,0,0,0,532
2021-07-12 02:57:01 UTC,2860,1,44,,3.9,0,0,0,532
2021-07-12 03:57:01 UTC,2861,1,45,,0,0,0,0,532
2021-07-12 04:57:01 UTC,2862,4,49,,0,0,0,0,532
2021-07-12 05:57:01 UTC,2863,11,60,,0,0,0,0,532
2021-07-12 06:57:01 UTC,2864,24,84,,3.9,0,0,0,532
2021-07-12 07:57:01 UTC,2865,33,118,,0,0,0,0,532
2021-07-12 08:57:01 UTC,2866,11,129,,0,0,0,0,532
2021-07-12 09:57:01 UTC,2867,21,150,,0,0,0,0,532
2021-07-12 10:57:01 UTC,2868,20,170,,0,0,0,0,532
2021-07-12 11:57:01 UTC,2869,33,203,,0,0,0,0,532
2021-07-12 12:57:01 UTC,2870,76,279,,0,0,0,0,532
2021-07-12 13:57:01 UTC,2871,130,409,,0,0,0,0,532
2021-07-12 14:57:01 UTC,2872,69,478,,0,0,0,0,532
2021-07-12 15:57:01 UTC,2873,46,524,,0,0,0,0,532
2021-07-12 16:57:01 UTC,2874,35,559,,0,0,0,0,532
2021-07-12 17:57:01 UTC,2875,50,609,,0,0,0,0,532
2021-07-12 18:57:01 UTC,2876,32,641,,0,0,0,0,532
2021-07-12 19:57:01 UTC,2877,12,653,,0,0,0,0,532
2021-07-12 20:57:01 UTC,2878,2,655,,3.9,0,0,0,532
2021-07-12 21:57:01 UTC,2879,,,655,,,,,
