created_at,entry_id,field1,field2,field3,field4,field5,field6,field7,field8
2022-04-01 00:57:01 UTC,9166,0,0,,0,0,0,0,119
2022-04-01 01:57:01 UTC,9167,0,0,,0,0,0,0,119
2022-04-01 02:57:01 UTC,9168,1,1,,3.9,0,0,0,119
2022-04-01 03:57:01 UTC,9169,1,2,,0,0,0,0,119
2022-04-01 04:57:01 UTC,9170,6,8,,0,0,0,0,119
2022-04-01 05:57:01 UTC,9171,10,18,,0,0,0,0,119
2022-04-01 06:57:01 UTC,9172,10,28,,3.9,0,0,0,119
2022-04-01 07:57:01 UTC,9173,2,30,,0,0,0,0,119
2022-04-01 08:57:01 UTC,9174,5,35,,0,0,0,0,119
2022-04-01 09:57:01 UTC,9175,7,42,,0,0,0,0,119
2022-04-01 10:57:01 UTC,9176,2,44,,3.9,0,0,0,119
2022-04-01 11:57:01 UTC,9177,6,50,,0,0,0,0,119
2022-04-01 12:57:01 UTC,9178,2,52,,0,0,0,0,119
2022-04-01 13:57:01 UTC,9179,2,54,,0,0,0,0,119
2022-04-01 14:57:01 UTC,9180,4,58,,3.9,0,0,0,119
2022-04-01 15:57:01 UTC,9181,11,70,,0,0,0,0,119
2022-04-01 16:57:01 UTC,9182,6,76,,0,0,0,0,119
2022-04-01 17:57:01 UTC,9183,10,86,,0,0,0,0,119
2022-04-01 18:57:01 UTC,9184,8,94,,3.9,0,0,0,119
2022-04-01 19:57:01 UTC,9185,2,97,,0,0,0,0,119
2022-04-01 20:57:01 UTC,9186,1,98,,3.9,0,0,0,119
2022-04-01 21:57:01 UTC,9187,,,98,,,,,
2022-04-01 22:57:01 UTC,9188,3,3,,0,0,0,0,98
2022-04-01 23:57:01 UTC,9189,1,4,,0,0,0,0,98
2022-04-02 00:57:01 UTC,9190,0,4,,0,0,0,0,98
2022-04-02 01:57:01 UTC,9191,0,4,,0,0,0,0,98
2022-04-02 02:57:01 UTC,9192,0,4,,3.9,0,0,0,98
2022-04-02 03:57:01 UTC,9193,1,5,,0,0,0,0,98
2022-04-02 04:57:01 UTC,9194,2,7,,0,0,0,0,98
2022-04-02 05:57:01 UTC,9195,3,10,,0,0,0,0,98
2022-04-02 06:57:01 UTC,9196,5,15,,3.9,0,0,0,98
2022-04-02 07:57:01 UTC,9197,2,18,,0,0,0,0,98
2022-04-02 08:57:01 UTC,9198,5,23,,0,0,0,0,98
2022-04-02 09:57:01 UTC,9199,6,29,,0,0,0,0,98
2022-04-02 10:57:01 UTC,9200,7,36,,3.9,0,0,0,98
2022-04-02 11:57:01 UTC,9201,2,38,,0,0,0,0,98
2022-04-02 12:57:01 UTC,9202,2,40,,0,0,0,0,98
2022-04-02 13:57:01 UTC,9203,5,45,,0,0,0,0,98
2022-04-02 14:57:01 UTC,9204,2,47,,3.9,0,0,0,98
2022-04-02 15:57:01 UTC,9205,3,50,,0,0,0,0,98
2022-04-02 16:57:01 UTC,9206,1,51,,0,0,0,0,98
2022-04-02 17:57:01 UTC,9207,7,58,,0,0,0,0,98
2022-04-02 18:57:01 UTC,9208,2,60,,3.9,0,0,0,98
2022-04-02 19:57:01 UTC,9209,1,61,,0,0,0,0,98
2022-04-02 20:57:01 UTC,9210,2,63,,3.9,0,0,0,98
2022-04-02 21:57:01 UTC,9211,,,63,,,,,
2022-04-02 22:57:01 UTC,9212,3,3,,0,0,0,0,65
2022-04-02 23:57:01 UTC,9213,1,4,,0,0,0,0,65
2022-04-03 00:57:01 UTC,9214,0,4,,0,0,0,0,65
2022-04-03 01:57:01 UTC,9215,0,4,,0,0,0,0,65
2022-04-03 02:57:01 UTC,9216,0,4,,3.9,0,0,0,65
2022-04-03 03:57:01 UTC,9217,1,6,,0,0,0,0,65
2022-04-03 04:57:01 UTC,9218,3,9,,0,0,0,0,65
2022-04-03 05:57:01 UTC,9219,3,12,,0,0,0,0,65
2022-04-03 06:57:01 UTC,9220,12,24,,3.9,0,0,0,65
2022-04-03 07:57:01 UTC,9221,21,50,,0,0,0,0,65
2022-04-03 08:57:01 UTC,9222,42,92,,0,0,0,0,65
2022-04-03 09:57:01 UTC,9223,32,124,,0,0,0,0,65
2022-04-03 10:57:01 UTC,9224,33,157,,3.9,0,0,0,65
2022-04-03 11:57:01 UTC,9225,9,168,,0,0,0,0,65
2022-04-03 12:57:01 UTC,9226,9,177,,0,0,0,0,65
2022-04-03 13:57:01 UTC,9227,14,191,,0,0,0,0,65
2022-04-03 14:57:01 UTC,9228,17,208,,3.9,0,0,0,65
2022-04-03 15:57:01 UTC,9229,10,218,,0,0,0,0,65
2022-04-03 16:57:01 UTC,9230,7,225,,0,0,0,0,65
2022-04-03 17:57:01 UTC,9231,7,232,,0,0,0,0,65
2022-04-03 18:57:01 UTC,9232,5,237,,3.9,0,0,0,65
2022-04-03 19:57:01 UTC,9233,6,243,,0,0,0,0,65
2022-04-03 20:57:01 UTC,9234,3,246,,3.9,0,0,0,65
2022-04-03 21:57:01 UTC,9235,,,246,,,,,
2022-04-03 22:57:01 UTC,9236,2,2,,0,0,0,0,250
2022-04-03 23:57:01 UTC,9237,0,2,,0,0,0,0,250
2022-04-04 00:57:01 UTC,9238,0,2,,0,0,0,0,250
2022-04-04 01:57:01 UTC,9239,0,2,,0,0,0,0,250
2022-04-04 02:57:01 UTC,9240,0,2,,3.9,0,0,0,250
2022-04-04 03:57:01 UTC,9241,0,2,,0,0,0,0,250
2022-04-04 04:57:01 UTC,9242,6,8,,0,0,0,0,250
2022-04-04 05:57:01 UTC,9243,10,18,,0,0,0,0,250
2022-04-04 06:57:01 UTC,9244,14,32,,3.9,0,0,0,250
2022-04-04 07:57:01 UTC,9245,11,48,,0,0,0,0,250
2022-04-04 08:57:01 UTC,9246,13,61,,0,0,0,0,250
2022-04-04 09:57:01 UTC,9247,8,69,,0,0,0,0,250
2022-04-04 10:57:01 UTC,9248,15,84,,3.9,0,0,0,250
2022-04-04 11:57:01 UTC,9249,12,96,,0,0,0,0,250
2022-04-04 12:57:01 UTC,9250,10,106,,0,0,0,0,250
2022-04-04 13:57:01 UTC,9251,6,112,,0,0,0,0,250
2022-04-04 14:57:01 UTC,9252,4,116,,3.9,0,0,0,250
2022-04-04 15:57:01 UTC,9253,16,132,,0,0,0,0,250
2022-04-04 16:57:01 UTC,9254,20,152,,0,0,0,0,250
2022-04-04 17:57:01 UTC,9255,11,163,,0,0,0,0,250
2022-04-04 18:57:01 UTC,9256,3,166,,3.9,0,0,0,250
2022-04-04 19:57:01 UTC,9257,3,169,,0,0,0,0,250
2022-04-04 20:57:01 UTC,9258,2,171,,3.9,0,0,0,250
2022-04-04 21:57:01 UTC,9259,,,171,,,,,
2022-04-04 22:57:01 UTC,9260,0,0,,0,0,0,0,172
2022-04-04 23:57:01 UTC,9261,0,0,,0,0,0,0,172
2022-04-05 00:57:01 UTC,9262,0,0,,0,0,0,0,172
2022-04-05 01:57:01 UTC,9263,0,0,,0,0,0,0,172
2022-04-05 02:57:01 UTC,9264,0,0,,3.9,0,0,0,172
2022-04-05 03:57:01 UTC,9265,0,0,,0,0,0,0,172
2022-04-05 04:57:01 UTC,9266,4,4,,0,0,0,0,172
2022-04-05 05:57:01 UTC,9267,19,23,,0,0,0,0,172
2022-04-05 06:57:01 UTC,9268,29,52,,3.9,0,0,0,172
2022-04-05 07:57:01 UTC,9269,26,83,,0,0,0,0,172
2022-04-05 08:57:01 UTC,9270,20,103,,0,0,0,0,172
2022-04-05 09:57:01 UTC,9271,14,117,,0,0,0,0,172
2022-04-05 10:57:01 UTC,9272,18,135,,3.9,0,0,0,172
2022-04-05 11:57:01 UTC,9273,29,165,,0,0,0,0,172
2022-04-05 12:57:01 UTC,9274,33,198,,0,0,0,0,172
2022-04-05 13:57:01 UTC,9275,17,215,,0,0,0,0,172
2022-04-05 14:57:01 UTC,9276,9,224,,3.9,0,0,0,172
2022-04-05 15:57:01 UTC,9277,30,254,,0,0,0,0,172
2022-04-05 16:57:01 UTC,9278,26,280,,0,0,0,0,172
2022-04-05 17:57:01 UTC,9279,15,295,,0,0,0,0,172
2022-04-05 18:57:01 UTC,9280,11,306,,3.9,0,0,0,172
2022-04-05 19:57:01 UTC,9281,3,310,,0,0,0,0,172
2022-04-05 20:57:01 UTC,9282,1,311,,3.9,0,0,0,172
2022-04-05 21:57:01 UTC,9283,,,311,,,,,
2022-04-05 22:57:01 UTC,9284,0,0,,0,0,0,0,313
2022-04-05 23:57:01 UTC,9285,0,0,,0,0,0,0,313
2022-04-06 00:57:01 UTC,9286,0,0,,0,0,0,0,313
2022-04-06 01:57:01 UTC,9287,0,0,,0,0,0,0,313
2022-04-06 02:57:01 UTC,9288,1,1,,3.9,0,0,0,313
2022-04-06 03:57:01 UTC,9289,0,2,,0,0,0,0,313
2022-04-06 04:57:01 UTC,9290,6,8,,0,0,0,0,313
2022-04-06 05:57:01 UTC,9291,8,16,,0,0,0,0,313
2022-04-06 06:57:01 UTC,9292,20,36,,3.9,0,0,0,313
2022-04-06 07:57:01 UTC,9293,16,56,,0,0,0,0,313
2022-04-06 08:57:01 UTC,9294,12,68,,0,0,0,0,313
2022-04-06 09:57:01 UTC,9295,11,79,,0,0,0,0,313
2022-04-06 10:57:01 UTC,9296,7,86,,3.9,0,0,0,313
2022-04-06 11:57:01 UTC,9297,5,91,,0,0,0,0,313
2022-04-06 12:57:01 UTC,9298,2,93,,0,0,0,0,313
2022-04-06 13:57:01 UTC,9299,1,94,,0,0,0,0,313
2022-04-06 14:57:01 UTC,9300,4,98,,3.9,0,0,0,313
2022-04-06 15:57:01 UTC,9301,6,104,,0,0,0,0,313
2022-04-06 16:57:01 UTC,9302,7,111,,0,0,0,0,313
2022-04-06 17:57:01 UTC,9303,9,120,,0,0,0,0,313
2022-04-06 18:57:01 UTC,9304,6,126,,3.9,0,0,0,313
2022-04-06 19:57:01 UTC,9305,1,128,,0,0,0,0,313
2022-04-06 20:57:01 UTC,9306,2,130,,3.9,0,0,0,313
2022-04-06 21:57:01 UTC,9307,,,130,,,,,
2022-04-06 22:57:01 UTC,9308,1,1,,0,0,0,0,131
2022-04-06 23:57:01 UTC,9309,2,3,,0,0,0,0,131
2022-04-07 00:57:01 UTC,9310,0,3,,0,0,0,0,131
2022-04-07 01:57:01 UTC,9311,0,3,,0,0,0,0,131
2022-04-07 02:57:01 UTC,9312,0,3,,3.9,0,0,0,131
2022-04-07 03:57:01 UTC,9313,1,4,,0,0,0,0,131
2022-04-07 04:57:01 UTC,9314,3,7,,0,0,0,0,131
2022-04-07 05:57:01 UTC,9315,16,23,,0,0,0,0,131
2022-04-07 06:57:01 UTC,9316,30,53,,3.9,0,0,0,131
2022-04-07 07:57:01 UTC,9317,25,88,,0,0,0,0,131
2022-04-07 08:57:01 UTC,9318,30,118,,0,0,0,0,131
2022-04-07 09:57:01 UTC,9319,17,135,,0,0,0,0,131
2022-04-07 10:57:01 UTC,9320,12,147,,3.9,0,0,0,131
2022-04-07 11:57:01 UTC,9321,19,169,,0,0,0,0,131
2022-04-07 12:57:01 UTC,9322,8,177,,0,0,0,0,131
2022-04-07 13:57:01 UTC,9323,5,182,,0,0,0,0,131
2022-04-07 14:57:01 UTC,9324,10,192,,3.9,0,0,0,131
2022-04-07 15:57:01 UTC,9325,16,209,,0,0,0,0,131
2022-04-07 16:57:01 UTC,9326,14,223,,0,0,0,0,131
2022-04-07 17:57:01 UTC,9327,5,228,,0,0,0,0,131
2022-04-07 18:57:01 UTC,9328,3,231,,3.9,0,0,0,131
2022-04-07 19:57:01 UTC,9329,7,238,,0,0,0,0,131
2022-04-07 20:57:01 UTC,9330,3,241,,3.9,0,0,0,131
2022-04-07 21:57:01 UTC,9331,,,241,,,,,
2022-04-07 22:57:01 UTC,9332,1,1,,0,0,0,0,243
2022-04-07 23:57:01 UTC,9333,0,1,,0,0,0,0,243
2022-04-08 00:57:01 UTC,9334,1,2,,0,0,0,0,243
2022-04-08 01:57:01 UTC,9335,0,2,,0,0,0,0,243
2022-04-08 02:57:01 UTC,9336,1,3,,3.9,0,0,0,243
2022-04-08 03:57:01 UTC,9337,2,5,,0,0,0,0,243
2022-04-08 04:57:01 UTC,9338,8,13,,0,0,0,0,243
2022-04-08 05:57:01 UTC,9339,25,38,,0,0,0,0,243
2022-04-08 06:57:01 UTC,9340,26,64,,3.9,0,0,0,243
2022-04-08 07:57:01 UTC,9341,18,84,,0,0,0,0,243
2022-04-08 08:57:01 UTC,9342,12,96,,0,0,0,0,243
2022-04-08 09:57:01 UTC,9343,12,108,,0,0,0,0,243
2022-04-08 10:57:01 UTC,9344,10,118,,3.9,0,0,0,243
2022-04-08 11:57:01 UTC,9345,5,123,,0,0,0,0,243
2022-04-08 12:57:01 UTC,9346,9,132,,0,0,0,0,243
2022-04-08 13:57:01 UTC,9347,4,136,,0,0,0,0,243
2022-04-08 14:57:01 UTC,9348,6,142,,3.9,0,0,0,243
2022-04-08 15:57:01 UTC,9349,11,153,,0,0,0,0,243
2022-04-08 16:57:01 UTC,9350,9,162,,0,0,0,0,243
2022-04-08 17:57:01 UTC,9351,12,174,,0,0,0,0,243
2022-04-08 18:57:01 UTC,9352,1,175,,3.9,0,0,0,243
2022-04-08 19:57:01 UTC,9353,6,182,,0,0,0,0,243
2022-04-08 20:57:01 UTC,9354,4,186,,3.9,0,0,0,243
2022-04-08 21:57:01 UTC,9355,,,186,,,,,
2022-04-08 22:57:01 UTC,9356,3,3,,0,0,0,0,188
2022-04-08 23:57:01 UTC,9357,1,4,,0,0,0,0,188
2022-04-09 00:57:01 UTC,9358,2,6,,0,0,0,0,188
2022-04-09 01:57:01 UTC,9359,4,10,,0,0,0,0,188
2022-04-09 02:57:01 UTC,9360,2,12,,3.9,0,0,0,188
2022-04-09 03:57:01 UTC,9361,3,16,,0,0,0,0,188
2022-04-09 04:57:01 UTC,9362,7,23,,0,0,0,0,188
2022-04-09 05:57:01 UTC,9363,6,29,,0,0,0,0,188
2022-04-09 06:57:01 UTC,9364,15,44,,3.9,0,0,0,188
2022-04-09 07:57:01 UTC,9365,13,61,,0,0,0,0,188
2022-04-09 08:57:01 UTC,9366,8,69,,0,0,0,0,188
2022-04-09 09:57:01 UTC,9367,14,83,,0,0,0,0,188
2022-04-09 10:57:01 UTC,9368,9,92,,3.9,0,0,0,188
2022-04-09 11:57:01 UTC,9369,9,101,,0,0,0,0,188
2022-04-09 12:57:01 UTC,9370,3,104,,0,0,0,0,188
2022-04-09 13:57:01 UTC,9371,5,109,,0,0,0,0,188
2022-04-09 14:57:01 UTC,9372,4,113,,3.9,0,0,0,188
2022-04-09 15:57:01 UTC,9373,11,124,,0,0,0,0,188
2022-04-09 16:57:01 UTC,9374,3,127,,0,0,0,0,188
2022-04-09 17:57:01 UTC,9375,6,133,,0,0,0,0,188
2022-04-09 18:57:01 UTC,9376,3,136,,3.9,0,0,0,188
2022-04-09 19:57:01 UTC,9377,1,138,,0,0,0,0,188
2022-04-09 20:57:01 UTC,9378,4,142,,3.9,0,0,0,188
2022-04-09 21:57:01 UTC,9379,,,142,,,,,
2022-04-09 22:57:01 UTC,9380,2,2,,0,0,0,0,144
2022-04-09 23:57:01 UTC,9381,1,3,,0,0,0,0,144
2022-04-10 00:57:01 UTC,9382,1,4,,0,0,0,0,144
2022-04-10 01:57:01 UTC,9383,0,4,,0,0,0,0,144
2022-04-10 02:57:01 UTC,9384,0,4,,3.9,0,0,0,144
2022-04-10 03:57:01 UTC,9385,0,4,,0,0,0,0,144
2022-04-10 04:57:01 UTC,9386,3,7,,0,0,0,0,144
2022-04-10 05:57:01 UTC,9387,2,9,,0,0,0,0,144
2022-04-10 06:57:01 UTC,9388,16,25,,3.9,0,0,0,144
2022-04-10 07:57:01 UTC,9389,27,53,,0,0,0,0,144
2022-04-10 08:57:01 UTC,9390,25,78,,0,0,0,0,144
2022-04-10 09:57:01 UTC,9391,26,104,,0,0,0,0,144
2022-04-10 10:57:01 UTC,9392,15,119,,3.9,0,0,0,144
2022-04-10 11:57:01 UTC,9393,16,135,,0,0,0,0,144
2022-04-10 12:57:01 UTC,9394,12,147,,0,0,0,0,144
2022-04-10 13:57:01 UTC,9395,19,166,,0,0,0,0,144
2022-04-10 14:57:01 UTC,9396,15,181,,3.9,0,0,0,144
2022-04-10 15:57:01 UTC,9397,18,199,,0,0,0,0,144
2022-04-10 16:57:01 UTC,9398,10,209,,0,0,0,0,144
2022-04-10 17:57:01 UTC,9399,10,219,,0,0,0,0,144
2022-04-10 18:57:01 UTC,9400,6,225,,3.9,0,0,0,144
2022-04-10 19:57:01 UTC,9401,3,228,,0,0,0,0,144
2022-04-10 20:57:01 UTC,9402,1,229,,3.9,0,0,0,144
2022-04-10 21:57:01 UTC,9403,,,229,,,,,
2022-04-10 22:57:01 UTC,9404,1,1,,0,0,0,0,231
2022-04-10 23:57:01 UTC,9405,0,1,,0,0,0,0,231
2022-04-11 00:57:01 UTC,9406,0,1,,0,0,0,0,231
2022-04-11 01:57:01 UTC,9407,0,1,,0,0,0,0,231
2022-04-11 02:57:01 UTC,9408,1,2,,3.9,0,0,0,231
2022-04-11 03:57:01 UTC,9409,0,2,,0,0,0,0,231
2022-04-11 04:57:01 UTC,9410,7,9,,0,0,0,0,231
2022-04-11 05:57:01 UTC,9411,12,21,,0,0,0,0,231
2022-04-11 06:57:01 UTC,9412,33,54,,3.9,0,0,0,231
2022-04-11 07:57:01 UTC,9413,28,88,,0,0,0,0,231
2022-04-11 08:57:01 UTC,9414,13,101,,0,0,0,0,231
2022-04-11 09:57:01 UTC,9415,23,124,,0,0,0,0,231
2022-04-11 10:57:01 UTC,9416,14,138,,3.9,0,0,0,231
2022-04-11 11:57:01 UTC,9417,29,169,,0,0,0,0,231
2022-04-11 12:57:01 UTC,9418,10,179,,0,0,0,0,231
2022-04-11 13:57:01 UTC,9419,29,208,,0,0,0,0,231
2022-04-11 14:57:01 UTC,9420,19,227,,3.9,0,0,0,231
2022-04-11 15:57:01 UTC,9421,23,250,,0,0,0,0,231
2022-04-11 16:57:01 UTC,9422,15,265,,0,0,0,0,231
2022-04-11 17:57:01 UTC,9423,14,279,,0,0,0,0,231
2022-04-11 18:57:01 UTC,9424,5,284,,3.9,0,0,0,231
2022-04-11 19:57:01 UTC,9425,2,287,,0,0,0,0,231
2022-04-11 20:57:01 UTC,9426,1,288,,3.9,0,0,0,231
2022-04-11 21:57:01 UTC,9427,,,288,,,,,
