created_at,entry_id,field1,field2,field3,field4,field5,field6,field7,field8
2021-05-01 00:57:01 UTC,1130,0,0,,0,0,0,0,412
2021-05-01 01:57:01 UTC,1131,0,0,,0,0,0,0,412
2021-05-01 02:57:01 UTC,1132,0,0,,3.9,0,0,0,412
2021-05-01 03:57:01 UTC,1133,2,2,,0,0,0,0,412
2021-05-01 04:57:01 UTC,1134,4,6,,0,0,0,0,412
2021-05-01 05:57:01 UTC,1135,18,24,,0,0,0,0,412
2021-05-01 06:57:01 UTC,1136,14,38,,3.9,0,0,0,412
2021-05-01 07:57:01 UTC,1137,34,76,,0,0,0,0,412
2021-05-01 08:57:01 UTC,1138,26,102,,0,0,0,0,412
2021-05-01 09:57:01 UTC,1139,29,131,,0,0,0,0,412
2021-05-01 10:57:01 UTC,1140,19,150,,3.9,0,0,0,412
2021-05-01 11:57:01 UTC,1141,9,160,,0,0,0,0,412
2021-05-01 12:57:01 UTC,1142,3,163,,0,0,0,0,412
2021-05-01 13:57:01 UTC,1143,1,164,,0,0,0,0,412
2021-05-01 14:57:01 UTC,1144,5,169,,3.9,0,0,0,412
2021-05-01 15:57:01 UTC,1145,14,184,,0,0,0,0,412
2021-05-01 16:57:01 UTC,1146,17,201,,0,0,0,0,412
2021-05-01 17:57:01 UTC,1147,11,212,,0,0,0,0,412
2021-05-01 18:57:01 UTC,1148,12,224,,3.9,0,0,0,412
2021-05-01 19:57:01 UTC,1149,6,230,,0,0,0,0,412
2021-05-01 20:57:01 UTC,1150,0,230,,3.9,0,0,0,412
2021-05-01 21:57:01 UTC,1151,,,230,,,,,
2021-05-01 22:57:01 UTC,1152,1,1,,0,0,0,0,231
2021-05-01 23:57:01 UTC,1153,2,3,,0,0,0,0,231
2021-05-02 00:57:01 UTC,1154,0,3,,0,0,0,0,231
2021-05-02 01:57:01 UTC,1155,0,3,,0,0,0,0,231
2021-05-02 02:57:01 UTC,1156,0,3,,3.9,0,0,0,231
2021-05-02 03:57:01 UTC,1157,3,7,,0,0,0,0,231
2021-05-02 04:57:01 UTC,1158,5,12,,0,0,0,0,231
2021-05-02 05:57:01 UTC,1159,12,24,,0,0,0,0,231
2021-05-02 06:57:01 UTC,1160,19,43,,3.9,0,0,0,231
2021-05-02 07:57:01 UTC,1161,26,72,,0,0,0,0,231
2021-05-02 08:57:01 UTC,1162,27,99,,0,0,0,0,231
2021-05-02 09:57:01 UTC,1163,33,132,,0,0,0,0,231
2021-05-02 10:57:01 UTC,1164,31,163,,3.9,0,0,0,231
2021-05-02 11:57:01 UTC,1165,13,176,,0,0,0,0,231
2021-05-02 12:57:01 UTC,1166,14,190,,0,0,0,0,231
2021-05-02 13:57:01 UTC,1167,15,205,,0,0,0,0,231
2021-05-02 14:57:01 UTC,1168,22,227,,3.9,0,0,0,231
2021-05-02 15:57:01 UTC,1169,21,249,,0,0,0,0,231
2021-05-02 16:57:01 UTC,1170,36,285,,0,0,0,0,231
2021-05-02 17:57:01 UTC,1171,16,301,,0,0,0,0,231
2021-05-02 18:57:01 UTC,1172,5,306,,3.9,0,0,0,231
2021-05-02 19:57:01 UTC,1173,4,311,,0,0,0,0,231
2021-05-02 20:57:01 UTC,1174,2,313,,3.9,0,0,0,231
2021-05-02 21:57:01 UTC,1175,,,313,,,,,
2021-05-02 22:57:01 UTC,1176,0,0,,0,0,0,0,313
2021-05-02 23:57:01 UTC,1177,0,0,,0,0,0,0,313
2021-05-03 00:57:01 UTC,1178,0,0,,0,0,0,0,313
2021-05-03 01:57:01 UTC,1179,1,1,,0,0,0,0,313
2021-05-03 02:57:01 UTC,1180,0,1,,3.9,0,0,0,313
2021-05-03 03:57:01 UTC,1181,5,7,,0,0,0,0,313
2021-05-03 04:57:01 UTC,1182,6,13,,0,0,0,0,313
2021-05-03 05:57:01 UTC,1183,14,27,,0,0,0,0,313
2021-05-03 06:57:01 UTC,1184,19,46,,3.9,0,0,0,313
2021-05-03 07:57:01 UTC,1185,19,67,,0,0,0,0,313
2021-05-03 08:57:01 UTC,1186,21,88,,0,0,0,0,313
2021-05-03 09:57:01 UTC,1187,22,110,,0,0,0,0,313
2021-05-03 10:57:01 UTC,1188,18,128,,3.9,0,0,0,313
2021-05-03 11:57:01 UTC,1189,34,163,,0,0,0,0,313
2021-05-03 12:57:01 UTC,1190,39,202,,0,0,0,0,313
2021-05-03 13:57:01 UTC,1191,45,247,,0,0,0,0,313
2021-05-03 14:57:01 UTC,1192,25,272,,3.9,0,0,0,313
2021-05-03 15:57:01 UTC,1193,42,315,,0,0,0,0,313
2021-05-03 16:57:01 UTC,1194,49,364,,0,0,0,0,313
2021-05-03 17:57:01 UTC,1195,29,393,,0,0,0,0,313
2021-05-03 18:57:01 UTC,1196,12,405,,3.9,0,0,0,313
2021-05-03 19:57:01 UTC,1197,3,409,,0,0,0,0,313
2021-05-03 20:57:01 UTC,1198,5,414,,3.9,0,0,0,313
2021-05-03 21:57:01 UTC,1199,,,414,,,,,
2021-05-03 22:57:01 UTC,1200,1,1,,0,0,0,0,416
2021-05-03 23:57:01 UTC,1201,0,1,,0,0,0,0,416
2021-05-04 00:57:01 UTC,1202,0,1,,0,0,0,0,416
2021-05-04 01:57:01 UTC,1203,0,1,,0,0,0,0,416
2021-05-04 02:57:01 UTC,1204,0,1,,3.9,0,0,0,416
2021-05-04 03:57:01 UTC,1205,4,5,,0,0,0,0,416
2021-05-04 04:57:01 UTC,1206,8,13,,0,0,0,0,416
2021-05-04 05:57:01 UTC,1207,19,32,,0,0,0,0,416
2021-05-04 06:57:01 UTC,1208,22,54,,3.9,0,0,0,416
2021-05-04 07:57:01 UTC,1209,28,84,,0,0,0,0,416
2021-05-04 08:57:01 UTC,1210,30,114,,0,0,0,0,416
2021-05-04 09:57:01 UTC,1211,11,125,,0,0,0,0,416
2021-05-04 10:57:01 UTC,1212,14,139,,3.9,0,0,0,416
2021-05-04 11:57:01 UTC,1213,17,157,,0,0,0,0,416
2021-05-04 12:57:01 UTC,1214,20,177,,0,0,0,0,416
2021-05-04 13:57:01 UTC,1215,5,182,,0,0,0,0,416
2021-05-04 14:57:01 UTC,1216,7,189,,3.9,0,0,0,416
2021-05-04 15:57:01 UTC,1217,2,191,,0,0,0,0,416
2021-05-04 16:57:01 UTC,1218,7,198,,0,0,0,0,416
2021-05-04 17:57:01 UTC,1219,12,210,,0,0,0,0,416
2021-05-04 18:57:01 UTC,1220,7,217,,3.9,0,0,0,416
2021-05-04 19:57:01 UTC,1221,7,224,,0,0,0,0,416
2021-05-04 20:57:01 UTC,1222,1,225,,3.9,0,0,0,416
2021-05-04 21:57:01 UTC,1223,,,225,,,,,
2021-05-04 22:57:01 UTC,1224,0,0,,0,0,0,0,225
2021-05-04 23:57:01 UTC,1225,0,0,,0,0,0,0,225
2021-05-05 00:57:01 UTC,1226,0,0,,0,0,0,0,225
2021-05-05 01:57:01 UTC,1227,0,0,,0,0,0,0,225
2021-05-05 02:57:01 UTC,1228,0,0,,3.9,0,0,0,225
2021-05-05 03:57:01 UTC,1229,6,6,,0,0,0,0,225
2021-05-05 04:57:01 UTC,1230,6,12,,0,0,0,0,225
2021-05-05 05:57:01 UTC,1231,12,24,,0,0,0,0,225
2021-05-05 06:57:01 UTC,1232,25,49,,3.9,0,0,0,225
2021-05-05 07:57:01 UTC,1233,23,75,,0,0,0,0,225
2021-05-05 08:57:01 UTC,1234,27,102,,0,0,0,0,225
2021-05-05 09:57:01 UTC,1235,14,116,,0,0,0,0,225
2021-05-05 10:57:01 UTC,1236,26,142,,3.9,0,0,0,225
2021-05-05 11:57:01 UTC,1237,49,192,,0,0,0,0,225
2021-05-05 12:57:01 UTC,1238,38,230,,0,0,0,0,225
2021-05-05 13:57:01 UTC,1239,48,278,,0,0,0,0,225
2021-05-05 14:57:01 UTC,1240,40,318,,3.9,0,0,0,225
2021-05-05 15:57:01 UTC,1241,56,374,,0,0,0,0,225
2021-05-05 16:57:01 UTC,1242,62,436,,0,0,0,0,225
2021-05-05 17:57:01 UTC,1243,42,478,,0,0,0,0,225
2021-05-05 18:57:01 UTC,1244,16,494,,3.9,0,0,0,225
2021-05-05 19:57:01 UTC,1245,4,498,,0,0,0,0,225
2021-05-05 20:57:01 UTC,1246,3,501,,3.9,0,0,0,225
2021-05-05 21:57:01 UTC,1247,,,501,,,,,
2021-05-05 22:57:01 UTC,1248,1,1,,0,0,0,0,502
2021-05-05 23:57:01 UTC,1249,0,1,,0,0,0,0,502
2021-05-06 00:57:01 UTC,1250,2,3,,0,0,0,0,502
2021-05-06 01:57:01 UTC,1251,0,3,,0,0,0,0,502
2021-05-06 02:57:01 UTC,1252,0,3,,3.9,0,0,0,502
2021-05-06 03:57:01 UTC,1253,4,7,,0,0,0,0,502
2021-05-06 04:57:01 UTC,1254,14,21,,0,0,0,0,502
2021-05-06 05:57:01 UTC,1255,20,41,,0,0,0,0,502
2021-05-06 06:57:01 UTC,1256,28,69,,3.9,0,0,0,502
2021-05-06 07:57:01 UTC,1257,25,95,,0,0,0,0,502
2021-05-06 08:57:01 UTC,1258,31,126,,0,0,0,0,502
2021-05-06 09:57:01 UTC,1259,36,162,,0,0,0,0,502
2021-05-06 10:57:01 UTC,1260,86,248,,3.9,0,0,0,502
2021-05-06 11:57:01 UTC,1261,62,311,,0,0,0,0,502
2021-05-06 12:57:01 UTC,1262,65,376,,0,0,0,0,502
2021-05-06 13:57:01 UTC,1263,45,421,,0,0,0,0,502
2021-05-06 14:57:01 UTC,1264,37,458,,3.9,0,0,0,502
2021-05-06 15:57:01 UTC,1265,57,515,,0,0,0,0,502
2021-05-06 16:57:01 UTC,1266,47,562,,0,0,0,0,502
2021-05-06 17:57:01 UTC,1267,34,596,,0,0,0,0,502
2021-05-06 18:57:01 UTC,1268,19,615,,3.9,0,0,0,502
2021-05-06 19:57:01 UTC,1269,9,624,,0,0,0,0,502
2021-05-06 20:57:01 UTC,1270,2,626,,3.9,0,0,0,502
2021-05-06 21:57:01 UTC,1271,,,626,,,,,
2021-05-06 22:57:01 UTC,1272,1,1,,0,0,0,0,626
2021-05-06 23:57:01 UTC,1273,0,1,,0,0,0,0,626
2021-05-07 00:57:01 UTC,1274,0,1,,0,0,0,0,626
2021-05-07 01:57:01 UTC,1275,1,2,,0,0,0,0,626
2021-05-07 02:57:01 UTC,1276,0,2,,3.9,0,0,0,626
2021-05-07 03:57:01 UTC,1277,6,9,,0,0,0,0,626
2021-05-07 04:57:01 UTC,1278,10,19,,0,0,0,0,626
2021-05-07 05:57:01 UTC,1279,18,37,,0,0,0,0,626
2021-05-07 06:57:01 UTC,1280,26,63,,3.9,0,0,0,626
2021-05-07 07:57:01 UTC,1281,21,84,,0,0,0,0,626
2021-05-07 08:57:01 UTC,1282,28,112,,0,0,0,0,626
2021-05-07 09:57:01 UTC,1283,35,147,,0,0,0,0,626
2021-05-07 10:57:01 UTC,1284,26,173,,3.9,0,0,0,626
2021-05-07 11:57:01 UTC,1285,31,204,,0,0,0,0,626
2021-05-07 12:57:01 UTC,1286,38,242,,0,0,0,0,626
2021-05-07 13:57:01 UTC,1287,50,292,,0,0,0,0,626
2021-05-07 14:57:01 UTC,1288,36,328,,0,0,0,0,626
2021-05-07 15:57:01 UTC,1289,42,370,,0,0,0,0,626
2021-05-07 16:57:01 UTC,1290,41,411,,0,0,0,0,626
2021-05-07 17:57:01 UTC,1291,22,433,,0,0,0,0,626
2021-05-07 18:57:01 UTC,1292,16,449,,3.9,0,0,0,626
2021-05-07 19:57:01 UTC,1293,5,454,,0,0,0,0,626
2021-05-07 20:57:01 UTC,1294,1,455,,3.9,0,0,0,626
2021-05-07 21:57:01 UTC,1295,,,455,,,,,
2021-05-07 22:57:01 UTC,1296,0,0,,0,0,0,0,456
2021-05-07 23:57:01 UTC,1297,0,0,,0,0,0,0,456
2021-05-08 00:57:01 UTC,1298,0,0,,0,0,0,0,456
2021-05-08 01:57:01 UTC,1299,0,0,,0,0,0,0,456
2021-05-08 02:57:01 UTC,1300,0,0,,3.9,0,0,0,456
2021-05-08 03:57:01 UTC,1301,8,8,,0,0,0,0,456
2021-05-08 04:57:01 UTC,1302,7,15,,0,0,0,0,456
2021-05-08 05:57:01 UTC,1303,16,31,,0,0,0,0,456
2021-05-08 06:57:01 UTC,1304,18,49,,3.9,0,0,0,456
2021-05-08 07:57:01 UTC,1305,35,86,,0,0,0,0,456
2021-05-08 08:57:01 UTC,1306,46,132,,0,0,0,0,456
2021-05-08 09:57:01 UTC,1307,33,165,,0,0,0,0,456
2021-05-08 10:57:01 UTC,1308,35,200,,3.9,0,0,0,456
2021-05-08 11:57:01 UTC,1309,41,241,,0,0,0,0,456
2021-05-08 12:57:01 UTC,1310,30,271,,0,0,0,0,456
2021-05-08 13:57:01 UTC,1311,70,341,,0,0,0,0,456
2021-05-08 14:57:01 UTC,1312,65,406,,0,0,0,0,456
2021-05-08 15:57:01 UTC,1313,36,442,,0,0,0,0,456
2021-05-08 16:57:01 UTC,1314,40,482,,0,0,0,0,456
2021-05-08 17:57:01 UTC,1315,21,503,,0,0,0,0,456
2021-05-08 18:57:01 UTC,1316,9,512,,3.9,0,0,0,456
2021-05-08 19:57:01 UTC,1317,4,517,,0,0,0,0,456
2021-05-08 20:57:01 UTC,1318,6,523,,3.9,0,0,0,456
2021-05-08 21:57:01 UTC,1319,,,523,,,,,
2021-05-08 22:57:01 UTC,1320,0,0,,0,0,0,0,524
2021-05-08 23:57:01 UTC,1321,0,0,,0,0,0,0,524
2021-05-09 00:57:01 UTC,1322,0,0,,0,0,0,0,524
2021-05-09 01:57:01 UTC,1323,0,0,,0,0,0,0,524
2021-05-09 02:57:01 UTC,1324,0,0,,3.9,0,0,0,524
2021-05-09 03:57:01 UTC,1325,0,0,,0,0,0,0,524
2021-05-09 04:57:01 UTC,1326,4,4,,0,0,0,0,524
2021-05-09 05:57:01 UTC,1327,24,28,,0,0,0,0,524
2021-05-09 06:57:01 UTC,1328,29,57,,3.9,0,0,0,524
2021-05-09 07:57:01 UTC,1329,48,107,,0,0,0,0,524
2021-05-09 08:57:01 UTC,1330,56,163,,0,0,0,0,524
2021-05-09 09:57:01 UTC,1331,54,217,,0,0,0,0,524
2021-05-09 10:57:01 UTC,1332,33,250,,0,0,0,0,524
2021-05-09 11:57:01 UTC,1333,50,300,,0,0,0,0,524
2021-05-09 12:57:01 UTC,1334,54,354,,0,0,0,0,524
2021-05-09 13:57:01 UTC,1335,38,392,,0,0,0,0,524
2021-05-09 14:57:01 UTC,1336,38,430,,0,0,0,0,524
2021-05-09 15:57:01 UTC,1337,46,476,,0,0,0,0,524
2021-05-09 16:57:01 UTC,1338,37,513,,0,0,0,0,524
2021-05-09 17:57:01 UTC,1339,27,540,,0,0,0,0,524
2021-05-09 18:57:01 UTC,1340,10,550,,3.9,0,0,0,524
2021-05-09 19:57:01 UTC,1341,11,561,,0,0,0,0,524
2021-05-09 20:57:01 UTC,1342,3,564,,3.9,0,0,0,524
2021-05-09 21:57:01 UTC,1343,,,564,,,,,
2021-05-09 22:57:01 UTC,1344,0,0,,0,0,0,0,564
2021-05-09 23:57:01 UTC,1345,0,0,,0,0,0,0,564
2021-05-10 00:57:01 UTC,1346,0,0,,0,0,0,0,564
2021-05-10 01:57:01 UTC,1347,0,0,,0,0,0,0,564
2021-05-10 02:57:01 UTC,1348,0,0,,3.9,0,0,0,564
2021-05-10 03:57:01 UTC,1349,10,10,,0,0,0,0,564
2021-05-10 04:57:01 UTC,1350,7,17,,0,0,0,0,564
2021-05-10 05:57:01 UTC,1351,15,32,,0,0,0,0,564
2021-05-10 06:57:01 UTC,1352,34,66,,3.9,0,0,0,564
2021-05-10 07:57:01 UTC,1353,31,99,,0,0,0,0,564
2021-05-10 08:57:01 UTC,1354,33,132,,0,0,0,0,564
2021-05-10 09:57:01 UTC,1355,29,161,,0,0,0,0,564
2021-05-10 10:57:01 UTC,1356,67,228,,0,0,0,0,564
2021-05-10 11:57:01 UTC,1357,75,303,,0,0,0,0,564
2021-05-10 12:57:01 UTC,1358,102,405,,0,0,0,0,564
2021-05-10 13:57:01 UTC,1359,80,485,,0,0,0,0,564
2021-05-10 14:57:01 UTC,1360,65,550,,0,0,0,0,564
2021-05-10 15:57:01 UTC,1361,40,590,,0,0,0,0,564
2021-05-10 16:57:01 UTC,1362,60,650,,0,0,0,0,564
2021-05-10 17:57:01 UTC,1363,27,677,,0,0,0,0,564
2021-05-10 18:57:01 UTC,1364,14,691,,3.9,0,0,0,564
2021-05-10 19:57:01 UTC,1365,6,697,,0,0,0,0,564
2021-05-10 20:57:01 UTC,1366,3,700,,3.9,0,0,0,564
2021-05-10 21:57:01 UTC,1367,,,700,,,,,
