created_at,entry_id,field1,field2,field3,field4,field5,field6,field7,field8
2021-10-01 00:57:01 UTC,4799,1,7,,0,0,0,0,340
2021-10-01 01:57:01 UTC,4800,0,7,,0,0,0,0,340
2021-10-01 02:57:01 UTC,4801,2,9,,3.9,0,0,0,340
2021-10-01 03:57:01 UTC,4802,5,15,,0,0,0,0,340
2021-10-01 04:57:01 UTC,4803,7,22,,0,0,0,0,340
2021-10-01 05:57:01 UTC,4804,23,45,,0,0,0,0,340
2021-10-01 06:57:01 UTC,4805,29,74,,3.9,0,0,0,340
2021-10-01 07:57:01 UTC,4806,32,110,,0,0,0,0,340
2021-10-01 08:57:01 UTC,4807,19,129,,0,0,0,0,340
2021-10-01 09:57:01 UTC,4808,21,150,,0,0,0,0,340
2021-10-01 10:57:01 UTC,4809,20,170,,3.9,0,0,0,340
2021-10-01 11:57:01 UTC,4810,22,193,,0,0,0,0,340
2021-10-01 12:57:01 UTC,4811,16,209,,0,0,0,0,340
2021-10-01 13:57:01 UTC,4812,12,221,,0,0,0,0,340
2021-10-01 14:57:01 UTC,4813,14,235,,0,0,0,0,340
2021-10-01 15:57:01 UTC,4814,30,265,,0,0,0,0,340
2021-10-01 16:57:01 UTC,4815,31,296,,0,0,0,0,340
2021-10-01 17:57:01 UTC,4816,33,329,,0,0,0,0,340
2021-10-01 18:57:01 UTC,4817,12,341,,3.9,0,0,0,340
2021-10-01 19:57:01 UTC,4818,10,351,,0,0,0,0,340
2021-10-01 20:57:01 UTC,4819,7,358,,3.9,0,0,0,340
2021-10-01 21:57:01 UTC,4820,,,358,,,,,
2021-10-01 22:57:01 UTC,4821,1,1,,0,0,0,0,364
2021-10-01 23:57:01 UTC,4822,0,1,,0,0,0,0,364
2021-10-02 00:57:01 UTC,4823,0,1,,0,0,0,0,364
2021-10-02 01:57:01 UTC,4824,0,1,,0,0,0,0,364
2021-10-02 02:57:01 UTC,4825,2,3,,3.9,0,0,0,364
2021-10-02 03:57:01 UTC,4826,6,9,,0,0,0,1,364
2021-10-02 04:57:01 UTC,4827,6,15,,0,0,0,1,364
2021-10-02 05:57:01 UTC,4828,12,27,,0,0,0,1,364
2021-10-02 06:57:01 UTC,4829,13,40,,3.9,0,0,1,364
2021-10-02 07:57:01 UTC,4830,30,71,,0,0,0,1,364
2021-10-02 08:57:01 UTC,4831,22,93,,0,0,0,1,364
2021-10-02 09:57:01 UTC,4832,22,115,,0,0,0,1,364
2021-10-02 10:57:01 UTC,4833,16,131,,3.9,0,0,1,364
2021-10-02 11:57:01 UTC,4834,7,138,,0,0,0,1,364
2021-10-02 12:57:01 UTC,4835,9,147,,0,0,0,1,364
2021-10-02 13:57:01 UTC,4836,2,149,,0,0,0,1,364
2021-10-02 14:57:01 UTC,4837,10,159,,3.9,0,0,1,364
2021-10-02 15:57:01 UTC,4838,14,173,,0,0,0,1,364
2021-10-02 16:57:01 UTC,4839,16,189,,0,0,0,1,364
2021-10-02 17:57:01 UTC,4840,19,208,,0,0,0,1,364
2021-10-02 18:57:01 UTC,4841,5,213,,3.9,0,0,1,364
2021-10-02 19:57:01 UTC,4842,2,216,,0,0,0,1,364
2021-10-02 20:57:01 UTC,4843,3,219,,3.9,0,0,1,364
2021-10-02 21:57:01 UTC,4844,,,219,,,,,
2021-10-02 22:57:01 UTC,4845,2,2,,0,0,0,0,224
2021-10-02 23:57:01 UTC,4846,0,2,,0,0,0,0,224
2021-10-03 00:57:01 UTC,4847,1,3,,0,0,0,0,224
2021-10-03 01:57:01 UTC,4848,0,3,,0,0,0,0,224
2021-10-03 02:57:01 UTC,4849,2,5,,3.9,0,0,0,224
2021-10-03 03:57:01 UTC,4850,0,5,,0,0,0,0,224
2021-10-03 04:57:01 UTC,4851,4,9,,0,0,0,0,224
2021-10-03 05:57:01 UTC,4852,7,16,,0,0,0,0,224
2021-10-03 06:57:01 UTC,4853,11,27,,3.9,0,0,0,224
2021-10-03 07:57:01 UTC,4854,36,63,,0,0,0,0,224
2021-10-03 08:57:01 UTC,4855,39,102,,0,0,0,0,224
2021-10-03 09:57:01 UTC,4856,21,123,,0,0,0,0,224
2021-10-03 10:57:01 UTC,4857,17,140,,3.9,0,0,0,224
2021-10-03 11:57:01 UTC,4858,15,155,,0,0,0,0,224
2021-10-03 12:57:01 UTC,4859,17,172,,0,0,0,0,224
2021-10-03 13:57:01 UTC,4860,7,179,,0,0,0,0,224
2021-10-03 14:57:01 UTC,4861,7,186,,3.9,0,0,0,224
2021-10-03 15:57:01 UTC,4862,19,205,,0,0,0,0,224
2021-10-03 16:57:01 UTC,4863,21,226,,0,0,0,0,224
2021-10-03 17:57:01 UTC,4864,11,237,,0,0,0,0,224
2021-10-03 18:57:01 UTC,4865,4,241,,3.9,0,0,0,224
2021-10-03 19:57:01 UTC,4866,0,242,,0,0,0,0,224
2021-10-03 20:57:01 UTC,4867,2,244,,3.9,0,0,0,224
2021-10-03 21:57:01 UTC,4868,,,244,,,,,
2021-10-03 22:57:01 UTC,4869,0,0,,0,0,0,0,247
2021-10-03 23:57:01 UTC,4870,2,2,,0,0,0,0,247
2021-10-04 00:57:01 UTC,4871,0,2,,0,0,0,0,247
2021-10-04 01:57:01 UTC,4872,0,2,,0,0,0,0,247
2021-10-04 02:57:01 UTC,4873,0,2,,3.9,0,0,0,247
2021-10-04 03:57:01 UTC,4874,4,7,,0,0,0,0,247
2021-10-04 04:57:01 UTC,4875,7,14,,0,0,0,0,247
2021-10-04 05:57:01 UTC,4876,16,30,,0,0,0,0,247
2021-10-04 06:57:01 UTC,4877,29,59,,3.9,0,0,0,247
2021-10-04 07:57:01 UTC,4878,31,90,,0,0,0,0,247
2021-10-04 08:57:01 UTC,4879,25,115,,0,0,0,0,247
2021-10-04 09:57:01 UTC,4880,17,132,,0,0,0,0,247
2021-10-04 10:57:01 UTC,4881,18,150,,3.9,0,0,0,247
2021-10-04 11:57:01 UTC,4882,20,170,,0,0,0,0,247
2021-10-04 12:57:01 UTC,4883,10,180,,0,0,0,0,247
2021-10-04 13:57:01 UTC,4884,7,187,,0,0,0,0,247
2021-10-04 14:57:01 UTC,4885,8,195,,0,0,0,0,247
2021-10-04 15:57:01 UTC,4886,6,201,,0,0,0,0,247
2021-10-04 16:57:01 UTC,4887,9,210,,0,0,0,0,247
2021-10-04 17:57:01 UTC,4888,13,223,,0,0,0,0,247
2021-10-04 18:57:01 UTC,4889,5,228,,3.9,0,0,0,247
2021-10-04 19:57:01 UTC,4890,5,233,,0,0,0,0,247
2021-10-04 20:57:01 UTC,4891,0,233,,3.9,0,0,0,247
2021-10-04 21:57:01 UTC,4892,,,233,,,,,
2021-10-04 22:57:01 UTC,4893,1,1,,0,0,0,0,236
2021-10-04 23:57:01 UTC,4894,2,3,,0,0,0,0,236
2021-10-05 00:57:01 UTC,4895,0,3,,0,0,0,0,236
2021-10-05 01:57:01 UTC,4896,0,3,,0,0,0,0,236
2021-10-05 02:57:01 UTC,4897,2,5,,3.9,0,0,0,236
2021-10-05 03:57:01 UTC,4898,1,6,,0,0,0,0,236
2021-10-05 04:57:01 UTC,4899,3,9,,0,0,0,0,236
2021-10-05 05:57:01 UTC,4900,16,25,,0,0,0,0,236
2021-10-05 06:57:01 UTC,4901,20,45,,3.9,0,0,0,236
2021-10-05 07:57:01 UTC,4902,14,62,,0,0,0,0,236
2021-10-05 08:57:01 UTC,4903,7,69,,0,0,0,0,236
2021-10-05 09:57:01 UTC,4904,4,73,,0,0,0,0,236
2021-10-05 10:57:01 UTC,4905,4,77,,3.9,0,0,0,236
2021-10-05 11:57:01 UTC,4906,13,90,,0,0,0,0,236
2021-10-05 12:57:01 UTC,4907,12,102,,0,0,0,0,236
2021-10-05 13:57:01 UTC,4908,12,114,,0,0,0,0,236
2021-10-05 14:57:01 UTC,4909,15,129,,3.9,0,0,0,236
2021-10-05 15:57:01 UTC,4910,32,161,,0,0,0,0,236
2021-10-05 16:57:01 UTC,4911,25,186,,0,0,0,0,236
2021-10-05 17:57:01 UTC,4912,28,214,,0,0,0,0,236
2021-10-05 18:57:01 UTC,4913,9,223,,3.9,0,0,0,236
2021-10-05 19:57:01 UTC,4914,6,229,,0,0,0,0,236
2021-10-05 20:57:01 UTC,4915,5,234,,3.9,0,0,0,236
2021-10-05 21:57:01 UTC,4916,,,234,,,,,
2021-10-05 22:57:01 UTC,4917,0,0,,0,0,0,0,237
2021-10-05 23:57:01 UTC,4918,1,1,,0,0,0,0,237
2021-10-06 00:57:01 UTC,4919,0,1,,0,0,0,0,237
2021-10-06 01:57:01 UTC,4920,2,3,,0,0,0,0,237
2021-10-06 02:57:01 UTC,4921,2,5,,3.9,0,0,0,237
2021-10-06 03:57:01 UTC,4922,2,7,,0,0,0,0,237
2021-10-06 04:57:01 UTC,4923,5,12,,0,0,0,0,237
2021-10-06 05:57:01 UTC,4924,15,27,,0,0,0,0,237
2021-10-06 06:57:01 UTC,4925,17,44,,3.9,0,0,0,237
2021-10-06 07:57:01 UTC,4926,0,44,,0,0,0,0,237
2021-10-06 08:57:01 UTC,4927,2,46,,0,0,0,0,237
2021-10-06 09:57:01 UTC,4928,3,49,,0,0,0,0,237
2021-10-06 10:57:01 UTC,4929,5,54,,3.9,0,0,0,237
2021-10-06 11:57:01 UTC,4930,11,66,,0,0,0,0,237
2021-10-06 12:57:01 UTC,4931,3,69,,0,0,0,0,237
2021-10-06 13:57:01 UTC,4932,7,76,,0,0,0,0,237
2021-10-06 14:57:01 UTC,4933,2,78,,3.9,0,0,0,237
2021-10-06 15:57:01 UTC,4934,9,87,,0,0,0,0,237
2021-10-06 16:57:01 UTC,4935,18,105,,0,0,0,0,237
2021-10-06 17:57:01 UTC,4936,14,119,,0,0,0,0,237
2021-10-06 18:57:01 UTC,4937,11,130,,3.9,0,0,0,237
2021-10-06 19:57:01 UTC,4938,5,136,,0,0,0,0,237
2021-10-06 20:57:01 UTC,4939,6,142,,3.9,0,0,0,237
2021-10-06 21:57:01 UTC,4940,,,142,,,,,
2021-10-06 22:57:01 UTC,4941,2,2,,0,0,0,0,144
2021-10-06 23:57:01 UTC,4942,0,2,,0,0,0,0,144
2021-10-07 00:57:01 UTC,4943,0,2,,0,0,0,0,144
2021-10-07 01:57:01 UTC,4944,0,2,,0,0,0,0,144
2021-10-07 02:57:01 UTC,4945,0,2,,3.9,0,0,0,144
2021-10-07 03:57:01 UTC,4946,4,6,,0,0,0,0,144
2021-10-07 04:57:01 UTC,4947,4,10,,0,0,0,0,144
2021-10-07 05:57:01 UTC,4948,10,20,,0,0,0,0,144
2021-10-07 06:57:01 UTC,4949,20,40,,3.9,0,0,0,144
2021-10-07 07:57:01 UTC,4950,20,64,,0,0,0,0,144
2021-10-07 08:57:01 UTC,4951,17,81,,0,0,0,0,144
2021-10-07 09:57:01 UTC,4952,20,101,,0,0,0,0,144
2021-10-07 10:57:01 UTC,4953,14,115,,3.9,0,0,0,144
2021-10-07 11:57:01 UTC,4954,19,136,,0,0,0,0,144
2021-10-07 12:57:01 UTC,4955,15,151,,0,0,0,0,144
2021-10-07 13:57:01 UTC,4956,9,160,,0,0,0,0,144
2021-10-07 14:57:01 UTC,4957,6,166,,3.9,0,0,0,144
2021-10-07 15:57:01 UTC,4958,19,185,,0,0,0,0,144
2021-10-07 16:57:01 UTC,4959,17,202,,0,0,0,0,144
2021-10-07 17:57:01 UTC,4960,14,216,,0,0,0,0,144
2021-10-07 18:57:01 UTC,4961,8,224,,3.9,0,0,0,144
2021-10-07 19:57:01 UTC,4962,2,226,,0,0,0,0,144
2021-10-07 20:57:01 UTC,4963,1,227,,3.9,0,0,0,144
2021-10-07 21:57:01 UTC,4964,,,227,,,,,
2021-10-07 22:57:01 UTC,4965,0,0,,0,0,0,0,229
2021-10-07 23:57:01 UTC,4966,0,0,,0,0,0,0,229
2021-10-08 00:57:01 UTC,4967,0,0,,0,0,0,0,229
2021-10-08 01:57:01 UTC,4968,2,2,,0,0,0,0,229
2021-10-08 02:57:01 UTC,4969,1,3,,3.9,0,0,0,229
2021-10-08 03:57:01 UTC,4970,0,3,,0,0,0,0,229
2021-10-08 04:57:01 UTC,4971,6,9,,0,0,0,0,229
2021-10-08 05:57:01 UTC,4972,13,22,,0,0,0,0,229
2021-10-08 06:57:01 UTC,4973,21,43,,3.9,0,0,0,229
2021-10-08 07:57:01 UTC,4974,22,65,,0,0,0,0,229
2021-10-08 08:57:01 UTC,4975,19,84,,0,0,0,0,229
2021-10-08 09:57:01 UTC,4976,9,93,,0,0,0,0,229
2021-10-08 10:57:01 UTC,4977,6,99,,3.9,0,0,0,229
2021-10-08 11:57:01 UTC,4978,6,106,,0,0,0,0,229
2021-10-08 12:57:01 UTC,4979,8,114,,0,0,0,0,229
2021-10-08 13:57:01 UTC,4980,5,119,,0,0,0,0,229
2021-10-08 14:57:01 UTC,4981,10,129,,3.9,0,0,0,229
2021-10-08 15:57:01 UTC,4982,13,142,,0,0,0,0,229
2021-10-08 16:57:01 UTC,4983,21,163,,0,0,0,0,229
2021-10-08 17:57:01 UTC,4984,18,181,,0,0,0,0,229
2021-10-08 18:57:01 UTC,4985,7,188,,3.9,0,0,0,229
2021-10-08 19:57:01 UTC,4986,6,194,,0,0,0,0,229
2021-10-08 20:57:01 UTC,4987,4,198,,3.9,0,0,0,229
2021-10-08 21:57:01 UTC,4988,,,198,,,,,
2021-10-08 22:57:01 UTC,4989,2,2,,0,0,0,0,200
2021-10-08 23:57:01 UTC,4990,1,3,,0,0,0,0,200
2021-10-09 00:57:01 UTC,4991,1,4,,0,0,0,0,200
2021-10-09 01:57:01 UTC,4992,0,4,,0,0,0,0,200
2021-10-09 02:57:01 UTC,4993,0,4,,3.9,0,0,0,200
2021-10-09 03:57:01 UTC,4994,0,4,,0,0,0,0,200
2021-10-09 04:57:01 UTC,4995,3,7,,0,0,0,0,200
2021-10-09 05:57:01 UTC,4996,14,21,,0,0,0,0,200
2021-10-09 06:57:01 UTC,4997,14,35,,3.9,0,0,0,200
2021-10-09 07:57:01 UTC,4998,19,55,,0,0,0,0,200
2021-10-09 08:57:01 UTC,4999,25,80,,0,0,0,0,200
2021-10-09 09:57:01 UTC,5000,32,112,,0,0,0,0,200
2021-10-09 10:57:01 UTC,5001,28,140,,3.9,0,0,0,200
2021-10-09 11:57:01 UTC,5002,21,163,,0,0,0,0,200
2021-10-09 12:57:01 UTC,5003,15,178,,0,0,0,0,200
2021-10-09 13:57:01 UTC,5004,11,189,,0,0,0,0,200
2021-10-09 14:57:01 UTC,5005,15,204,,3.9,0,0,0,200
2021-10-09 15:57:01 UTC,5006,17,221,,0,0,0,0,200
2021-10-09 16:57:01 UTC,5007,13,234,,0,0,0,0,200
2021-10-09 17:57:01 UTC,5008,6,240,,0,0,0,0,200
2021-10-09 18:57:01 UTC,5009,5,245,,3.9,0,0,0,200
2021-10-09 19:57:01 UTC,5010,1,246,,0,0,0,0,200
2021-10-09 20:57:01 UTC,5011,2,248,,3.9,0,0,0,200
2021-10-09 21:57:01 UTC,5012,,,248,,,,,
2021-10-09 22:57:01 UTC,5013,1,1,,0,0,0,0,249
2021-10-09 23:57:01 UTC,5014,0,1,,0,0,0,0,249
2021-10-10 00:57:01 UTC,5015,2,3,,0,0,0,0,249
2021-10-10 01:57:01 UTC,5016,1,4,,0,0,0,0,249
2021-10-10 02:57:01 UTC,5017,1,5,,3.9,0,0,0,249
2021-10-10 03:57:01 UTC,5018,0,5,,0,0,0,0,249
2021-10-10 04:57:01 UTC,5019,2,7,,0,0,0,0,249
2021-10-10 05:57:01 UTC,5020,2,9,,0,0,0,0,249
2021-10-10 06:57:01 UTC,5021,14,23,,3.9,0,0,0,249
2021-10-10 07:57:01 UTC,5022,32,56,,0,0,0,0,249
2021-10-10 08:57:01 UTC,5023,43,99,,0,0,0,0,249
2021-10-10 09:57:01 UTC,5024,29,128,,0,0,0,0,249
2021-10-10 10:57:01 UTC,5025,25,153,,3.9,0,0,0,249
2021-10-10 11:57:01 UTC,5026,20,173,,0,0,0,0,249
2021-10-10 12:57:01 UTC,5027,11,184,,0,0,0,0,249
2021-10-10 13:57:01 UTC,5028,18,202,,0,0,0,0,249
2021-10-10 14:57:01 UTC,5029,12,214,,3.9,0,0,0,249
2021-10-10 15:57:01 UTC,5030,18,233,,0,0,0,0,249
2021-10-10 16:57:01 UTC,5031,11,244,,0,0,0,0,249
2021-10-10 17:57:01 UTC,5032,8,252,,0,0,0,0,249
2021-10-10 18:57:01 UTC,5033,11,263,,3.9,0,0,0,249
2021-10-10 19:57:01 UTC,5034,2,265,,0,0,0,0,249
2021-10-10 20:57:01 UTC,5035,3,268,,3.9,0,0,0,249
2021-10-10 21:57:01 UTC,5036,,,268,,,,,
