created_at,entry_id,field1,field2,field3,field4,field5,field6,field7,field8
2021-11-01 00:57:01 UTC,5542,1,4,,0,0,0,0,230
2021-11-01 01:57:01 UTC,5543,2,6,,0,0,0,0,230
2021-11-01 02:57:01 UTC,5544,2,8,,0,0,0,0,230
2021-11-01 03:57:01 UTC,5545,5,13,,3.9,0,0,0,230
2021-11-01 04:57:01 UTC,5546,3,17,,0,0,0,0,230
2021-11-01 05:57:01 UTC,5547,3,20,,0,0,0,0,230
2021-11-01 06:57:01 UTC,5548,7,27,,0,0,0,0,230
2021-11-01 07:57:01 UTC,5549,12,39,,3.9,0,0,0,230
2021-11-01 08:57:01 UTC,5550,13,52,,0,0,0,0,230
2021-11-01 09:57:01 UTC,5551,7,59,,0,0,0,0,230
2021-11-01 10:57:01 UTC,5552,5,64,,0,0,0,0,230
2021-11-01 11:57:01 UTC,5553,11,75,,3.9,0,0,0,230
2021-11-01 12:57:01 UTC,5554,4,79,,0,0,0,0,230
2021-11-01 13:57:01 UTC,5555,6,85,,0,0,0,0,230
2021-11-01 14:57:01 UTC,5556,7,92,,0,0,0,0,230
2021-11-01 15:57:01 UTC,5557,5,97,,3.9,0,0,0,230
2021-11-01 16:57:01 UTC,5558,13,110,,0,0,0,0,230
2021-11-01 17:57:01 UTC,5559,0,110,,0,0,0,0,230
2021-11-01 18:57:01 UTC,5560,0,110,,0,0,0,0,230
2021-11-01 19:57:01 UTC,5561,1,111,,3.9,0,0,0,230
2021-11-01 20:57:01 UTC,5562,0,111,,0,0,0,0,230
2021-11-01 21:57:01 UTC,5563,1,112,,3.9,0,0,0,230
2021-11-01 22:57:01 UTC,5564,,,112,,,,,
2021-11-01 23:57:01 UTC,5565,1,1,,0,0,0,0,113
2021-11-02 00:57:01 UTC,5566,0,1,,0,0,0,0,113
2021-11-02 01:57:01 UTC,5567,1,2,,0,0,0,0,113
2021-11-02 02:57:01 UTC,5568,0,2,,0,0,0,0,113
2021-11-02 03:57:01 UTC,5569,1,3,,3.9,0,0,0,113
2021-11-02 04:57:01 UTC,5570,0,3,,0,0,0,0,113
2021-11-02 05:57:01 UTC,5571,8,11,,0,0,0,0,113
2021-11-02 06:57:01 UTC,5572,12,23,,0,0,0,0,113
2021-11-02 07:57:01 UTC,5573,29,52,,3.9,0,0,0,113
2021-11-02 08:57:01 UTC,5574,28,85,,0,0,0,0,113
2021-11-02 09:57:01 UTC,5575,18,103,,0,0,0,0,113
2021-11-02 10:57:01 UTC,5576,13,116,,0,0,0,0,113
2021-11-02 11:57:01 UTC,5577,18,134,,3.9,0,0,0,113
2021-11-02 12:57:01 UTC,5578,20,155,,0,0,0,0,113
2021-11-02 13:57:01 UTC,5579,30,185,,0,0,0,0,113
2021-11-02 14:57:01 UTC,5580,21,206,,0,0,0,0,113
2021-11-02 15:57:01 UTC,5581,20,226,,3.9,0,0,0,113
2021-11-02 16:57:01 UTC,5582,17,244,,0,0,0,0,113
2021-11-02 17:57:01 UTC,5583,26,270,,0,0,0,0,113
2021-11-02 18:57:01 UTC,5584,18,288,,0,0,0,0,113
2021-11-02 19:57:01 UTC,5585,10,298,,3.9,0,0,0,113
2021-11-02 20:57:01 UTC,5586,4,302,,0,0,0,0,113
2021-11-02 21:57:01 UTC,5587,2,304,,3.9,0,0,0,113
2021-11-02 22:57:01 UTC,5588,,,304,,,,,
2021-11-02 23:57:01 UTC,5589,0,0,,0,0,0,0,305
2021-11-03 00:57:01 UTC,5590,0,0,,0,0,0,0,305
2021-11-03 01:57:01 UTC,5591,0,0,,0,0,0,0,305
2021-11-03 02:57:01 UTC,5592,0,0,,0,0,0,0,305
2021-11-03 03:57:01 UTC,5593,1,1,,3.9,0,0,0,305
2021-11-03 04:57:01 UTC,5594,0,1,,0,0,0,0,305
2021-11-03 05:57:01 UTC,5595,8,9,,0,0,0,0,305
2021-11-03 06:57:01 UTC,5596,13,22,,0,0,0,0,305
2021-11-03 07:57:01 UTC,5597,17,39,,3.9,0,0,0,305
2021-11-03 08:57:01 UTC,5598,7,46,,0,0,0,0,305
2021-11-03 09:57:01 UTC,5599,0,46,,0,0,0,0,305
2021-11-03 10:57:01 UTC,5600,3,49,,0,0,0,0,305
2021-11-03 11:57:01 UTC,5601,3,52,,3.9,0,0,0,305
2021-11-03 12:57:01 UTC,5602,3,55,,0,0,0,0,305
2021-11-03 13:57:01 UTC,5603,0,55,,0,0,0,0,305
2021-11-03 14:57:01 UTC,5604,3,58,,0,0,0,0,305
2021-11-03 15:57:01 UTC,5605,8,66,,3.9,0,0,0,305
2021-11-03 16:57:01 UTC,5606,9,76,,0,0,0,0,305
2021-11-03 17:57:01 UTC,5607,7,83,,0,0,0,0,305
2021-11-03 18:57:01 UTC,5608,9,92,,0,0,0,0,305
2021-11-03 19:57:01 UTC,5609,4,96,,3.9,0,0,0,305
2021-11-03 20:57:01 UTC,5610,0,96,,0,0,0,0,305
2021-11-03 21:57:01 UTC,5611,0,96,,3.9,0,0,0,305
2021-11-03 22:57:01 UTC,5612,,,96,,,,,
2021-11-03 23:57:01 UTC,5613,0,0,,0,0,0,0,97
2021-11-04 00:57:01 UTC,5614,0,0,,0,0,0,0,97
2021-11-04 01:57:01 UTC,5615,0,0,,0,0,0,0,97
2021-11-04 02:57:01 UTC,5616,0,0,,0,0,0,0,97
2021-11-04 03:57:01 UTC,5617,0,0,,3.9,0,0,0,97
2021-11-04 04:57:01 UTC,5618,0,0,,0,0,0,0,97
2021-11-04 05:57:01 UTC,5619,5,5,,0,0,0,0,97
2021-11-04 06:57:01 UTC,5620,14,19,,0,0,0,0,97
2021-11-04 07:57:01 UTC,5621,10,29,,3.9,0,0,0,97
2021-11-04 08:57:01 UTC,5622,14,47,,0,0,0,0,97
2021-11-04 09:57:01 UTC,5623,9,56,,0,0,0,0,97
2021-11-04 10:57:01 UTC,5624,13,69,,0,0,0,0,97
2021-11-04 11:57:01 UTC,5625,11,80,,3.9,0,0,0,97
2021-11-04 12:57:01 UTC,5626,4,84,,0,0,0,0,97
2021-11-04 13:57:01 UTC,5627,2,86,,0,0,0,0,97
2021-11-04 14:57:01 UTC,5628,11,97,,0,0,0,0,97
2021-11-04 15:57:01 UTC,5629,6,103,,3.9,0,0,0,97
2021-11-04 16:57:01 UTC,5630,10,113,,0,0,0,0,97
2021-11-04 17:57:01 UTC,5631,19,132,,0,0,0,0,97
2021-11-04 18:57:01 UTC,5632,19,151,,0,0,0,0,97
2021-11-04 19:57:01 UTC,5633,4,155,,3.9,0,0,0,97
2021-11-04 20:57:01 UTC,5634,3,158,,0,0,0,0,97
2021-11-04 21:57:01 UTC,5635,6,164,,3.9,0,0,0,97
2021-11-04 22:57:01 UTC,5636,,,164,,,,,
2021-11-04 23:57:01 UTC,5637,3,3,,0,0,0,0,166
2021-11-05 00:57:01 UTC,5638,1,4,,0,0,0,0,166
2021-11-05 01:57:01 UTC,5639,0,4,,0,0,0,0,166
2021-11-05 02:57:01 UTC,5640,0,4,,0,0,0,0,166
2021-11-05 03:57:01 UTC,5641,1,5,,3.9,0,0,0,166
2021-11-05 04:57:01 UTC,5642,0,6,,0,0,0,0,166
2021-11-05 05:57:01 UTC,5643,10,16,,0,0,0,0,166
2021-11-05 06:57:01 UTC,5644,13,29,,0,0,0,0,166
2021-11-05 07:57:01 UTC,5645,14,43,,3.9,0,0,0,166
2021-11-05 08:57:01 UTC,5646,11,56,,0,0,0,0,166
2021-11-05 09:57:01 UTC,5647,8,64,,0,0,0,0,166
2021-11-05 10:57:01 UTC,5648,8,72,,0,0,0,0,166
2021-11-05 11:57:01 UTC,5649,5,77,,3.9,0,0,0,166
2021-11-05 12:57:01 UTC,5650,6,84,,0,0,0,0,166
2021-11-05 13:57:01 UTC,5651,6,90,,0,0,0,0,166
2021-11-05 14:57:01 UTC,5652,5,95,,0,0,0,0,166
2021-11-05 15:57:01 UTC,5653,11,106,,3.9,0,0,0,166
2021-11-05 16:57:01 UTC,5654,11,117,,0,0,0,0,166
2021-11-05 17:57:01 UTC,5655,8,125,,0,0,0,0,166
2021-11-05 18:57:01 UTC,5656,10,135,,0,0,0,0,166
2021-11-05 19:57:01 UTC,5657,5,140,,3.9,0,0,0,166
2021-11-05 20:57:01 UTC,5658,5,146,,0,0,0,0,166
2021-11-05 21:57:01 UTC,5659,4,150,,3.9,0,0,0,166
2021-11-05 22:57:01 UTC,5660,,,150,,,,,
2021-11-05 23:57:01 UTC,5661,1,1,,0,0,0,0,151
2021-11-06 00:57:01 UTC,5662,1,2,,0,0,0,0,151
2021-11-06 01:57:01 UTC,5663,0,2,,0,0,0,0,151
2021-11-06 02:57:01 UTC,5664,0,2,,0,0,0,0,151
2021-11-06 03:57:01 UTC,5665,1,3,,3.9,0,0,0,151
2021-11-06 04:57:01 UTC,5666,2,5,,0,0,0,0,151
2021-11-06 05:57:01 UTC,5667,5,10,,0,0,0,0,151
2021-11-06 06:57:01 UTC,5668,8,18,,0,0,0,0,151
2021-11-06 07:57:01 UTC,5669,15,33,,3.9,0,0,0,151
2021-11-06 08:57:01 UTC,5670,14,49,,0,0,0,0,151
2021-11-06 09:57:01 UTC,5671,18,67,,0,0,0,0,151
2021-11-06 10:57:01 UTC,5672,13,80,,0,0,0,0,151
2021-11-06 11:57:01 UTC,5673,14,94,,3.9,0,0,0,151
2021-11-06 12:57:01 UTC,5674,9,103,,0,0,0,0,151
2021-11-06 13:57:01 UTC,5675,5,108,,0,0,0,0,151
2021-11-06 14:57:01 UTC,5676,9,117,,0,0,0,0,151
2021-11-06 15:57:01 UTC,5677,5,122,,3.9,0,0,0,151
2021-11-06 16:57:01 UTC,5678,7,130,,0,0,0,0,151
2021-11-06 17:57:01 UTC,5679,0,130,,0,0,0,0,151
2021-11-06 18:57:01 UTC,5680,2,132,,0,0,0,0,151
2021-11-06 19:57:01 UTC,5681,0,132,,3.9,0,0,0,151
2021-11-06 20:57:01 UTC,5682,2,134,,0,0,0,0,151
2021-11-06 21:57:01 UTC,5683,1,135,,3.9,0,0,0,151
2021-11-06 22:57:01 UTC,5684,,,135,,,,,
2021-11-06 23:57:01 UTC,5685,1,1,,0,0,0,0,135
2021-11-07 00:57:01 UTC,5686,0,1,,0,0,0,0,135
2021-11-07 01:57:01 UTC,5687,1,2,,0,0,0,0,135
2021-11-07 02:57:01 UTC,5688,2,4,,0,0,0,0,135
2021-11-07 03:57:01 UTC,5689,1,5,,3.9,0,0,0,135
2021-11-07 04:57:01 UTC,5690,0,6,,0,0,0,0,135
2021-11-07 05:57:01 UTC,5691,3,9,,0,0,0,0,135
2021-11-07 06:57:01 UTC,5692,3,12,,0,0,0,0,135
2021-11-07 07:57:01 UTC,5693,19,31,,3.9,0,0,0,135
2021-11-07 08:57:01 UTC,5694,28,60,,0,0,0,0,135
2021-11-07 09:57:01 UTC,5695,20,80,,0,0,0,0,135
2021-11-07 10:57:01 UTC,5696,27,107,,0,0,0,0,135
2021-11-07 11:57:01 UTC,5697,23,130,,3.9,0,0,0,135
2021-11-07 12:57:01 UTC,5698,16,146,,0,0,0,0,135
2021-11-07 13:57:01 UTC,5699,12,158,,0,0,0,0,135
2021-11-07 14:57:01 UTC,5700,20,178,,0,0,0,0,135
2021-11-07 15:57:01 UTC,5701,19,197,,3.9,0,0,0,135
2021-11-07 16:57:01 UTC,5702,21,218,,0,0,0,0,135
2021-11-07 17:57:01 UTC,5703,14,232,,0,0,0,0,135
2021-11-07 18:57:01 UTC,5704,14,246,,0,0,0,0,135
2021-11-07 19:57:01 UTC,5705,6,252,,3.9,0,0,0,135
2021-11-07 20:57:01 UTC,5706,5,257,,0,0,0,0,135
2021-11-07 21:57:01 UTC,5707,0,257,,3.9,0,0,0,135
2021-11-07 22:57:01 UTC,5708,,,257,,,,,
2021-11-07 23:57:01 UTC,5709,0,0,,0,0,0,0,261
2021-11-08 00:57:01 UTC,5710,0,0,,0,0,0,0,261
2021-11-08 01:57:01 UTC,5711,0,0,,0,0,0,0,261
2021-11-08 02:57:01 UTC,5712,0,0,,0,0,0,0,261
2021-11-08 03:57:01 UTC,5713,0,0,,3.9,0,0,0,261
2021-11-08 04:57:01 UTC,5714,0,0,,0,0,0,0,261
2021-11-08 05:57:01 UTC,5715,10,10,,0,0,0,0,261
2021-11-08 06:57:01 UTC,5716,15,25,,0,0,0,0,261
2021-11-08 07:57:01 UTC,5717,17,42,,3.9,0,0,0,261
2021-11-08 08:57:01 UTC,5718,16,58,,0,0,0,0,261
2021-11-08 09:57:01 UTC,5719,15,73,,0,0,0,0,261
2021-11-08 10:57:01 UTC,5720,4,77,,0,0,0,0,261
2021-11-08 11:57:01 UTC,5721,3,80,,3.9,0,0,0,261
2021-11-08 12:57:01 UTC,5722,1,81,,0,0,0,0,261
2021-11-08 13:57:01 UTC,5723,0,81,,0,0,0,0,261
2021-11-08 14:57:01 UTC,5724,0,81,,0,0,0,0,261
2021-11-08 15:57:01 UTC,5725,3,84,,3.9,0,0,0,261
2021-11-08 16:57:01 UTC,5726,8,92,,0,0,0,0,261
2021-11-08 17:57:01 UTC,5727,6,98,,0,0,0,0,261
2021-11-08 18:57:01 UTC,5728,10,108,,0,0,0,0,261
2021-11-08 19:57:01 UTC,5729,6,114,,3.9,0,0,0,261
2021-11-08 20:57:01 UTC,5730,5,119,,0,0,0,0,261
2021-11-08 21:57:01 UTC,5731,4,123,,3.9,0,0,0,261
2021-11-08 22:57:01 UTC,5732,,,123,,,,,
2021-11-08 23:57:01 UTC,5733,2,2,,0,0,0,0,123
2021-11-09 00:57:01 UTC,5734,0,2,,0,0,0,0,123
2021-11-09 01:57:01 UTC,5735,0,2,,0,0,0,0,123
2021-11-09 02:57:01 UTC,5736,0,2,,0,0,0,0,123
2021-11-09 03:57:01 UTC,5737,1,3,,3.9,0,0,0,123
2021-11-09 04:57:01 UTC,5738,0,3,,0,0,0,0,123
2021-11-09 05:57:01 UTC,5739,8,11,,0,0,0,0,123
2021-11-09 06:57:01 UTC,5740,8,19,,0,0,0,0,123
2021-11-09 07:57:01 UTC,5741,15,34,,3.9,0,0,0,123
2021-11-09 08:57:01 UTC,5742,9,44,,0,0,0,0,123
2021-11-09 09:57:01 UTC,5743,10,54,,0,0,0,0,123
2021-11-09 10:57:01 UTC,5744,9,63,,0,0,0,0,123
2021-11-09 11:57:01 UTC,5745,10,73,,3.9,0,0,0,123
2021-11-09 12:57:01 UTC,5746,9,82,,0,0,0,0,123
2021-11-09 13:57:01 UTC,5747,12,94,,0,0,0,0,123
2021-11-09 14:57:01 UTC,5748,10,104,,0,0,0,0,123
2021-11-09 15:57:01 UTC,5749,10,114,,3.9,0,0,0,123
2021-11-09 16:57:01 UTC,5750,13,127,,0,0,0,0,123
2021-11-09 17:57:01 UTC,5751,21,148,,0,0,0,0,123
2021-11-09 18:57:01 UTC,5752,12,160,,0,0,0,0,123
2021-11-09 19:57:01 UTC,5753,4,164,,3.9,0,0,0,123
2021-11-09 20:57:01 UTC,5754,4,168,,0,0,0,0,123
2021-11-09 21:57:01 UTC,5755,4,172,,3.9,0,0,0,123
2021-11-09 22:57:01 UTC,5756,,,172,,,,,
2021-11-09 23:57:01 UTC,5757,2,2,,0,0,0,0,175
2021-11-10 00:57:01 UTC,5758,0,2,,0,0,0,0,175
2021-11-10 01:57:01 UTC,5759,0,2,,0,0,0,0,175
2021-11-10 02:57:01 UTC,5760,0,2,,0,0,0,0,175
2021-11-10 03:57:01 UTC,5761,0,2,,3.9,0,0,0,175
2021-11-10 04:57:01 UTC,5762,2,4,,0,0,0,0,175
2021-11-10 05:57:01 UTC,5763,9,13,,0,0,0,0,175
2021-11-10 06:57:01 UTC,5764,16,29,,0,0,0,0,175
2021-11-10 07:57:01 UTC,5765,39,68,,3.9,0,0,0,175
2021-11-10 08:57:01 UTC,5766,29,99,,0,0,0,0,175
2021-11-10 09:57:01 UTC,5767,13,112,,0,0,0,0,175
2021-11-10 10:57:01 UTC,5768,15,127,,0,0,0,0,175
2021-11-10 11:57:01 UTC,5769,17,144,,3.9,0,0,0,175
2021-11-10 12:57:01 UTC,5770,19,163,,0,0,0,0,175
2021-11-10 13:57:01 UTC,5771,12,175,,0,0,0,0,175
2021-11-10 14:57:01 UTC,5772,11,186,,0,0,0,0,175
2021-11-10 15:57:01 UTC,5773,12,198,,3.9,0,0,0,175
2021-11-10 16:57:01 UTC,5774,0,198,,0,0,0,0,175
2021-11-10 17:57:01 UTC,5775,2,200,,0,0,0,0,175
2021-11-10 18:57:01 UTC,5776,4,204,,0,0,0,0,175
2021-11-10 19:57:01 UTC,5777,1,205,,3.9,0,0,0,175
2021-11-10 20:57:01 UTC,5778,1,206,,0,0,0,0,175
2021-11-10 21:57:01 UTC,5779,1,207,,3.9,0,0,0,175
2021-11-10 22:57:01 UTC,5780,,,207,,,,,
2021-11-10 23:57:01 UTC,5781,1,1,,0,0,0,0,207
2021-11-11 00:57:01 UTC,5782,0,1,,0,0,0,0,207
2021-11-11 01:57:01 UTC,5783,0,1,,0,0,0,0,207
2021-11-11 02:57:01 UTC,5784,1,2,,0,0,0,0,207
2021-11-11 03:57:01 UTC,5785,0,2,,3.9,0,0,0,207
2021-11-11 04:57:01 UTC,5786,0,2,,0,0,0,0,207
2021-11-11 05:57:01 UTC,5787,1,3,,0,0,0,0,207
2021-11-11 06:57:01 UTC,5788,4,7,,0,0,0,0,207
2021-11-11 07:57:01 UTC,5789,3,10,,3.9,0,0,0,207
2021-11-11 08:57:01 UTC,5790,2,12,,0,0,0,0,207
2021-11-11 09:57:01 UTC,5791,3,15,,0,0,0,0,207
2021-11-11 10:57:01 UTC,5792,8,23,,0,0,0,0,207
2021-11-11 11:57:01 UTC,5793,4,27,,3.9,0,0,0,207
2021-11-11 12:57:01 UTC,5794,6,34,,0,0,0,0,207
2021-11-11 13:57:01 UTC,5795,11,45,,0,0,0,0,207
2021-11-11 14:57:01 UTC,5796,4,49,,0,0,0,0,207
2021-11-11 15:57:01 UTC,5797,10,59,,3.9,0,0,0,207
2021-11-11 16:57:01 UTC,5798,16,75,,0,0,0,0,207
2021-11-11 17:57:01 UTC,5799,20,95,,0,0,0,0,207
2021-11-11 18:57:01 UTC,5800,8,103,,0,0,0,0,207
2021-11-11 19:57:01 UTC,5801,14,117,,3.9,0,0,0,207
2021-11-11 20:57:01 UTC,5802,4,121,,0,0,0,0,207
2021-11-11 21:57:01 UTC,5803,1,122,,3.9,0,0,0,207
2021-11-11 22:57:01 UTC,5804,,,122,,,,,
2021-11-11 23:57:01 UTC,5805,1,1,,0,0,0,0,126
2021-11-12 00:57:01 UTC,5806,1,2,,0,0,0,0,126
2021-11-12 01:57:01 UTC,5807,0,2,,0,0,0,0,126
2021-11-12 02:57:01 UTC,5808,0,2,,0,0,0,0,126
2021-11-12 03:57:01 UTC,5809,1,3,,3.9,0,0,0,126
2021-11-12 04:57:01 UTC,5810,0,3,,0,0,0,0,126
2021-11-12 05:57:01 UTC,5811,3,6,,0,0,0,0,126
2021-11-12 06:57:01 UTC,5812,5,11,,0,0,0,0,126
2021-11-12 07:57:01 UTC,5813,12,23,,3.9,0,0,0,126
2021-11-12 08:57:01 UTC,5814,12,36,,0,0,0,0,126
2021-11-12 09:57:01 UTC,5815,15,51,,0,0,0,0,126
2021-11-12 10:57:01 UTC,5816,8,59,,0,0,0,0,126
2021-11-12 11:57:01 UTC,5817,15,74,,3.9,0,0,0,126
2021-11-12 12:57:01 UTC,5818,11,85,,0,0,0,0,126
2021-11-12 13:57:01 UTC,5819,7,92,,0,0,0,0,126
2021-11-12 14:57:01 UTC,5820,12,104,,0,0,0,0,126
2021-11-12 15:57:01 UTC,5821,5,109,,3.9,0,0,0,126
2021-11-12 16:57:01 UTC,5822,12,121,,0,0,0,0,126
2021-11-12 17:57:01 UTC,5823,20,141,,0,0,0,0,126
2021-11-12 18:57:01 UTC,5824,11,152,,0,0,0,0,126
2021-11-12 19:57:01 UTC,5825,7,159,,3.9,0,0,0,126
2021-11-12 20:57:01 UTC,5826,2,163,,0,0,0,0,126
2021-11-12 21:57:01 UTC,5827,5,168,,3.9,0,0,0,126
2021-11-12 22:57:01 UTC,5828,,,168,,,,,
