created_at,entry_id,field1,field2,field3,field4,field5,field6,field7,field8
2021-12-01 00:57:01 UTC,6262,2,3,,0,0,0,0,223
2021-12-01 01:57:01 UTC,6263,0,3,,0,0,0,0,223
2021-12-01 02:57:01 UTC,6264,0,3,,0,0,0,0,223
2021-12-01 03:57:01 UTC,6265,1,4,,3.9,0,0,0,223
2021-12-01 04:57:01 UTC,6266,0,4,,0,0,0,0,223
2021-12-01 05:57:01 UTC,6267,9,13,,0,0,0,0,223
2021-12-01 06:57:01 UTC,6268,12,25,,0,0,0,0,223
2021-12-01 07:57:01 UTC,6269,21,46,,3.9,0,0,0,223
2021-12-01 08:57:01 UTC,6270,8,55,,0,0,0,0,223
2021-12-01 09:57:01 UTC,6271,6,61,,0,0,0,0,223
2021-12-01 10:57:01 UTC,6272,1,62,,0,0,0,0,223
2021-12-01 11:57:01 UTC,6273,12,74,,3.9,0,0,0,223
2021-12-01 12:57:01 UTC,6274,5,81,,0,0,0,0,223
2021-12-01 13:57:01 UTC,6275,4,85,,0,0,0,0,223
2021-12-01 14:57:01 UTC,6276,2,87,,0,0,0,0,223
2021-12-01 15:57:01 UTC,6277,3,90,,3.9,0,0,0,223
2021-12-01 16:57:01 UTC,6278,7,98,,0,0,0,0,223
2021-12-01 17:57:01 UTC,6279,3,101,,0,0,0,0,223
2021-12-01 18:57:01 UTC,6280,1,102,,0,0,0,0,223
2021-12-01 19:57:01 UTC,6281,0,102,,3.9,0,0,0,223
2021-12-01 20:57:01 UTC,6282,1,103,,0,0,0,0,223
2021-12-01 21:57:01 UTC,6283,1,104,,3.9,0,0,0,223
2021-12-01 22:57:01 UTC,6284,,,104,,,,,
2021-12-01 23:57:01 UTC,6285,1,1,,0,0,0,0,105
2021-12-02 00:57:01 UTC,6286,0,1,,0,0,0,0,105
2021-12-02 01:57:01 UTC,6287,0,1,,0,0,0,0,105
2021-12-02 02:57:01 UTC,6288,0,1,,0,0,0,0,105
2021-12-02 03:57:01 UTC,6289,0,1,,3.9,0,0,0,105
2021-12-02 04:57:01 UTC,6290,0,1,,0,0,0,0,105
2021-12-02 05:57:01 UTC,6291,2,3,,0,0,0,0,105
2021-12-02 06:57:01 UTC,6292,4,7,,0,0,0,0,105
2021-12-02 07:57:01 UTC,6293,7,14,,3.9,0,0,0,105
2021-12-02 08:57:01 UTC,6294,5,19,,0,0,0,0,105
2021-12-02 09:57:01 UTC,6295,1,20,,0,0,0,0,105
2021-12-02 10:57:01 UTC,6296,1,21,,0,0,0,0,105
2021-12-02 11:57:01 UTC,6297,2,23,,3.9,0,0,0,105
2021-12-02 12:57:01 UTC,6298,0,23,,0,0,0,0,105
2021-12-02 13:57:01 UTC,6299,0,23,,0,0,0,0,105
2021-12-02 14:57:01 UTC,6300,0,23,,0,0,0,0,105
2021-12-02 15:57:01 UTC,6301,1,24,,3.9,0,0,0,105
2021-12-02 16:57:01 UTC,6302,5,29,,0,0,0,0,105
2021-12-02 17:57:01 UTC,6303,6,35,,0,0,0,0,105
2021-12-02 18:57:01 UTC,6304,7,42,,0,0,0,0,105
2021-12-02 19:57:01 UTC,6305,6,48,,3.9,0,0,0,105
2021-12-02 20:57:01 UTC,6306,2,51,,0,0,0,0,105
2021-12-02 21:57:01 UTC,6307,0,51,,3.9,0,0,0,105
2021-12-02 22:57:01 UTC,6308,,,51,,,,,
2021-12-02 23:57:01 UTC,6309,0,0,,0,0,0,0,51
2021-12-03 00:57:01 UTC,6310,0,0,,0,0,0,0,51
2021-12-03 01:57:01 UTC,6311,1,1,,0,0,0,0,51
2021-12-03 02:57:01 UTC,6312,1,2,,0,0,0,0,51
2021-12-03 03:57:01 UTC,6313,1,3,,3.9,0,0,0,51
2021-12-03 04:57:01 UTC,6314,0,3,,0,0,0,0,51
2021-12-03 05:57:01 UTC,6315,10,13,,0,0,0,0,51
2021-12-03 06:57:01 UTC,6316,7,20,,0,0,0,0,51
2021-12-03 07:57:01 UTC,6317,13,33,,3.9,0,0,0,51
2021-12-03 08:57:01 UTC,6318,15,50,,0,0,0,0,51
2021-12-03 09:57:01 UTC,6319,19,69,,0,0,0,0,51
2021-12-03 10:57:01 UTC,6320,13,82,,0,0,0,0,51
2021-12-03 11:57:01 UTC,6321,11,93,,3.9,0,0,0,51
2021-12-03 12:57:01 UTC,6322,12,106,,0,0,0,0,51
2021-12-03 13:57:01 UTC,6323,25,131,,0,0,0,0,51
2021-12-03 14:57:01 UTC,6324,8,139,,0,0,0,0,51
2021-12-03 15:57:01 UTC,6325,7,146,,3.9,0,0,0,51
2021-12-03 16:57:01 UTC,6326,16,164,,0,0,0,0,51
2021-12-03 17:57:01 UTC,6327,8,172,,0,0,0,0,51
2021-12-03 18:57:01 UTC,6328,9,181,,0,0,0,0,51
2021-12-03 19:57:01 UTC,6329,7,188,,3.9,0,0,0,51
2021-12-03 20:57:01 UTC,6330,2,191,,0,0,0,0,51
2021-12-03 21:57:01 UTC,6331,2,193,,3.9,0,0,0,51
2021-12-03 22:57:01 UTC,6332,,,193,,,,,
2021-12-03 23:57:01 UTC,6333,0,0,,0,0,0,0,195
2021-12-04 00:57:01 UTC,6334,2,2,,0,0,0,0,195
2021-12-04 01:57:01 UTC,6335,1,3,,0,0,0,0,195
2021-12-04 02:57:01 UTC,6336,1,4,,0,0,0,0,195
2021-12-04 03:57:01 UTC,6337,0,4,,3.9,0,0,0,195
2021-12-04 04:57:01 UTC,6338,1,5,,0,0,0,0,195
2021-12-04 05:57:01 UTC,6339,4,9,,0,0,0,0,195
2021-12-04 06:57:01 UTC,6340,4,13,,0,0,0,0,195
2021-12-04 07:57:01 UTC,6341,8,21,,3.9,0,0,0,195
2021-12-04 08:57:01 UTC,6342,13,34,,0,0,0,0,195
2021-12-04 09:57:01 UTC,6343,22,56,,0,0,0,0,195
2021-12-04 10:57:01 UTC,6344,19,75,,0,0,0,0,195
2021-12-04 11:57:01 UTC,6345,16,91,,3.9,0,0,0,195
2021-12-04 12:57:01 UTC,6346,15,106,,0,0,0,0,195
2021-12-04 13:57:01 UTC,6347,8,114,,0,0,0,0,195
2021-12-04 14:57:01 UTC,6348,6,120,,0,0,0,0,195
2021-12-04 15:57:01 UTC,6349,11,131,,3.9,0,0,0,195
2021-12-04 16:57:01 UTC,6350,7,138,,0,0,0,0,195
2021-12-04 17:57:01 UTC,6351,8,146,,0,0,0,0,195
2021-12-04 18:57:01 UTC,6352,7,153,,0,0,0,0,195
2021-12-04 19:57:01 UTC,6353,6,159,,3.9,0,0,0,195
2021-12-04 20:57:01 UTC,6354,3,162,,0,0,0,0,195
2021-12-04 21:57:01 UTC,6355,1,163,,3.9,0,0,0,195
2021-12-04 22:57:01 UTC,6356,,,163,,,,,
2021-12-04 23:57:01 UTC,6357,1,1,,0,0,0,0,167
2021-12-05 00:57:01 UTC,6358,1,2,,0,0,0,0,167
2021-12-05 01:57:01 UTC,6359,0,2,,0,0,0,0,167
2021-12-05 02:57:01 UTC,6360,0,2,,0,0,0,0,167
2021-12-05 03:57:01 UTC,6361,0,2,,3.9,0,0,0,167
2021-12-05 04:57:01 UTC,6362,2,4,,0,0,0,0,167
2021-12-05 05:57:01 UTC,6363,1,5,,0,0,0,0,167
2021-12-05 06:57:01 UTC,6364,6,11,,0,0,0,0,167
2021-12-05 07:57:01 UTC,6365,9,20,,3.9,0,0,0,167
2021-12-05 08:57:01 UTC,6366,12,32,,0,0,0,0,167
2021-12-05 09:57:01 UTC,6367,16,48,,0,0,0,0,167
2021-12-05 10:57:01 UTC,6368,19,67,,0,0,0,0,167
2021-12-05 11:57:01 UTC,6369,11,78,,3.9,0,0,0,167
2021-12-05 12:57:01 UTC,6370,14,92,,0,0,0,0,167
2021-12-05 13:57:01 UTC,6371,10,102,,0,0,0,0,167
2021-12-05 14:57:01 UTC,6372,12,114,,0,0,0,0,167
2021-12-05 15:57:01 UTC,6373,5,119,,3.9,0,0,0,167
2021-12-05 16:57:01 UTC,6374,11,130,,0,0,0,0,167
2021-12-05 17:57:01 UTC,6375,7,137,,0,0,0,0,167
2021-12-05 18:57:01 UTC,6376,7,144,,0,0,0,0,167
2021-12-05 19:57:01 UTC,6377,2,146,,3.9,0,0,0,167
2021-12-05 20:57:01 UTC,6378,1,147,,0,0,0,0,167
2021-12-05 21:57:01 UTC,6379,2,149,,3.9,0,0,0,167
2021-12-05 22:57:01 UTC,6380,,,149,,,,,
2021-12-05 23:57:01 UTC,6381,1,1,,0,0,0,0,150
2021-12-06 00:57:01 UTC,6382,2,3,,0,0,0,0,150
2021-12-06 01:57:01 UTC,6383,0,3,,0,0,0,0,150
2021-12-06 02:57:01 UTC,6384,1,4,,0,0,0,0,150
2021-12-06 03:57:01 UTC,6385,0,4,,3.9,0,0,0,150
2021-12-06 04:57:01 UTC,6386,0,4,,0,0,0,0,150
2021-12-06 05:57:01 UTC,6387,3,7,,0,0,0,0,150
2021-12-06 06:57:01 UTC,6388,10,17,,0,0,0,0,150
2021-12-06 07:57:01 UTC,6389,13,30,,3.9,0,0,0,150
2021-12-06 08:57:01 UTC,6390,7,38,,0,0,0,0,150
2021-12-06 09:57:01 UTC,6391,9,47,,0,0,0,0,150
2021-12-06 10:57:01 UTC,6392,9,56,,0,0,0,0,150
2021-12-06 11:57:01 UTC,6393,11,67,,3.9,0,0,0,150
2021-12-06 12:57:01 UTC,6394,8,76,,0,0,0,0,150
2021-12-06 13:57:01 UTC,6395,3,79,,0,0,0,0,150
2021-12-06 14:57:01 UTC,6396,11,90,,0,0,0,0,150
2021-12-06 15:57:01 UTC,6397,8,98,,3.9,0,0,0,150
2021-12-06 16:57:01 UTC,6398,13,112,,0,0,0,0,150
2021-12-06 17:57:01 UTC,6399,9,121,,0,0,0,0,150
2021-12-06 18:57:01 UTC,6400,10,131,,0,0,0,0,150
2021-12-06 19:57:01 UTC,6401,3,134,,3.9,0,0,0,150
2021-12-06 20:57:01 UTC,6402,1,138,,0,0,0,0,150
2021-12-06 21:57:01 UTC,6403,2,140,,3.9,0,0,0,150
2021-12-06 22:57:01 UTC,6404,,,140,,,,,
2021-12-06 23:57:01 UTC,6405,0,0,,0,0,0,0,141
2021-12-07 00:57:01 UTC,6406,0,0,,0,0,0,0,141
2021-12-07 01:57:01 UTC,6407,0,0,,0,0,0,0,141
2021-12-07 02:57:01 UTC,6408,2,2,,0,0,0,0,141
2021-12-07 03:57:01 UTC,6409,0,2,,3.9,0,0,0,141
2021-12-07 04:57:01 UTC,6410,2,4,,0,0,0,0,141
2021-12-07 05:57:01 UTC,6411,6,10,,0,0,0,0,141
2021-12-07 06:57:01 UTC,6412,14,24,,0,0,0,0,141
2021-12-07 07:57:01 UTC,6413,16,40,,3.9,0,0,0,141
2021-12-07 08:57:01 UTC,6414,14,56,,0,0,0,0,141
2021-12-07 09:57:01 UTC,6415,19,75,,0,0,0,0,141
2021-12-07 10:57:01 UTC,6416,16,91,,0,0,0,0,141
2021-12-07 11:57:01 UTC,6417,8,99,,3.9,0,0,0,141
2021-12-07 12:57:01 UTC,6418,20,120,,0,0,0,0,141
2021-12-07 13:57:01 UTC,6419,13,133,,0,0,0,0,141
2021-12-07 14:57:01 UTC,6420,14,147,,0,0,0,0,141
2021-12-07 15:57:01 UTC,6421,17,164,,3.9,0,0,0,141
2021-12-07 16:57:01 UTC,6422,15,184,,0,0,0,0,141
2021-12-07 17:57:01 UTC,6423,17,201,,0,0,0,0,141
2021-12-07 18:57:01 UTC,6424,7,208,,0,0,0,0,141
2021-12-07 19:57:01 UTC,6425,8,216,,3.9,0,0,0,141
2021-12-07 20:57:01 UTC,6426,7,223,,0,0,0,0,141
2021-12-07 21:57:01 UTC,6427,2,225,,3.9,0,0,0,141
2021-12-07 22:57:01 UTC,6428,,,225,,,,,
2021-12-07 23:57:01 UTC,6429,1,1,,0,0,0,0,225
2021-12-08 00:57:01 UTC,6430,0,1,,0,0,0,0,225
2021-12-08 01:57:01 UTC,6431,0,1,,0,0,0,0,225
2021-12-08 02:57:01 UTC,6432,1,2,,0,0,0,0,225
2021-12-08 03:57:01 UTC,6433,0,2,,3.9,0,0,0,225
2021-12-08 04:57:01 UTC,6434,1,4,,0,0,0,0,225
2021-12-08 05:57:01 UTC,6435,4,8,,0,0,0,0,225
2021-12-08 06:57:01 UTC,6436,4,12,,0,0,0,0,225
2021-12-08 07:57:01 UTC,6437,8,20,,3.9,0,0,0,225
2021-12-08 08:57:01 UTC,6438,11,34,,0,0,0,0,225
2021-12-08 09:57:01 UTC,6439,10,44,,0,0,0,0,225
2021-12-08 10:57:01 UTC,6440,16,60,,0,0,0,0,225
2021-12-08 11:57:01 UTC,6441,8,68,,3.9,0,0,0,225
2021-12-08 12:57:01 UTC,6442,1,69,,0,0,0,0,225
2021-12-08 13:57:01 UTC,6443,0,69,,0,0,0,0,225
2021-12-08 14:57:01 UTC,6444,3,72,,0,0,0,0,225
2021-12-08 15:57:01 UTC,6445,2,74,,3.9,0,0,0,225
2021-12-08 16:57:01 UTC,6446,1106,1181,,0,0,0,0,225
2021-12-08 17:57:01 UTC,6447,1397,2578,,0,0,0,0,225
2021-12-08 18:57:01 UTC,6448,1409,3987,,0,0,0,0,225
2021-12-08 19:57:01 UTC,6449,1362,5349,,3.9,0,0,0,225
2021-12-08 20:57:01 UTC,6450,268,5663,,0,0,0,0,225
2021-12-08 21:57:01 UTC,6451,1,5664,,3.9,0,0,0,225
2021-12-08 22:57:01 UTC,6452,,,5664,,,,,
2021-12-08 23:57:01 UTC,6453,1,1,,0,0,0,0,5665
2021-12-09 00:57:01 UTC,6454,1,2,,0,0,0,0,5665
2021-12-09 01:57:01 UTC,6455,0,2,,0,0,0,0,5665
2021-12-09 02:57:01 UTC,6456,0,2,,0,0,0,0,5665
2021-12-09 03:57:01 UTC,6457,0,2,,3.9,0,0,0,5665
2021-12-09 04:57:01 UTC,6458,0,2,,0,0,0,0,5665
2021-12-09 05:57:01 UTC,6459,2,4,,0,0,0,0,5665
2021-12-09 06:57:01 UTC,6460,6,10,,0,0,0,0,5665
2021-12-09 07:57:01 UTC,6461,13,23,,3.9,0,0,0,5665
2021-12-09 08:57:01 UTC,6462,8,34,,0,0,0,0,5665
2021-12-09 09:57:01 UTC,6463,7,41,,0,0,0,0,5665
2021-12-09 10:57:01 UTC,6464,10,51,,0,0,0,0,5665
2021-12-09 11:57:01 UTC,6465,5,56,,3.9,0,0,0,5665
2021-12-09 12:57:01 UTC,6466,4,62,,0,0,0,0,5665
2021-12-09 13:57:01 UTC,6467,6,68,,0,0,0,0,5665
2021-12-09 14:57:01 UTC,6468,10,78,,0,0,0,0,5665
2021-12-09 15:57:01 UTC,6469,4,82,,3.9,0,0,0,5665
2021-12-09 16:57:01 UTC,6470,7,90,,0,0,0,0,5665
2021-12-09 17:57:01 UTC,6471,17,107,,0,0,0,0,5665
2021-12-09 18:57:01 UTC,6472,6,113,,0,0,0,0,5665
2021-12-09 19:57:01 UTC,6473,11,124,,3.9,0,0,0,5665
2021-12-09 20:57:01 UTC,6474,3,128,,0,0,0,0,5665
2021-12-09 21:57:01 UTC,6475,2,130,,3.9,0,0,0,5665
2021-12-09 22:57:01 UTC,6476,,,130,,,,,
2021-12-09 23:57:01 UTC,6477,3,3,,0,0,0,0,131
2021-12-10 00:57:01 UTC,6478,1,4,,0,0,0,0,131
2021-12-10 01:57:01 UTC,6479,1,5,,0,0,0,0,131
2021-12-10 02:57:01 UTC,6480,0,5,,0,0,0,0,131
2021-12-10 03:57:01 UTC,6481,1,6,,3.9,0,0,0,131
2021-12-10 04:57:01 UTC,6482,0,6,,0,0,0,0,131
2021-12-10 05:57:01 UTC,6483,2,8,,0,0,0,0,131
2021-12-10 06:57:01 UTC,6484,6,14,,0,0,0,0,131
2021-12-10 07:57:01 UTC,6485,9,23,,3.9,0,0,0,131
2021-12-10 08:57:01 UTC,6486,13,37,,0,0,0,0,131
2021-12-10 09:57:01 UTC,6487,13,50,,0,0,0,0,131
2021-12-10 10:57:01 UTC,6488,16,66,,0,0,0,0,131
2021-12-10 11:57:01 UTC,6489,8,74,,3.9,0,0,0,131
2021-12-10 12:57:01 UTC,6490,0,75,,0,0,0,0,131
2021-12-10 13:57:01 UTC,6491,5,80,,0,0,0,0,131
2021-12-10 14:57:01 UTC,6492,1,81,,0,0,0,0,131
2021-12-10 15:57:01 UTC,6493,1,82,,3.9,0,0,0,131
2021-12-10 16:57:01 UTC,6494,0,82,,0,0,0,0,131
2021-12-10 17:57:01 UTC,6495,4,86,,0,0,0,0,131
2021-12-10 18:57:01 UTC,6496,2,88,,0,0,0,0,131
2021-12-10 19:57:01 UTC,6497,0,88,,3.9,0,0,0,131
2021-12-10 20:57:01 UTC,6498,0,88,,0,0,0,0,131
2021-12-10 21:57:01 UTC,6499,2,90,,3.9,0,0,0,131
2021-12-10 22:57:01 UTC,6500,,,90,,,,,
