created_at,entry_id,field1,field2,field3,field4,field5,field6,field7,field8
2021-06-01 00:57:01 UTC,1874,0,0,,0,0,0,0,694
2021-06-01 01:57:01 UTC,1875,0,0,,0,0,0,0,694
2021-06-01 02:57:01 UTC,1876,1,1,,3.9,0,0,0,694
2021-06-01 03:57:01 UTC,1877,7,9,,0,0,0,0,694
2021-06-01 04:57:01 UTC,1878,8,17,,0,0,0,0,694
2021-06-01 05:57:01 UTC,1879,22,39,,0,0,0,0,694
2021-06-01 06:57:01 UTC,1880,44,83,,3.9,0,0,0,694
2021-06-01 07:57:01 UTC,1881,43,129,,0,0,0,0,694
2021-06-01 08:57:01 UTC,1882,30,159,,0,0,0,0,694
2021-06-01 09:57:01 UTC,1883,40,199,,0,0,0,0,694
2021-06-01 10:57:01 UTC,1884,62,261,,0,0,0,0,694
2021-06-01 11:57:01 UTC,1885,71,332,,0,0,0,0,694
2021-06-01 12:57:01 UTC,1886,113,445,,0,0,0,0,694
2021-06-01 13:57:01 UTC,1887,158,603,,0,0,0,0,694
2021-06-01 14:57:01 UTC,1888,70,673,,0,0,0,0,694
2021-06-01 15:57:01 UTC,1889,41,714,,0,0,1,0,694
2021-06-01 16:57:01 UTC,1890,59,773,,0,0,1,0,694
2021-06-01 17:57:01 UTC,1891,39,812,,0,0,1,0,694
2021-06-01 18:57:01 UTC,1892,20,832,,3.9,0,1,0,694
2021-06-01 19:57:01 UTC,1893,11,843,,0,0,1,0,694
2021-06-01 20:57:01 UTC,1894,3,846,,3.9,0,1,0,694
2021-06-01 21:57:01 UTC,1895,,,846,,,,,
2021-06-01 22:57:01 UTC,1896,1,1,,0,0,0,0,850
2021-06-01 23:57:01 UTC,1897,1,2,,0,0,0,0,850
2021-06-02 00:57:01 UTC,1898,1,3,,0,0,0,0,850
2021-06-02 01:57:01 UTC,1899,0,3,,0,0,0,0,850
2021-06-02 02:57:01 UTC,1900,1,4,,3.9,0,0,0,850
2021-06-02 03:57:01 UTC,1901,4,8,,0,0,0,0,850
2021-06-02 04:57:01 UTC,1902,8,16,,0,0,0,0,850
2021-06-02 05:57:01 UTC,1903,10,26,,0,0,0,0,850
2021-06-02 06:57:01 UTC,1904,46,72,,3.9,0,0,0,850
2021-06-02 07:57:01 UTC,1905,35,112,,0,0,0,0,850
2021-06-02 08:57:01 UTC,1906,38,150,,0,0,0,0,850
2021-06-02 09:57:01 UTC,1907,61,211,,0,0,0,0,850
2021-06-02 10:57:01 UTC,1908,72,283,,3.9,0,0,0,850
2021-06-02 11:57:01 UTC,1909,60,343,,0,0,0,0,850
2021-06-02 12:57:01 UTC,1910,33,376,,0,0,0,0,850
2021-06-02 13:57:01 UTC,1911,35,411,,0,0,0,0,850
2021-06-02 14:57:01 UTC,1912,31,442,,0,0,0,0,850
2021-06-02 15:57:01 UTC,1913,40,482,,0,0,0,0,850
2021-06-02 16:57:01 UTC,1914,45,527,,0,0,0,0,850
2021-06-02 17:57:01 UTC,1915,20,547,,0,0,0,0,850
2021-06-02 18:57:01 UTC,1916,9,556,,3.9,0,0,0,850
2021-06-02 19:57:01 UTC,1917,12,568,,0,0,0,0,850
2021-06-02 20:57:01 UTC,1918,2,570,,3.9,0,0,0,850
2021-06-02 21:57:01 UTC,1919,,,570,,,,,
2021-06-02 22:57:01 UTC,1920,0,0,,0,0,0,0,573
2021-06-02 23:57:01 UTC,1921,1,1,,0,0,0,0,573
2021-06-03 00:57:01 UTC,1922,0,1,,0,0,0,0,573
2021-06-03 01:57:01 UTC,1923,0,1,,0,0,0,0,573
2021-06-03 02:57:01 UTC,1924,2,3,,3.9,0,0,0,573
2021-06-03 03:57:01 UTC,1925,3,6,,0,0,0,0,573
2021-06-03 04:57:01 UTC,1926,18,24,,0,0,0,0,573
2021-06-03 05:57:01 UTC,1927,21,45,,0,0,0,0,573
2021-06-03 06:57:01 UTC,1928,39,84,,3.9,0,0,0,573
2021-06-03 07:57:01 UTC,1929,33,118,,0,0,0,0,573
2021-06-03 08:57:01 UTC,1930,23,141,,0,0,0,0,573
2021-06-03 09:57:01 UTC,1931,27,168,,0,0,0,0,573
2021-06-03 10:57:01 UTC,1932,39,207,,0,0,0,0,573
2021-06-03 11:57:01 UTC,1933,44,251,,0,0,0,0,573
2021-06-03 12:57:01 UTC,1934,82,333,,0,0,0,0,573
2021-06-03 13:57:01 UTC,1935,159,492,,0,0,0,0,573
2021-06-03 14:57:01 UTC,1936,62,554,,0,0,0,0,573
2021-06-03 15:57:01 UTC,1937,59,613,,0,0,0,0,573
2021-06-03 16:57:01 UTC,1938,57,670,,0,0,0,0,573
2021-06-03 17:57:01 UTC,1939,44,714,,0,0,0,0,573
2021-06-03 18:57:01 UTC,1940,21,735,,3.9,0,0,0,573
2021-06-03 19:57:01 UTC,1941,10,745,,0,0,0,0,573
2021-06-03 20:57:01 UTC,1942,2,747,,3.9,0,0,0,573
2021-06-03 21:57:01 UTC,1943,,,747,,,,,
2021-06-03 22:57:01 UTC,1944,3,3,,0,0,0,0,748
2021-06-03 23:57:01 UTC,1945,1,4,,0,0,0,0,748
2021-06-04 00:57:01 UTC,1946,1,5,,0,0,0,0,748
2021-06-04 01:57:01 UTC,1947,0,5,,0,0,0,0,748
2021-06-04 02:57:01 UTC,1948,2,7,,3.9,0,0,0,748
2021-06-04 03:57:01 UTC,1949,4,11,,0,0,0,0,748
2021-06-04 04:57:01 UTC,1950,11,22,,0,0,0,0,748
2021-06-04 05:57:01 UTC,1951,17,39,,0,0,0,0,748
2021-06-04 06:57:01 UTC,1952,33,72,,3.9,0,0,0,748
2021-06-04 07:57:01 UTC,1953,34,106,,0,0,0,0,748
2021-06-04 08:57:01 UTC,1954,24,130,,0,0,0,0,748
2021-06-04 09:57:01 UTC,1955,29,159,,0,0,0,0,748
2021-06-04 10:57:01 UTC,1956,33,192,,0,0,0,0,748
2021-06-04 11:57:01 UTC,1957,112,304,,0,0,0,0,748
2021-06-04 12:57:01 UTC,1958,82,386,,0,0,0,0,748
2021-06-04 13:57:01 UTC,1959,82,468,,0,0,0,0,748
2021-06-04 14:57:01 UTC,1960,42,510,,0,0,0,0,748
2021-06-04 15:57:01 UTC,1961,34,544,,0,0,0,0,748
2021-06-04 16:57:01 UTC,1962,49,593,,0,0,0,0,748
2021-06-04 17:57:01 UTC,1963,32,625,,0,0,0,0,748
2021-06-04 18:57:01 UTC,1964,20,645,,0,0,0,0,748
2021-06-04 19:57:01 UTC,1965,13,658,,0,0,0,0,748
2021-06-04 20:57:01 UTC,1966,5,663,,3.9,0,0,0,748
2021-06-04 21:57:01 UTC,1967,,,663,,,,,
2021-06-04 22:57:01 UTC,1968,3,3,,0,0,0,0,665
2021-06-04 23:57:01 UTC,1969,0,3,,0,0,0,0,665
2021-06-05 00:57:01 UTC,1970,0,3,,0,0,0,0,665
2021-06-05 01:57:01 UTC,1971,0,3,,0,0,0,0,665
2021-06-05 02:57:01 UTC,1972,0,3,,3.9,0,0,0,665
2021-06-05 03:57:01 UTC,1973,3,6,,0,0,0,0,665
2021-06-05 04:57:01 UTC,1974,5,11,,0,0,0,0,665
2021-06-05 05:57:01 UTC,1975,3,14,,0,0,0,0,665
2021-06-05 06:57:01 UTC,1976,12,26,,3.9,0,0,0,665
2021-06-05 07:57:01 UTC,1977,11,38,,0,0,0,0,665
2021-06-05 08:57:01 UTC,1978,19,57,,0,0,0,0,665
2021-06-05 09:57:01 UTC,1979,15,72,,0,0,0,0,665
2021-06-05 10:57:01 UTC,1980,11,83,,3.9,0,0,0,665
2021-06-05 11:57:01 UTC,1981,14,97,,0,0,0,0,665
2021-06-05 12:57:01 UTC,1982,5,102,,0,0,0,0,665
2021-06-05 13:57:01 UTC,1983,9,111,,0,0,0,0,665
2021-06-05 14:57:01 UTC,1984,12,123,,3.9,0,0,0,665
2021-06-05 15:57:01 UTC,1985,12,135,,0,0,0,0,665
2021-06-05 16:57:01 UTC,1986,12,147,,0,0,0,0,665
2021-06-05 17:57:01 UTC,1987,7,154,,0,0,0,0,665
2021-06-05 18:57:01 UTC,1988,5,159,,3.9,0,0,0,665
2021-06-05 19:57:01 UTC,1989,5,165,,0,0,0,0,665
2021-06-05 20:57:01 UTC,1990,0,165,,3.9,0,0,0,665
2021-06-05 21:57:01 UTC,1991,,,165,,,,,
2021-06-05 22:57:01 UTC,1992,0,0,,0,0,0,0,166
2021-06-05 23:57:01 UTC,1993,0,0,,0,0,0,0,166
2021-06-06 00:57:01 UTC,1994,0,0,,0,0,0,0,166
2021-06-06 01:57:01 UTC,1995,0,0,,0,0,0,0,166
2021-06-06 02:57:01 UTC,1996,0,0,,3.9,0,0,0,166
2021-06-06 03:57:01 UTC,1997,5,5,,0,0,0,0,166
2021-06-06 04:57:01 UTC,1998,5,10,,0,0,0,0,166
2021-06-06 05:57:01 UTC,1999,12,22,,0,0,0,0,166
2021-06-06 06:57:01 UTC,2000,10,32,,3.9,0,0,0,166
2021-06-06 07:57:01 UTC,2001,15,47,,0,0,0,0,166
2021-06-06 08:57:01 UTC,2002,27,74,,0,0,0,0,166
2021-06-06 09:57:01 UTC,2003,29,103,,0,0,0,0,166
2021-06-06 10:57:01 UTC,2004,10,113,,3.9,0,0,0,166
2021-06-06 11:57:01 UTC,2005,5,119,,0,0,0,0,166
2021-06-06 12:57:01 UTC,2006,16,135,,0,0,0,0,166
2021-06-06 13:57:01 UTC,2007,38,173,,0,0,0,0,166
2021-06-06 14:57:01 UTC,2008,29,202,,0,0,0,0,166
2021-06-06 15:57:01 UTC,2009,17,219,,0,0,0,0,166
2021-06-06 16:57:01 UTC,2010,3,222,,0,0,0,0,166
2021-06-06 17:57:01 UTC,2011,6,228,,0,0,0,0,166
2021-06-06 18:57:01 UTC,2012,8,236,,3.9,0,0,0,166
2021-06-06 19:57:01 UTC,2013,5,241,,0,0,0,0,166
2021-06-06 20:57:01 UTC,2014,3,244,,3.9,0,0,0,166
2021-06-06 21:57:01 UTC,2015,,,244,,,,,
2021-06-06 22:57:01 UTC,2016,1,1,,0,0,0,0,244
2021-06-06 23:57:01 UTC,2017,0,1,,0,0,0,0,244
2021-06-07 00:57:01 UTC,2018,0,1,,0,0,0,0,244
2021-06-07 01:57:01 UTC,2019,0,1,,0,0,0,0,244
2021-06-07 02:57:01 UTC,2020,2,3,,3.9,0,0,0,244
2021-06-07 03:57:01 UTC,2021,1,4,,0,0,0,0,244
2021-06-07 04:57:01 UTC,2022,8,12,,0,0,0,0,244
2021-06-07 05:57:01 UTC,2023,14,26,,0,0,0,0,244
2021-06-07 06:57:01 UTC,2024,19,45,,3.9,0,0,0,244
2021-06-07 07:57:01 UTC,2025,16,61,,0,0,0,0,244
2021-06-07 08:57:01 UTC,2026,17,78,,0,0,0,0,244
2021-06-07 09:57:01 UTC,2027,18,96,,0,0,0,0,244
2021-06-07 10:57:01 UTC,2028,11,107,,0,0,0,0,244
2021-06-07 11:57:01 UTC,2029,39,146,,0,0,0,0,244
2021-06-07 12:57:01 UTC,2030,60,206,,0,0,0,0,244
2021-06-07 13:57:01 UTC,2031,142,348,,0,0,0,0,244
2021-06-07 14:57:01 UTC,2032,76,424,,0,0,0,0,244
2021-06-07 15:57:01 UTC,2033,38,462,,0,0,0,0,244
2021-06-07 16:57:01 UTC,2034,65,527,,0,0,0,0,244
2021-06-07 17:57:01 UTC,2035,40,567,,0,0,0,0,244
2021-06-07 18:57:01 UTC,2036,14,581,,3.9,0,0,0,244
2021-06-07 19:57:01 UTC,2037,6,587,,0,0,0,0,244
2021-06-07 20:57:01 UTC,2038,4,591,,3.9,0,0,0,244
2021-06-07 21:57:01 UTC,2039,,,591,,,,,
2021-06-07 22:57:01 UTC,2040,1,1,,0,0,0,0,592
2021-06-07 23:57:01 UTC,2041,0,1,,0,0,0,0,592
2021-06-08 00:57:01 UTC,2042,0,1,,0,0,0,0,592
2021-06-08 01:57:01 UTC,2043,0,1,,0,0,0,0,592
2021-06-08 02:57:01 UTC,2044,1,2,,3.9,0,0,0,592
2021-06-08 03:57:01 UTC,2045,4,6,,0,0,0,0,592
2021-06-08 04:57:01 UTC,2046,13,19,,0,0,0,0,592
2021-06-08 05:57:01 UTC,2047,14,33,,0,0,0,0,592
2021-06-08 06:57:01 UTC,2048,21,54,,3.9,0,0,0,592
2021-06-08 07:57:01 UTC,2049,31,86,,0,0,0,0,592
2021-06-08 08:57:01 UTC,2050,18,104,,0,0,0,0,592
2021-06-08 09:57:01 UTC,2051,16,120,,0,0,0,0,592
2021-06-08 10:57:01 UTC,2052,11,131,,0,0,0,0,592
2021-06-08 11:57:01 UTC,2053,9,140,,0,0,0,0,592
2021-06-08 12:57:01 UTC,2054,5,145,,0,0,0,0,592
2021-06-08 13:57:01 UTC,2055,5,150,,0,0,0,0,592
2021-06-08 14:57:01 UTC,2056,4,154,,3.9,0,0,0,592
2021-06-08 15:57:01 UTC,2057,10,164,,0,0,0,0,592
2021-06-08 16:57:01 UTC,2058,7,171,,0,0,0,0,592
2021-06-08 17:57:01 UTC,2059,10,181,,0,0,0,0,592
2021-06-08 18:57:01 UTC,2060,6,187,,3.9,0,0,0,592
2021-06-08 19:57:01 UTC,2061,9,196,,0,0,0,0,592
2021-06-08 20:57:01 UTC,2062,3,199,,3.9,0,0,0,592
2021-06-08 21:57:01 UTC,2063,,,199,,,,,
2021-06-08 22:57:01 UTC,2064,5,5,,0,0,0,0,202
2021-06-08 23:57:01 UTC,2065,1,6,,0,0,0,0,202
2021-06-09 00:57:01 UTC,2066,0,6,,0,0,0,0,202
2021-06-09 01:57:01 UTC,2067,0,6,,0,0,0,0,202
2021-06-09 02:57:01 UTC,2068,0,6,,3.9,0,0,0,202
2021-06-09 03:57:01 UTC,2069,5,11,,0,0,0,0,202
2021-06-09 04:57:01 UTC,2070,11,22,,0,0,0,0,202
2021-06-09 05:57:01 UTC,2071,23,45,,0,0,0,0,202
2021-06-09 06:57:01 UTC,2072,21,66,,3.9,0,0,0,202
2021-06-09 07:57:01 UTC,2073,5,71,,0,0,0,0,202
2021-06-09 08:57:01 UTC,2074,9,80,,0,0,0,0,202
2021-06-09 09:57:01 UTC,2075,29,109,,0,0,0,0,202
2021-06-09 10:57:01 UTC,2076,17,126,,0,0,0,0,202
2021-06-09 11:57:01 UTC,2077,30,156,,0,0,0,0,202
2021-06-09 12:57:01 UTC,2078,51,207,,0,0,0,0,202
2021-06-09 13:57:01 UTC,2079,82,289,,0,0,0,0,202
2021-06-09 14:57:01 UTC,2080,28,317,,0,0,0,0,202
2021-06-09 15:57:01 UTC,2081,6,323,,0,0,0,0,202
2021-06-09 16:57:01 UTC,2082,7,330,,0,0,0,0,202
2021-06-09 17:57:01 UTC,2083,2,332,,0,0,0,0,202
2021-06-09 18:57:01 UTC,2084,4,336,,3.9,0,0,0,202
2021-06-09 19:57:01 UTC,2085,3,339,,0,0,0,0,202
2021-06-09 20:57:01 UTC,2086,4,343,,3.9,0,0,0,202
2021-06-09 21:57:01 UTC,2087,,,343,,,,,
2021-06-09 22:57:01 UTC,2088,3,3,,0,0,0,0,349
2021-06-09 23:57:01 UTC,2089,0,3,,0,0,0,0,349
2021-06-10 00:57:01 UTC,2090,0,3,,0,0,0,0,349
2021-06-10 01:57:01 UTC,2091,0,3,,0,0,0,0,349
2021-06-10 02:57:01 UTC,2092,1,4,,3.9,0,0,0,349
2021-06-10 03:57:01 UTC,2093,7,11,,0,0,0,0,349
2021-06-10 04:57:01 UTC,2094,13,24,,0,0,0,0,349
2021-06-10 05:57:01 UTC,2095,15,39,,0,0,0,0,349
2021-06-10 06:57:01 UTC,2096,17,56,,3.9,0,0,0,349
2021-06-10 07:57:01 UTC,2097,16,73,,0,0,0,0,349
2021-06-10 08:57:01 UTC,2098,23,96,,0,0,0,0,349
2021-06-10 09:57:01 UTC,2099,21,117,,0,0,0,0,349
2021-06-10 10:57:01 UTC,2100,12,129,,0,0,0,0,349
2021-06-10 11:57:01 UTC,2101,34,163,,0,0,0,0,349
2021-06-10 12:57:01 UTC,2102,43,206,,0,0,0,0,349
2021-06-10 13:57:01 UTC,2103,15,221,,0,0,0,0,349
2021-06-10 14:57:01 UTC,2104,18,239,,0,0,0,0,349
2021-06-10 15:57:01 UTC,2105,12,251,,0,0,0,0,349
2021-06-10 16:57:01 UTC,2106,18,269,,0,0,0,0,349
2021-06-10 17:57:01 UTC,2107,14,283,,0,0,0,0,349
2021-06-10 18:57:01 UTC,2108,5,288,,3.9,0,0,0,349
2021-06-10 19:57:01 UTC,2109,0,288,,0,0,0,0,349
2021-06-10 20:57:01 UTC,2110,0,288,,3.9,0,0,0,349
2021-06-10 21:57:01 UTC,2111,,,288,,,,,
