created_at,entry_id,field1,field2,field3,field4,field5,field6,field7,field8
2022-01-01 00:57:01 UTC,7006,0,0,,0,0,0,0,131
2022-01-01 01:57:01 UTC,7007,0,0,,0,0,0,0,131
2022-01-01 02:57:01 UTC,7008,0,0,,0,0,0,0,131
2022-01-01 03:57:01 UTC,7009,0,0,,3.9,0,0,0,131
2022-01-01 04:57:01 UTC,7010,0,0,,0,0,0,0,131
2022-01-01 05:57:01 UTC,7011,0,0,,0,0,0,0,131
2022-01-01 06:57:01 UTC,7012,0,0,,0,0,0,0,131
2022-01-01 07:57:01 UTC,7013,3,3,,3.9,0,0,0,131
2022-01-01 08:57:01 UTC,7014,4,8,,0,0,0,0,131
2022-01-01 09:57:01 UTC,7015,9,17,,0,0,0,0,131
2022-01-01 10:57:01 UTC,7016,27,44,,0,0,0,0,131
2022-01-01 11:57:01 UTC,7017,6,50,,3.9,0,0,0,131
2022-01-01 12:57:01 UTC,7018,6,59,,0,0,0,0,131
2022-01-01 13:57:01 UTC,7019,4,63,,0,0,0,0,131
2022-01-01 14:57:01 UTC,7020,8,71,,0,0,0,0,131
2022-01-01 15:57:01 UTC,7021,8,79,,3.9,0,0,0,131
2022-01-01 16:57:01 UTC,7022,8,87,,0,0,0,0,131
2022-01-01 17:57:01 UTC,7023,3,90,,0,0,0,0,131
2022-01-01 18:57:01 UTC,7024,1,91,,0,0,0,0,131
2022-01-01 19:57:01 UTC,7025,1,92,,3.9,0,0,0,131
2022-01-01 20:57:01 UTC,7026,1,93,,0,0,0,0,131
2022-01-01 21:57:01 UTC,7027,1,94,,3.9,0,0,0,131
2022-01-01 22:57:01 UTC,7028,,,94,,,,,
2022-01-01 23:57:01 UTC,7029,0,0,,0,0,0,0,95
2022-01-02 00:57:01 UTC,7030,0,0,,0,0,0,0,95
2022-01-02 01:57:01 UTC,7031,0,0,,0,0,0,0,95
2022-01-02 02:57:01 UTC,7032,1,1,,0,0,0,0,95
2022-01-02 03:57:01 UTC,7033,0,1,,3.9,0,0,0,95
2022-01-02 04:57:01 UTC,7034,0,1,,0,0,0,0,95
2022-01-02 05:57:01 UTC,7035,0,1,,0,0,0,0,95
2022-01-02 06:57:01 UTC,7036,1,2,,0,0,0,0,95
2022-01-02 07:57:01 UTC,7037,9,11,,3.9,0,0,0,95
2022-01-02 08:57:01 UTC,7038,6,18,,0,0,0,0,95
2022-01-02 09:57:01 UTC,7039,17,35,,0,0,0,0,95
2022-01-02 10:57:01 UTC,7040,14,49,,0,0,0,0,95
2022-01-02 11:57:01 UTC,7041,8,57,,3.9,0,0,0,95
2022-01-02 12:57:01 UTC,7042,7,64,,0,0,0,0,95
2022-01-02 13:57:01 UTC,7043,4,68,,0,0,0,0,95
2022-01-02 14:57:01 UTC,7044,2,70,,0,0,0,0,95
2022-01-02 15:57:01 UTC,7045,2,72,,3.9,0,0,0,95
2022-01-02 16:57:01 UTC,7046,10,83,,0,0,0,0,95
2022-01-02 17:57:01 UTC,7047,7,90,,0,0,0,0,95
2022-01-02 18:57:01 UTC,7048,3,93,,0,0,0,0,95
2022-01-02 19:57:01 UTC,7049,2,95,,3.9,0,0,0,95
2022-01-02 20:57:01 UTC,7050,2,97,,0,0,0,0,95
2022-01-02 21:57:01 UTC,7051,2,99,,3.9,0,0,0,95
2022-01-02 22:57:01 UTC,7052,,,99,,,,,
2022-01-02 23:57:01 UTC,7053,0,0,,0,0,0,0,99
2022-01-03 00:57:01 UTC,7054,3,3,,0,0,0,0,99
2022-01-03 01:57:01 UTC,7055,0,3,,0,0,0,0,99
2022-01-03 02:57:01 UTC,7056,0,3,,0,0,0,0,99
2022-01-03 03:57:01 UTC,7057,0,3,,3.9,0,0,0,99
2022-01-03 04:57:01 UTC,7058,0,3,,0,0,0,0,99
2022-01-03 05:57:01 UTC,7059,0,3,,0,0,0,0,99
2022-01-03 06:57:01 UTC,7060,2,5,,0,0,0,0,99
2022-01-03 07:57:01 UTC,7061,14,19,,3.9,0,0,0,99
2022-01-03 08:57:01 UTC,7062,12,32,,0,0,0,0,99
2022-01-03 09:57:01 UTC,7063,8,40,,0,0,0,0,99
2022-01-03 10:57:01 UTC,7064,15,55,,0,0,0,0,99
2022-01-03 11:57:01 UTC,7065,6,61,,3.9,0,0,0,99
2022-01-03 12:57:01 UTC,7066,10,72,,0,0,0,0,99
2022-01-03 13:57:01 UTC,7067,2,74,,0,0,0,0,99
2022-01-03 14:57:01 UTC,7068,4,78,,0,0,0,0,99
2022-01-03 15:57:01 UTC,7069,4,82,,3.9,0,0,0,99
2022-01-03 16:57:01 UTC,7070,4,87,,0,0,0,0,99
2022-01-03 17:57:01 UTC,7071,4,91,,0,0,0,0,99
2022-01-03 18:57:01 UTC,7072,6,97,,0,0,0,0,99
2022-01-03 19:57:01 UTC,7073,2,99,,3.9,0,0,0,99
2022-01-03 20:57:01 UTC,7074,2,101,,0,0,0,0,99
2022-01-03 21:57:01 UTC,7075,2,103,,3.9,0,0,0,99
2022-01-03 22:57:01 UTC,7076,,,103,,,,,
2022-01-03 23:57:01 UTC,7077,0,0,,0,0,0,0,105
2022-01-04 00:57:01 UTC,7078,0,0,,0,0,0,0,105
2022-01-04 01:57:01 UTC,7079,0,0,,0,0,0,0,105
2022-01-04 02:57:01 UTC,7080,0,0,,0,0,0,0,105
2022-01-04 03:57:01 UTC,7081,1,1,,3.9,0,0,0,105
2022-01-04 04:57:01 UTC,7082,0,1,,0,0,0,0,105
2022-01-04 05:57:01 UTC,7083,1,2,,0,0,0,0,105
2022-01-04 06:57:01 UTC,7084,5,7,,0,0,0,0,105
2022-01-04 07:57:01 UTC,7085,9,16,,3.9,0,0,0,105
2022-01-04 08:57:01 UTC,7086,6,25,,0,0,0,0,105
2022-01-04 09:57:01 UTC,7087,8,33,,0,0,0,0,105
2022-01-04 10:57:01 UTC,7088,8,41,,0,0,0,0,105
2022-01-04 11:57:01 UTC,7089,5,46,,3.9,0,0,0,105
2022-01-04 12:57:01 UTC,7090,7,54,,0,0,0,0,105
2022-01-04 13:57:01 UTC,7091,1,55,,0,0,0,0,105
2022-01-04 14:57:01 UTC,7092,9,64,,0,0,0,0,105
2022-01-04 15:57:01 UTC,7093,9,73,,3.9,0,0,0,105
2022-01-04 16:57:01 UTC,7094,14,87,,0,0,0,0,105
2022-01-04 17:57:01 UTC,7095,14,101,,0,0,0,0,105
2022-01-04 18:57:01 UTC,7096,10,111,,0,0,0,0,105
2022-01-04 19:57:01 UTC,7097,6,117,,3.9,0,0,0,105
2022-01-04 20:57:01 UTC,7098,2,119,,0,0,0,0,105
2022-01-04 21:57:01 UTC,7099,3,122,,3.9,0,0,0,105
2022-01-04 22:57:01 UTC,7100,,,122,,,,,
2022-01-04 23:57:01 UTC,7101,0,0,,0,0,0,0,123
2022-01-05 00:57:01 UTC,7102,1,1,,0,0,0,0,123
2022-01-05 01:57:01 UTC,7103,0,1,,0,0,0,0,123
2022-01-05 02:57:01 UTC,7104,0,1,,0,0,0,0,123
2022-01-05 03:57:01 UTC,7105,0,1,,3.9,0,0,0,123
2022-01-05 04:57:01 UTC,7106,1,2,,0,0,0,0,123
2022-01-05 05:57:01 UTC,7107,7,9,,0,0,0,0,123
2022-01-05 06:57:01 UTC,7108,8,17,,0,0,0,0,123
2022-01-05 07:57:01 UTC,7109,17,34,,3.9,0,0,0,123
2022-01-05 08:57:01 UTC,7110,16,54,,0,0,0,0,123
2022-01-05 09:57:01 UTC,7111,28,82,,0,0,0,0,123
2022-01-05 10:57:01 UTC,7112,17,99,,0,0,0,0,123
2022-01-05 11:57:01 UTC,7113,13,112,,3.9,0,0,0,123
2022-01-05 12:57:01 UTC,7114,14,126,,0,0,0,0,123
2022-01-05 13:57:01 UTC,7115,10,136,,0,0,0,0,123
2022-01-05 14:57:01 UTC,7116,16,152,,0,0,0,0,123
2022-01-05 15:57:01 UTC,7117,12,164,,3.9,0,0,0,123
2022-01-05 16:57:01 UTC,7118,2,170,,0,0,0,0,123
2022-01-05 17:57:01 UTC,7119,11,181,,0,0,0,0,123
2022-01-05 18:57:01 UTC,7120,1,182,,0,0,0,0,123
2022-01-05 19:57:01 UTC,7121,4,186,,3.9,0,0,0,123
2022-01-05 20:57:01 UTC,7122,2,188,,0,0,0,0,123
2022-01-05 21:57:01 UTC,7123,2,190,,3.9,0,0,0,123
2022-01-05 22:57:01 UTC,7124,,,190,,,,,
2022-01-05 23:57:01 UTC,7125,0,0,,0,0,0,0,191
2022-01-06 00:57:01 UTC,7126,2,2,,0,0,0,0,191
2022-01-06 01:57:01 UTC,7127,0,2,,0,0,0,0,191
2022-01-06 02:57:01 UTC,7128,0,2,,0,0,0,0,191
2022-01-06 03:57:01 UTC,7129,0,2,,3.9,0,0,0,191
2022-01-06 04:57:01 UTC,7130,0,2,,0,0,0,0,191
2022-01-06 05:57:01 UTC,7131,1,3,,0,0,0,0,191
2022-01-06 06:57:01 UTC,7132,3,6,,0,0,0,0,191
2022-01-06 07:57:01 UTC,7133,8,14,,3.9,0,0,0,191
2022-01-06 08:57:01 UTC,7134,16,32,,0,0,0,0,191
2022-01-06 09:57:01 UTC,7135,19,51,,0,0,0,0,191
2022-01-06 10:57:01 UTC,7136,17,68,,0,0,0,0,191
2022-01-06 11:57:01 UTC,7137,13,81,,3.9,0,0,0,191
2022-01-06 12:57:01 UTC,7138,14,97,,0,0,0,0,191
2022-01-06 13:57:01 UTC,7139,10,107,,0,0,0,0,191
2022-01-06 14:57:01 UTC,7140,10,117,,0,0,0,0,191
2022-01-06 15:57:01 UTC,7141,8,125,,3.9,0,0,0,191
2022-01-06 16:57:01 UTC,7142,7,133,,0,0,0,0,191
2022-01-06 17:57:01 UTC,7143,12,145,,0,0,0,0,191
2022-01-06 18:57:01 UTC,7144,6,151,,0,0,0,0,191
2022-01-06 19:57:01 UTC,7145,1,152,,3.9,0,0,0,191
2022-01-06 20:57:01 UTC,7146,5,158,,0,0,0,0,191
2022-01-06 21:57:01 UTC,7147,2,160,,3.9,0,0,0,191
2022-01-06 22:57:01 UTC,7148,,,160,,,,,
2022-01-06 23:57:01 UTC,7149,0,0,,0,0,0,0,163
2022-01-07 00:57:01 UTC,7150,1,1,,0,0,0,0,163
2022-01-07 01:57:01 UTC,7151,0,1,,0,0,0,0,163
2022-01-07 02:57:01 UTC,7152,0,1,,0,0,0,0,163
2022-01-07 03:57:01 UTC,7153,1,2,,3.9,0,0,0,163
2022-01-07 04:57:01 UTC,7154,0,2,,0,0,0,0,163
2022-01-07 05:57:01 UTC,7155,6,8,,0,0,0,0,163
2022-01-07 06:57:01 UTC,7156,11,19,,0,0,0,0,163
2022-01-07 07:57:01 UTC,7157,14,33,,3.9,0,0,0,163
2022-01-07 08:57:01 UTC,7158,11,44,,0,0,0,0,163
2022-01-07 09:57:01 UTC,7159,18,62,,0,0,0,0,163
2022-01-07 10:57:01 UTC,7160,15,77,,0,0,0,0,163
2022-01-07 11:57:01 UTC,7161,18,95,,3.9,0,0,0,163
2022-01-07 12:57:01 UTC,7162,30,127,,0,0,0,0,163
2022-01-07 13:57:01 UTC,7163,14,141,,0,0,0,0,163
2022-01-07 14:57:01 UTC,7164,12,153,,0,0,0,0,163
2022-01-07 15:57:01 UTC,7165,10,163,,3.9,0,0,0,163
2022-01-07 16:57:01 UTC,7166,17,181,,0,0,0,0,163
2022-01-07 17:57:01 UTC,7167,13,194,,0,0,0,0,163
2022-01-07 18:57:01 UTC,7168,5,199,,0,0,0,0,163
2022-01-07 19:57:01 UTC,7169,8,207,,3.9,0,0,0,163
2022-01-07 20:57:01 UTC,7170,4,211,,0,0,0,0,163
2022-01-07 21:57:01 UTC,7171,4,215,,3.9,0,0,0,163
2022-01-07 22:57:01 UTC,7172,,,215,,,,,
2022-01-07 23:57:01 UTC,7173,1,1,,0,0,0,0,218
2022-01-08 00:57:01 UTC,7174,0,1,,0,0,0,0,218
2022-01-08 01:57:01 UTC,7175,2,3,,0,0,0,0,218
2022-01-08 02:57:01 UTC,7176,0,3,,0,0,0,0,218
2022-01-08 03:57:01 UTC,7177,0,3,,3.9,0,0,0,218
2022-01-08 04:57:01 UTC,7178,3,6,,0,0,0,0,218
2022-01-08 05:57:01 UTC,7179,2,8,,0,0,0,0,218
2022-01-08 06:57:01 UTC,7180,4,12,,0,0,0,0,218
2022-01-08 07:57:01 UTC,7181,8,20,,3.9,0,0,0,218
2022-01-08 08:57:01 UTC,7182,14,34,,0,0,0,0,218
2022-01-08 09:57:01 UTC,7183,18,52,,0,0,0,0,218
2022-01-08 10:57:01 UTC,7184,20,72,,0,0,0,0,218
2022-01-08 11:57:01 UTC,7185,15,87,,3.9,0,0,0,218
2022-01-08 12:57:01 UTC,7186,13,103,,0,0,0,0,218
2022-01-08 13:57:01 UTC,7187,15,118,,0,0,0,0,218
2022-01-08 14:57:01 UTC,7188,23,141,,0,0,0,0,218
2022-01-08 15:57:01 UTC,7189,10,151,,3.9,0,0,0,218
2022-01-08 16:57:01 UTC,7190,12,164,,0,0,0,0,218
2022-01-08 17:57:01 UTC,7191,15,179,,0,0,0,0,218
2022-01-08 18:57:01 UTC,7192,12,191,,0,0,0,0,218
2022-01-08 19:57:01 UTC,7193,5,196,,3.9,0,0,0,218
2022-01-08 20:57:01 UTC,7194,6,204,,0,0,0,0,218
2022-01-08 21:57:01 UTC,7195,5,209,,3.9,0,0,0,218
2022-01-08 22:57:01 UTC,7196,,,209,,,,,
