created_at,entry_id,field1,field2,field3,field4,field5,field6,field7,field8
2021-06-01 00:57:01 UTC,1699,1,2,,0,0,0,0,646
2021-06-01 01:57:01 UTC,1700,0,2,,0,0,0,0,646
2021-06-01 02:57:01 UTC,1701,1,3,,3.9,0,0,0,646
2021-06-01 03:57:01 UTC,1702,2,5,,0,0,0,0,646
2021-06-01 04:57:01 UTC,1703,13,18,,0,0,0,0,646
2021-06-01 05:57:01 UTC,1704,20,38,,0,0,0,0,646
2021-06-01 06:57:01 UTC,1705,35,73,,3.9,0,0,0,646
2021-06-01 07:57:01 UTC,1706,40,115,,0,0,0,0,646
2021-06-01 08:57:01 UTC,1707,60,175,,0,0,0,0,646
2021-06-01 09:57:01 UTC,1708,75,250,,0,0,0,0,646
2021-06-01 10:57:01 UTC,1709,61,311,,0,0,0,0,646
2021-06-01 11:57:01 UTC,1710,42,353,,0,0,0,0,646
2021-06-01 12:57:01 UTC,1711,61,414,,0,0,0,0,646
2021-06-01 13:57:01 UTC,1712,39,453,,0,0,0,0,646
2021-06-01 14:57:01 UTC,1713,55,508,,0,0,0,0,646
2021-06-01 15:57:01 UTC,1714,41,549,,0,0,0,0,646
2021-06-01 16:57:01 UTC,1715,70,619,,0,0,0,0,646
2021-06-01 17:57:01 UTC,1716,40,659,,0,0,0,0,646
2021-06-01 18:57:01 UTC,1717,51,710,,0,0,0,0,646
2021-06-01 19:57:01 UTC,1718,21,731,,0,0,0,0,646
2021-06-01 20:57:01 UTC,1719,21,752,,3.9,0,0,0,646
2021-06-01 21:57:01 UTC,1720,,,752,,,,,
2021-06-01 22:57:01 UTC,1721,6,6,,0,0,0,0,764
2021-06-01 23:57:01 UTC,1722,0,6,,0,0,0,0,764
2021-06-02 00:57:01 UTC,1723,0,6,,0,0,0,0,764
2021-06-02 01:57:01 UTC,1724,0,6,,0,0,0,0,764
2021-06-02 02:57:01 UTC,1725,1,7,,3.9,0,0,0,764
2021-06-02 03:57:01 UTC,1726,0,7,,0,0,0,0,764
2021-06-02 04:57:01 UTC,1727,3,10,,0,0,0,0,764
2021-06-02 05:57:01 UTC,1728,11,21,,0,0,0,0,764
2021-06-02 06:57:01 UTC,1729,37,58,,3.9,0,0,0,764
2021-06-02 07:57:01 UTC,1730,55,113,,0,0,0,0,764
2021-06-02 08:57:01 UTC,1731,55,168,,0,0,0,0,764
2021-06-02 09:57:01 UTC,1732,77,245,,0,0,0,0,764
2021-06-02 10:57:01 UTC,1733,66,311,,0,0,0,0,764
2021-06-02 11:57:01 UTC,1734,39,350,,0,0,0,0,764
2021-06-02 12:57:01 UTC,1735,35,385,,0,0,0,0,764
2021-06-02 13:57:01 UTC,1736,43,428,,0,0,0,0,764
2021-06-02 14:57:01 UTC,1737,42,470,,0,0,0,0,764
2021-06-02 15:57:01 UTC,1738,42,512,,0,0,0,0,764
2021-06-02 16:57:01 UTC,1739,48,560,,0,0,0,0,764
2021-06-02 17:57:01 UTC,1740,31,591,,0,0,0,0,764
2021-06-02 18:57:01 UTC,1741,18,609,,0,0,0,0,764
2021-06-02 19:57:01 UTC,1742,16,625,,0,0,0,0,764
2021-06-02 20:57:01 UTC,1743,10,635,,3.9,0,0,0,764
2021-06-02 21:57:01 UTC,1744,,,635,,,,,
2021-06-02 22:57:01 UTC,1745,5,5,,0,0,0,0,639
2021-06-02 23:57:01 UTC,1746,0,5,,0,0,0,0,639
2021-06-03 00:57:01 UTC,1747,1,6,,0,0,0,0,639
2021-06-03 01:57:01 UTC,1748,1,7,,0,0,0,0,639
2021-06-03 02:57:01 UTC,1749,0,7,,0,0,0,0,639
2021-06-03 03:57:01 UTC,1750,2,9,,0,0,0,0,639
2021-06-03 04:57:01 UTC,1751,11,20,,0,0,0,0,639
2021-06-03 05:57:01 UTC,1752,18,38,,0,0,0,0,639
2021-06-03 06:57:01 UTC,1753,43,81,,3.9,0,0,0,639
2021-06-03 07:57:01 UTC,1754,33,114,,0,0,0,0,639
2021-06-03 08:57:01 UTC,1755,51,165,,0,0,0,0,639
2021-06-03 09:57:01 UTC,1756,45,210,,0,0,0,0,639
2021-06-03 10:57:01 UTC,1757,55,265,,0,0,0,0,639
2021-06-03 11:57:01 UTC,1758,63,328,,0,0,0,0,639
2021-06-03 12:57:01 UTC,1759,62,390,,0,0,0,0,639
2021-06-03 13:57:01 UTC,1760,65,455,,0,0,0,0,639
2021-06-03 14:57:01 UTC,1761,55,510,,0,0,0,0,639
2021-06-03 15:57:01 UTC,1762,45,555,,0,0,0,0,639
2021-06-03 16:57:01 UTC,1763,51,606,,0,0,0,0,639
2021-06-03 17:57:01 UTC,1764,60,666,,0,0,0,0,639
2021-06-03 18:57:01 UTC,1765,41,707,,0,0,0,0,639
2021-06-03 19:57:01 UTC,1766,27,734,,0,0,0,0,639
2021-06-03 20:57:01 UTC,1767,13,747,,0,0,0,0,639
2021-06-03 21:57:01 UTC,1768,,,747,,,,,
2021-06-03 22:57:01 UTC,1769,3,3,,0,0,0,0,761
2021-06-03 23:57:01 UTC,1770,2,5,,0,0,0,0,761
2021-06-04 00:57:01 UTC,1771,1,6,,0,0,0,0,761
2021-06-04 01:57:01 UTC,1772,0,6,,0,0,0,0,761
2021-06-04 02:57:01 UTC,1773,0,6,,0,0,0,0,761
2021-06-04 03:57:01 UTC,1774,2,8,,0,0,0,0,761
2021-06-04 04:57:01 UTC,1775,7,15,,0,0,0,0,761
2021-06-04 05:57:01 UTC,1776,26,41,,0,0,0,0,761
2021-06-04 06:57:01 UTC,1777,50,91,,3.9,0,0,0,761
2021-06-04 07:57:01 UTC,1778,58,149,,0,0,0,0,761
2021-06-04 08:57:01 UTC,1779,41,190,,0,0,0,0,761
2021-06-04 09:57:01 UTC,1780,52,242,,0,0,0,0,761
2021-06-04 10:57:01 UTC,1781,46,288,,0,0,0,0,761
2021-06-04 11:57:01 UTC,1782,62,350,,0,0,0,0,761
2021-06-04 12:57:01 UTC,1783,47,397,,0,0,0,0,761
2021-06-04 13:57:01 UTC,1784,56,453,,0,0,0,0,761
2021-06-04 14:57:01 UTC,1785,62,515,,0,0,0,0,761
2021-06-04 15:57:01 UTC,1786,42,557,,0,0,0,0,761
2021-06-04 16:57:01 UTC,1787,47,604,,0,0,0,0,761
2021-06-04 17:57:01 UTC,1788,65,669,,0,0,0,0,761
2021-06-04 18:57:01 UTC,1789,40,709,,0,0,0,0,761
2021-06-04 19:57:01 UTC,1790,32,741,,0,0,0,0,761
2021-06-04 20:57:01 UTC,1791,15,756,,0,0,0,0,761
2021-06-04 21:57:01 UTC,1792,,,756,,,,,
2021-06-04 22:57:01 UTC,1793,2,2,,0,0,0,0,765
2021-06-04 23:57:01 UTC,1794,0,2,,0,0,0,0,765
2021-06-05 00:57:01 UTC,1795,2,4,,0,0,0,0,765
2021-06-05 01:57:01 UTC,1796,1,5,,0,0,0,0,765
2021-06-05 02:57:01 UTC,1797,2,7,,0,0,0,0,765
2021-06-05 03:57:01 UTC,1798,0,7,,0,0,0,0,765
2021-06-05 04:57:01 UTC,1799,1,8,,0,0,0,0,765
2021-06-05 05:57:01 UTC,1800,6,14,,0,0,0,0,765
2021-06-05 06:57:01 UTC,1801,17,31,,0,0,0,0,765
2021-06-05 07:57:01 UTC,1802,18,49,,0,0,0,0,765
2021-06-05 08:57:01 UTC,1803,40,89,,0,0,0,0,765
2021-06-05 09:57:01 UTC,1804,45,134,,0,0,0,0,765
2021-06-05 10:57:01 UTC,1805,48,182,,0,0,0,0,765
2021-06-05 11:57:01 UTC,1806,31,213,,0,0,0,0,765
2021-06-05 12:57:01 UTC,1807,31,244,,0,0,0,0,765
2021-06-05 13:57:01 UTC,1808,36,280,,0,0,0,0,765
2021-06-05 14:57:01 UTC,1809,41,321,,0,0,0,0,765
2021-06-05 15:57:01 UTC,1810,41,362,,0,0,0,0,765
2021-06-05 16:57:01 UTC,1811,25,387,,0,0,0,0,765
2021-06-05 17:57:01 UTC,1812,38,425,,0,0,0,0,765
2021-06-05 18:57:01 UTC,1813,33,458,,0,0,0,0,765
2021-06-05 19:57:01 UTC,1814,21,479,,0,0,0,0,765
2021-06-05 20:57:01 UTC,1815,15,494,,0,0,0,0,765
2021-06-05 21:57:01 UTC,1816,,,494,,,,,
2021-06-05 22:57:01 UTC,1817,5,5,,0,0,0,0,502
2021-06-05 23:57:01 UTC,1818,1,6,,0,0,0,0,502
2021-06-06 00:57:01 UTC,1819,1,7,,0,0,0,0,502
2021-06-06 01:57:01 UTC,1820,0,7,,0,0,0,0,502
2021-06-06 02:57:01 UTC,1821,0,7,,0,0,0,0,502
2021-06-06 03:57:01 UTC,1822,0,7,,0,0,0,0,502
2021-06-06 04:57:01 UTC,1823,5,12,,0,0,0,0,502
2021-06-06 05:57:01 UTC,1824,7,19,,0,0,0,0,502
2021-06-06 06:57:01 UTC,1825,23,42,,0,0,0,0,502
2021-06-06 07:57:01 UTC,1826,39,81,,0,0,0,0,502
2021-06-06 08:57:01 UTC,1827,46,127,,0,0,0,0,502
2021-06-06 09:57:01 UTC,1828,31,158,,0,0,0,0,502
2021-06-06 10:57:01 UTC,1829,38,196,,0,0,0,0,502
2021-06-06 11:57:01 UTC,1830,38,234,,0,0,0,0,502
2021-06-06 12:57:01 UTC,1831,29,263,,0,0,0,0,502
2021-06-06 13:57:01 UTC,1832,49,312,,0,0,0,0,502
2021-06-06 14:57:01 UTC,1833,33,345,,0,0,0,0,502
2021-06-06 15:57:01 UTC,1834,28,373,,0,0,0,0,502
2021-06-06 16:57:01 UTC,1835,7,380,,0,0,0,0,502
2021-06-06 17:57:01 UTC,1836,11,391,,0,0,0,0,502
2021-06-06 18:57:01 UTC,1837,20,411,,0,0,0,0,502
2021-06-06 19:57:01 UTC,1838,9,420,,0,0,0,0,502
2021-06-06 20:57:01 UTC,1839,5,425,,3.9,0,0,0,502
2021-06-06 21:57:01 UTC,1840,,,425,,,,,
2021-06-06 22:57:01 UTC,1841,0,0,,0,0,0,0,427
2021-06-06 23:57:01 UTC,1842,0,0,,0,0,0,0,427
2021-06-07 00:57:01 UTC,1843,1,1,,0,0,0,0,427
2021-06-07 01:57:01 UTC,1844,0,1,,0,0,0,0,427
2021-06-07 02:57:01 UTC,1845,1,2,,3.9,0,0,0,427
2021-06-07 03:57:01 UTC,1846,4,6,,0,0,0,0,427
2021-06-07 04:57:01 UTC,1847,9,15,,0,0,0,0,427
2021-06-07 05:57:01 UTC,1848,32,47,,0,0,0,0,427
2021-06-07 06:57:01 UTC,1849,43,90,,3.9,0,0,0,427
2021-06-07 07:57:01 UTC,1850,31,121,,0,0,0,0,427
2021-06-07 08:57:01 UTC,1851,40,161,,0,0,0,0,427
2021-06-07 09:57:01 UTC,1852,41,202,,0,0,0,0,427
2021-06-07 10:57:01 UTC,1853,50,252,,0,0,0,0,427
2021-06-07 11:57:01 UTC,1854,47,299,,0,0,0,0,427
2021-06-07 12:57:01 UTC,1855,42,341,,0,0,0,0,427
2021-06-07 13:57:01 UTC,1856,57,398,,0,0,0,0,427
2021-06-07 14:57:01 UTC,1857,47,445,,0,0,0,0,427
2021-06-07 15:57:01 UTC,1858,53,498,,0,0,0,0,427
2021-06-07 16:57:01 UTC,1859,51,549,,0,0,0,0,427
2021-06-07 17:57:01 UTC,1860,66,615,,0,0,0,0,427
2021-06-07 18:57:01 UTC,1861,40,655,,0,0,0,0,427
2021-06-07 19:57:01 UTC,1862,30,685,,0,0,0,0,427
2021-06-07 20:57:01 UTC,1863,16,701,,3.9,0,0,0,427
2021-06-07 21:57:01 UTC,1864,,,701,,,,,
2021-06-07 22:57:01 UTC,1865,1,1,,0,0,0,0,717
2021-06-07 23:57:01 UTC,1866,3,4,,0,0,0,0,717
2021-06-08 00:57:01 UTC,1867,1,5,,0,0,0,0,717
2021-06-08 01:57:01 UTC,1868,0,5,,0,0,0,0,717
2021-06-08 02:57:01 UTC,1869,1,6,,0,0,0,0,717
2021-06-08 03:57:01 UTC,1870,3,9,,0,0,0,0,717
2021-06-08 04:57:01 UTC,1871,13,22,,0,0,0,0,717
2021-06-08 05:57:01 UTC,1872,26,48,,0,0,0,0,717
2021-06-08 06:57:01 UTC,1873,35,83,,0,0,0,0,717
2021-06-08 07:57:01 UTC,1874,29,112,,0,0,0,0,717
2021-06-08 08:57:01 UTC,1875,32,144,,0,0,0,0,717
2021-06-08 09:57:01 UTC,1876,37,181,,0,0,0,0,717
2021-06-08 10:57:01 UTC,1877,16,197,,0,0,0,0,717
2021-06-08 11:57:01 UTC,1878,8,205,,0,0,0,0,717
2021-06-08 12:57:01 UTC,1879,6,211,,0,0,0,0,717
2021-06-08 13:57:01 UTC,1880,8,219,,0,0,0,0,717
2021-06-08 14:57:01 UTC,1881,14,233,,0,0,0,0,717
2021-06-08 15:57:01 UTC,1882,36,269,,0,0,0,0,717
2021-06-08 16:57:01 UTC,1883,26,295,,0,0,0,0,717
2021-06-08 17:57:01 UTC,1884,31,326,,0,0,0,0,717
2021-06-08 18:57:01 UTC,1885,16,342,,0,0,0,0,717
2021-06-08 19:57:01 UTC,1886,20,362,,0,0,0,0,717
2021-06-08 20:57:01 UTC,1887,18,380,,3.9,0,0,0,717
2021-06-08 21:57:01 UTC,1888,,,380,,,,,
2021-06-08 22:57:01 UTC,1889,3,3,,0,0,0,0,389
2021-06-08 23:57:01 UTC,1890,0,3,,0,0,0,0,389
2021-06-09 00:57:01 UTC,1891,2,5,,0,0,0,0,389
2021-06-09 01:57:01 UTC,1892,0,5,,0,0,0,0,389
2021-06-09 02:57:01 UTC,1893,1,6,,3.9,0,0,0,389
2021-06-09 03:57:01 UTC,1894,5,11,,0,0,0,0,389
2021-06-09 04:57:01 UTC,1895,26,37,,0,0,0,0,389
2021-06-09 05:57:01 UTC,1896,29,66,,0,0,0,0,389
2021-06-09 06:57:01 UTC,1897,33,99,,3.9,0,0,0,389
2021-06-09 07:57:01 UTC,1898,43,143,,0,0,0,0,389
2021-06-09 08:57:01 UTC,1899,35,178,,0,0,0,0,389
2021-06-09 09:57:01 UTC,1900,41,219,,0,0,0,0,389
2021-06-09 10:57:01 UTC,1901,65,284,,0,0,0,0,389
2021-06-09 11:57:01 UTC,1902,28,312,,0,0,0,0,389
2021-06-09 12:57:01 UTC,1903,30,342,,0,0,0,0,389
2021-06-09 13:57:01 UTC,1904,50,392,,0,0,0,0,389
2021-06-09 14:57:01 UTC,1905,55,447,,0,0,0,0,389
2021-06-09 15:57:01 UTC,1906,0,447,,0,0,0,0,389
2021-06-09 16:57:01 UTC,1907,19,466,,0,0,0,0,389
2021-06-09 17:57:01 UTC,1908,21,487,,0,0,0,0,389
2021-06-09 18:57:01 UTC,1909,29,516,,0,0,0,0,389
2021-06-09 19:57:01 UTC,1910,16,532,,0,0,0,0,389
2021-06-09 20:57:01 UTC,1911,16,548,,3.9,0,0,0,389
2021-06-09 21:57:01 UTC,1912,,,548,,,,,
2021-06-09 22:57:01 UTC,1913,3,3,,0,0,0,0,555
2021-06-09 23:57:01 UTC,1914,0,3,,0,0,0,0,555
2021-06-10 00:57:01 UTC,1915,0,3,,0,0,0,0,555
2021-06-10 01:57:01 UTC,1916,0,3,,0,0,0,0,555
2021-06-10 02:57:01 UTC,1917,1,4,,0,0,0,0,555
2021-06-10 03:57:01 UTC,1918,3,7,,0,0,0,0,555
2021-06-10 04:57:01 UTC,1919,14,21,,0,0,0,0,555
2021-06-10 05:57:01 UTC,1920,25,46,,0,0,0,0,555
2021-06-10 06:57:01 UTC,1921,51,97,,3.9,0,0,0,555
2021-06-10 07:57:01 UTC,1922,46,143,,0,0,0,0,555
2021-06-10 08:57:01 UTC,1923,41,184,,0,0,0,0,555
2021-06-10 09:57:01 UTC,1924,47,231,,0,0,0,0,555
2021-06-10 10:57:01 UTC,1925,50,281,,0,0,0,0,555
2021-06-10 11:57:01 UTC,1926,48,329,,0,0,0,0,555
2021-06-10 12:57:01 UTC,1927,42,371,,0,0,0,0,555
2021-06-10 13:57:01 UTC,1928,49,420,,0,0,0,0,555
2021-06-10 14:57:01 UTC,1929,32,452,,0,0,0,0,555
2021-06-10 15:57:01 UTC,1930,37,489,,0,0,0,0,555
2021-06-10 16:57:01 UTC,1931,55,544,,0,0,0,0,555
2021-06-10 17:57:01 UTC,1932,27,571,,0,0,0,0,555
2021-06-10 18:57:01 UTC,1933,15,586,,0,0,0,0,555
2021-06-10 19:57:01 UTC,1934,9,595,,0,0,0,0,555
2021-06-10 20:57:01 UTC,1935,9,604,,3.9,0,0,0,555
2021-06-10 21:57:01 UTC,1936,,,604,,,,,
2021-06-10 22:57:01 UTC,1937,5,5,,0,0,0,0,612
2021-06-10 23:57:01 UTC,1938,1,6,,0,0,0,0,612
2021-06-11 00:57:01 UTC,1939,0,6,,0,0,0,0,612
2021-06-11 01:57:01 UTC,1940,2,8,,0,0,0,0,612
2021-06-11 02:57:01 UTC,1941,1,9,,0,0,0,0,612
2021-06-11 03:57:01 UTC,1942,2,11,,0,0,0,0,612
2021-06-11 04:57:01 UTC,1943,17,28,,0,0,0,0,612
2021-06-11 05:57:01 UTC,1944,29,57,,0,0,0,0,612
2021-06-11 06:57:01 UTC,1945,52,109,,3.9,0,0,0,612
2021-06-11 07:57:01 UTC,1946,51,160,,0,0,0,0,612
2021-06-11 08:57:01 UTC,1947,56,216,,0,0,0,0,612
2021-06-11 09:57:01 UTC,1948,60,276,,0,0,0,0,612
2021-06-11 10:57:01 UTC,1949,58,334,,0,0,0,0,612
2021-06-11 11:57:01 UTC,1950,41,375,,0,0,0,0,612
2021-06-11 12:57:01 UTC,1951,53,428,,0,0,0,0,612
2021-06-11 13:57:01 UTC,1952,46,474,,0,0,0,0,612
2021-06-11 14:57:01 UTC,1953,55,529,,0,0,0,0,612
2021-06-11 15:57:01 UTC,1954,49,578,,0,0,0,0,612
2021-06-11 16:57:01 UTC,1955,66,644,,0,0,0,0,612
2021-06-11 17:57:01 UTC,1956,15,659,,0,0,0,0,612
2021-06-11 18:57:01 UTC,1957,25,684,,0,0,0,0,612
2021-06-11 19:57:01 UTC,1958,8,692,,0,0,0,0,612
2021-06-11 20:57:01 UTC,1959,9,701,,3.9,0,0,0,612
2021-06-11 21:57:01 UTC,1960,,,701,,,,,
2021-06-11 22:57:01 UTC,1961,4,4,,0,0,0,0,715
2021-06-11 23:57:01 UTC,1962,0,4,,0,0,0,0,715
2021-06-12 00:57:01 UTC,1963,1,5,,0,0,0,0,715
2021-06-12 01:57:01 UTC,1964,2,7,,0,0,0,0,715
2021-06-12 02:57:01 UTC,1965,0,7,,0,0,0,0,715
2021-06-12 03:57:01 UTC,1966,3,10,,0,0,0,0,715
2021-06-12 04:57:01 UTC,1967,4,14,,0,0,0,0,715
2021-06-12 05:57:01 UTC,1968,10,24,,0,0,0,0,715
2021-06-12 06:57:01 UTC,1969,30,54,,3.9,0,0,0,715
2021-06-12 07:57:01 UTC,1970,47,101,,0,0,0,0,715
2021-06-12 08:57:01 UTC,1971,42,143,,0,0,0,0,715
2021-06-12 09:57:01 UTC,1972,65,208,,0,0,0,0,715
2021-06-12 10:57:01 UTC,1973,61,269,,0,0,0,0,715
2021-06-12 11:57:01 UTC,1974,42,311,,0,0,0,0,715
2021-06-12 12:57:01 UTC,1975,39,350,,0,0,0,0,715
2021-06-12 13:57:01 UTC,1976,43,393,,0,0,0,0,715
2021-06-12 14:57:01 UTC,1977,43,436,,0,0,0,0,715
2021-06-12 15:57:01 UTC,1978,48,484,,0,0,0,0,715
2021-06-12 16:57:01 UTC,1979,66,550,,0,0,0,0,715
2021-06-12 17:57:01 UTC,1980,51,601,,0,0,0,0,715
2021-06-12 18:57:01 UTC,1981,41,642,,0,0,0,0,715
2021-06-12 19:57:01 UTC,1982,14,656,,0,0,0,0,715
2021-06-12 20:57:01 UTC,1983,16,672,,0,0,0,0,715
2021-06-12 21:57:01 UTC,1984,,,672,,,,,
2021-06-12 22:57:01 UTC,1985,7,7,,0,0,0,0,680
2021-06-12 23:57:01 UTC,1986,1,8,,0,0,0,0,680
2021-06-13 00:57:01 UTC,1987,3,11,,0,0,0,0,680
2021-06-13 01:57:01 UTC,1988,4,15,,0,0,0,0,680
2021-06-13 02:57:01 UTC,1989,0,15,,0,0,0,0,680
2021-06-13 03:57:01 UTC,1990,3,18,,0,0,0,0,680
2021-06-13 04:57:01 UTC,1991,6,24,,0,0,0,0,680
2021-06-13 05:57:01 UTC,1992,12,36,,0,0,0,0,680
2021-06-13 06:57:01 UTC,1993,25,61,,0,0,0,0,680
2021-06-13 07:57:01 UTC,1994,55,116,,0,0,0,0,680
2021-06-13 08:57:01 UTC,1995,70,186,,0,0,0,0,680
2021-06-13 09:57:01 UTC,1996,61,247,,0,0,0,0,680
2021-06-13 10:57:01 UTC,1997,43,290,,0,0,0,0,680
2021-06-13 11:57:01 UTC,1998,30,320,,0,0,0,0,680
2021-06-13 12:57:01 UTC,1999,27,347,,0,0,0,0,680
2021-06-13 13:57:01 UTC,2000,29,376,,0,0,0,0,680
2021-06-13 14:57:01 UTC,2001,45,421,,0,0,0,0,680
2021-06-13 15:57:01 UTC,2002,38,459,,0,0,0,0,680
2021-06-13 16:57:01 UTC,2003,44,503,,0,0,0,0,680
2021-06-13 17:57:01 UTC,2004,43,546,,0,0,0,0,680
2021-06-13 18:57:01 UTC,2005,51,597,,0,0,0,0,680
2021-06-13 19:57:01 UTC,2006,29,626,,0,0,0,0,680
2021-06-13 20:57:01 UTC,2007,16,642,,0,0,0,0,680
2021-06-13 21:57:01 UTC,2008,,,642,,,,,
