created_at,entry_id,field1,field2,field3,field4,field5,field6,field7,field8
2021-07-01 00:57:01 UTC,2419,1,17,,0,0,0,0,669
2021-07-01 01:57:01 UTC,2420,4,21,,0,0,0,0,669
2021-07-01 02:57:01 UTC,2421,1,22,,0,0,0,0,669
2021-07-01 03:57:01 UTC,2422,2,24,,0,0,0,0,669
2021-07-01 04:57:01 UTC,2423,6,30,,0,0,0,0,669
2021-07-01 05:57:01 UTC,2424,12,42,,0,0,0,0,669
2021-07-01 06:57:01 UTC,2425,27,69,,0,0,0,0,669
2021-07-01 07:57:01 UTC,2426,31,100,,0,0,0,0,669
2021-07-01 08:57:01 UTC,2427,37,137,,0,0,0,0,669
2021-07-01 09:57:01 UTC,2428,43,180,,0,0,0,0,669
2021-07-01 10:57:01 UTC,2429,46,226,,0,0,0,0,669
2021-07-01 11:57:01 UTC,2430,37,263,,0,0,0,0,669
2021-07-01 12:57:01 UTC,2431,44,307,,0,0,0,0,669
2021-07-01 13:57:01 UTC,2432,45,352,,0,0,0,0,669
2021-07-01 14:57:01 UTC,2433,43,395,,0,0,0,0,669
2021-07-01 15:57:01 UTC,2434,41,436,,0,0,0,0,669
2021-07-01 16:57:01 UTC,2435,65,501,,0,0,0,0,669
2021-07-01 17:57:01 UTC,2436,50,551,,0,0,0,0,669
2021-07-01 18:57:01 UTC,2437,40,591,,0,0,0,0,669
2021-07-01 19:57:01 UTC,2438,31,622,,0,0,0,0,669
2021-07-01 20:57:01 UTC,2439,17,639,,0,0,0,0,669
2021-07-01 21:57:01 UTC,2440,,,639,,,,,
2021-07-01 22:57:01 UTC,2441,9,9,,0,0,0,0,653
2021-07-01 23:57:01 UTC,2442,4,13,,0,0,0,0,653
2021-07-02 00:57:01 UTC,2443,6,19,,0,0,0,0,653
2021-07-02 01:57:01 UTC,2444,2,21,,0,0,0,0,653
2021-07-02 02:57:01 UTC,2445,1,22,,0,0,0,0,653
2021-07-02 03:57:01 UTC,2446,0,22,,0,0,0,0,653
2021-07-02 04:57:01 UTC,2447,5,27,,0,0,0,0,653
2021-07-02 05:57:01 UTC,2448,19,46,,0,0,0,0,653
2021-07-02 06:57:01 UTC,2449,26,72,,0,0,0,0,653
2021-07-02 07:57:01 UTC,2450,28,100,,0,0,0,0,653
2021-07-02 08:57:01 UTC,2451,41,141,,0,0,0,0,653
2021-07-02 09:57:01 UTC,2452,54,195,,0,0,0,0,653
2021-07-02 10:57:01 UTC,2453,57,252,,0,0,0,0,653
2021-07-02 11:57:01 UTC,2454,39,291,,0,0,0,0,653
2021-07-02 12:57:01 UTC,2455,59,350,,0,0,0,0,653
2021-07-02 13:57:01 UTC,2456,56,406,,0,0,0,0,653
2021-07-02 14:57:01 UTC,2457,57,463,,0,0,0,0,653
2021-07-02 15:57:01 UTC,2458,39,502,,0,0,0,0,653
2021-07-02 16:57:01 UTC,2459,41,543,,0,0,0,0,653
2021-07-02 17:57:01 UTC,2460,44,587,,0,0,0,0,653
2021-07-02 18:57:01 UTC,2461,43,630,,0,0,0,0,653
2021-07-02 19:57:01 UTC,2462,37,667,,0,0,0,0,653
2021-07-02 20:57:01 UTC,2463,17,684,,0,0,0,0,653
2021-07-02 21:57:01 UTC,2464,,,684,,,,,
2021-07-02 22:57:01 UTC,2465,14,14,,0,0,0,0,702
2021-07-02 23:57:01 UTC,2466,6,20,,0,0,0,0,702
2021-07-03 00:57:01 UTC,2467,3,23,,0,0,0,0,702
2021-07-03 01:57:01 UTC,2468,2,25,,0,0,0,0,702
2021-07-03 02:57:01 UTC,2469,0,25,,0,0,0,0,702
2021-07-03 03:57:01 UTC,2470,3,28,,0,0,0,0,702
2021-07-03 04:57:01 UTC,2471,2,30,,0,0,0,0,702
2021-07-03 05:57:01 UTC,2472,6,36,,0,0,0,0,702
2021-07-03 06:57:01 UTC,2473,20,56,,0,0,0,0,702
2021-07-03 07:57:01 UTC,2474,18,74,,0,0,0,0,702
2021-07-03 08:57:01 UTC,2475,40,114,,0,0,0,0,702
2021-07-03 09:57:01 UTC,2476,50,164,,0,0,0,0,702
2021-07-03 10:57:01 UTC,2477,37,201,,0,0,0,0,702
2021-07-03 11:57:01 UTC,2478,36,237,,0,0,0,0,702
2021-07-03 12:57:01 UTC,2479,42,279,,0,0,0,0,702
2021-07-03 13:57:01 UTC,2480,29,308,,0,0,0,0,702
2021-07-03 14:57:01 UTC,2481,41,349,,0,0,0,0,702
2021-07-03 15:57:01 UTC,2482,39,388,,0,0,0,0,702
2021-07-03 16:57:01 UTC,2483,29,417,,0,0,0,0,702
2021-07-03 17:57:01 UTC,2484,57,474,,0,0,0,0,702
2021-07-03 18:57:01 UTC,2485,51,525,,0,0,0,0,702
2021-07-03 19:57:01 UTC,2486,25,550,,0,0,0,0,702
2021-07-03 20:57:01 UTC,2487,26,576,,0,0,0,0,702
2021-07-03 21:57:01 UTC,2488,,,576,,,,,
2021-07-03 22:57:01 UTC,2489,11,11,,0,0,0,1,586
2021-07-03 23:57:01 UTC,2490,3,14,,0,0,0,1,586
2021-07-04 00:57:01 UTC,2491,1,15,,0,0,0,1,586
2021-07-04 01:57:01 UTC,2492,0,15,,0,0,0,1,586
2021-07-04 02:57:01 UTC,2493,1,16,,0,0,0,1,586
2021-07-04 03:57:01 UTC,2494,1,17,,0,0,0,1,586
2021-07-04 04:57:01 UTC,2495,5,22,,0,0,0,1,586
2021-07-04 05:57:01 UTC,2496,15,37,,0,0,0,1,586
2021-07-04 06:57:01 UTC,2497,11,48,,0,0,0,1,586
2021-07-04 07:57:01 UTC,2498,22,70,,0,0,0,1,586
2021-07-04 08:57:01 UTC,2499,32,102,,0,0,0,1,586
2021-07-04 09:57:01 UTC,2500,38,140,,0,0,0,1,586
2021-07-04 10:57:01 UTC,2501,40,180,,0,0,0,1,586
2021-07-04 11:57:01 UTC,2502,24,204,,0,0,0,1,586
2021-07-04 12:57:01 UTC,2503,29,233,,0,0,0,1,586
2021-07-04 13:57:01 UTC,2504,19,252,,0,0,0,1,586
2021-07-04 14:57:01 UTC,2505,22,274,,0,0,0,1,586
2021-07-04 15:57:01 UTC,2506,30,304,,0,0,0,1,586
2021-07-04 16:57:01 UTC,2507,27,331,,0,0,0,1,586
2021-07-04 17:57:01 UTC,2508,42,373,,0,0,0,1,586
2021-07-04 18:57:01 UTC,2509,38,411,,0,0,0,1,586
2021-07-04 19:57:01 UTC,2510,34,445,,0,0,0,1,586
2021-07-04 20:57:01 UTC,2511,13,458,,0,0,0,1,586
2021-07-04 21:57:01 UTC,2512,,,458,,,,,
2021-07-04 22:57:01 UTC,2513,4,4,,0,0,0,0,467
2021-07-04 23:57:01 UTC,2514,5,9,,0,0,0,0,467
2021-07-05 00:57:01 UTC,2515,1,10,,0,0,0,0,467
2021-07-05 01:57:01 UTC,2516,0,10,,0,0,0,0,467
2021-07-05 02:57:01 UTC,2517,0,10,,0,0,0,0,467
2021-07-05 03:57:01 UTC,2518,1,11,,0,0,0,0,467
2021-07-05 04:57:01 UTC,2519,5,16,,0,0,0,0,467
2021-07-05 05:57:01 UTC,2520,8,24,,0,0,0,0,467
2021-07-05 06:57:01 UTC,2521,15,39,,0,0,0,0,467
2021-07-05 07:57:01 UTC,2522,28,67,,0,0,0,0,467
2021-07-05 08:57:01 UTC,2523,26,93,,0,0,0,0,467
2021-07-05 09:57:01 UTC,2524,50,143,,0,0,0,0,467
2021-07-05 10:57:01 UTC,2525,28,171,,0,0,0,0,467
2021-07-05 11:57:01 UTC,2526,39,210,,0,0,0,0,467
2021-07-05 12:57:01 UTC,2527,83,293,,0,0,0,0,467
2021-07-05 13:57:01 UTC,2528,62,355,,0,0,0,0,467
2021-07-05 14:57:01 UTC,2529,54,409,,0,0,0,0,467
2021-07-05 15:57:01 UTC,2530,34,443,,0,0,0,0,467
2021-07-05 16:57:01 UTC,2531,38,481,,0,0,0,0,467
2021-07-05 17:57:01 UTC,2532,38,519,,0,0,0,0,467
2021-07-05 18:57:01 UTC,2533,41,560,,0,0,0,0,467
2021-07-05 19:57:01 UTC,2534,41,601,,0,0,0,0,467
2021-07-05 20:57:01 UTC,2535,22,623,,0,0,0,0,467
2021-07-05 21:57:01 UTC,2536,,,623,,,,,
2021-07-05 22:57:01 UTC,2537,11,11,,0,0,0,0,629
2021-07-05 23:57:01 UTC,2538,0,11,,0,0,0,0,629
2021-07-06 00:57:01 UTC,2539,1,12,,0,0,0,0,629
2021-07-06 01:57:01 UTC,2540,0,12,,0,0,0,0,629
2021-07-06 02:57:01 UTC,2541,1,13,,0,0,0,0,629
2021-07-06 03:57:01 UTC,2542,2,15,,0,0,0,0,629
2021-07-06 04:57:01 UTC,2543,8,23,,0,0,0,0,629
2021-07-06 05:57:01 UTC,2544,16,39,,0,0,0,0,629
2021-07-06 06:57:01 UTC,2545,22,61,,0,0,0,0,629
2021-07-06 07:57:01 UTC,2546,21,82,,0,0,0,0,629
2021-07-06 08:57:01 UTC,2547,46,128,,0,0,0,0,629
2021-07-06 09:57:01 UTC,2548,46,174,,0,0,0,0,629
2021-07-06 10:57:01 UTC,2549,32,206,,0,0,0,0,629
2021-07-06 11:57:01 UTC,2550,36,242,,0,0,0,0,629
2021-07-06 12:57:01 UTC,2551,66,308,,0,0,0,0,629
2021-07-06 13:57:01 UTC,2552,43,351,,0,0,0,0,629
2021-07-06 14:57:01 UTC,2553,45,396,,0,0,0,0,629
2021-07-06 15:57:01 UTC,2554,29,425,,0,0,0,0,629
2021-07-06 16:57:01 UTC,2555,36,461,,0,0,0,0,629
2021-07-06 17:57:01 UTC,2556,48,509,,0,0,0,0,629
2021-07-06 18:57:01 UTC,2557,41,550,,0,0,0,0,629
2021-07-06 19:57:01 UTC,2558,27,577,,0,0,0,0,629
2021-07-06 20:57:01 UTC,2559,17,594,,0,0,0,0,629
2021-07-06 21:57:01 UTC,2560,,,594,,,,,
2021-07-06 22:57:01 UTC,2561,16,16,,0,0,0,0,613
2021-07-06 23:57:01 UTC,2562,9,25,,0,0,0,0,613
2021-07-07 00:57:01 UTC,2563,0,25,,0,0,0,0,613
2021-07-07 01:57:01 UTC,2564,1,26,,0,0,0,0,613
2021-07-07 02:57:01 UTC,2565,1,27,,0,0,0,0,613
2021-07-07 03:57:01 UTC,2566,1,28,,0,0,0,0,613
2021-07-07 04:57:01 UTC,2567,3,31,,0,0,0,0,613
2021-07-07 05:57:01 UTC,2568,15,46,,0,0,0,0,613
2021-07-07 06:57:01 UTC,2569,17,63,,0,0,0,0,613
2021-07-07 07:57:01 UTC,2570,27,90,,0,0,0,0,613
2021-07-07 08:57:01 UTC,2571,23,113,,0,0,0,0,613
2021-07-07 09:57:01 UTC,2572,39,152,,0,0,0,0,613
2021-07-07 10:57:01 UTC,2573,46,198,,0,0,0,0,613
2021-07-07 11:57:01 UTC,2574,38,236,,0,0,0,0,613
2021-07-07 12:57:01 UTC,2575,43,279,,0,0,0,0,613
2021-07-07 13:57:01 UTC,2576,28,307,,0,0,0,0,613
2021-07-07 14:57:01 UTC,2577,32,339,,0,0,0,0,613
2021-07-07 15:57:01 UTC,2578,48,387,,0,0,0,0,613
2021-07-07 16:57:01 UTC,2579,56,443,,0,0,0,0,613
2021-07-07 17:57:01 UTC,2580,38,481,,0,0,0,0,613
2021-07-07 18:57:01 UTC,2581,35,516,,0,0,0,0,613
2021-07-07 19:57:01 UTC,2582,31,547,,0,0,0,0,613
2021-07-07 20:57:01 UTC,2583,14,561,,0,0,0,0,613
2021-07-07 21:57:01 UTC,2584,,,561,,,,,
2021-07-07 22:57:01 UTC,2585,10,10,,0,0,0,0,572
2021-07-07 23:57:01 UTC,2586,2,12,,0,0,0,0,572
2021-07-08 00:57:01 UTC,2587,0,12,,0,0,0,0,572
2021-07-08 01:57:01 UTC,2588,0,12,,0,0,0,0,572
2021-07-08 02:57:01 UTC,2589,1,13,,0,0,0,0,572
2021-07-08 03:57:01 UTC,2590,0,13,,0,0,0,0,572
2021-07-08 04:57:01 UTC,2591,6,19,,0,0,0,0,572
2021-07-08 05:57:01 UTC,2592,9,28,,0,0,0,0,572
2021-07-08 06:57:01 UTC,2593,14,42,,0,0,0,0,572
2021-07-08 07:57:01 UTC,2594,21,63,,0,0,0,0,572
2021-07-08 08:57:01 UTC,2595,23,86,,0,0,0,0,572
2021-07-08 09:57:01 UTC,2596,10,96,,0,0,0,0,572
2021-07-08 10:57:01 UTC,2597,14,110,,0,0,0,0,572
2021-07-08 11:57:01 UTC,2598,21,131,,0,0,0,0,572
2021-07-08 12:57:01 UTC,2599,45,176,,0,0,0,0,572
2021-07-08 13:57:01 UTC,2600,34,210,,0,0,0,0,572
2021-07-08 14:57:01 UTC,2601,33,243,,0,0,0,0,572
2021-07-08 15:57:01 UTC,2602,39,282,,0,0,0,0,572
2021-07-08 16:57:01 UTC,2603,50,332,,0,0,0,0,572
2021-07-08 17:57:01 UTC,2604,50,382,,0,0,0,0,572
2021-07-08 18:57:01 UTC,2605,32,414,,0,0,0,0,572
2021-07-08 19:57:01 UTC,2606,7,421,,0,0,0,0,572
2021-07-08 20:57:01 UTC,2607,10,431,,0,0,0,0,572
2021-07-08 21:57:01 UTC,2608,,,431,,,,,
2021-07-08 22:57:01 UTC,2609,8,8,,0,0,0,0,440
2021-07-08 23:57:01 UTC,2610,1,9,,0,0,0,0,440
2021-07-09 00:57:01 UTC,2611,0,9,,0,0,0,0,440
2021-07-09 01:57:01 UTC,2612,1,10,,0,0,0,0,440
2021-07-09 02:57:01 UTC,2613,0,10,,0,0,0,0,440
2021-07-09 03:57:01 UTC,2614,3,13,,0,0,0,0,440
2021-07-09 04:57:01 UTC,2615,2,15,,0,0,0,0,440
2021-07-09 05:57:01 UTC,2616,15,30,,0,0,0,0,440
2021-07-09 06:57:01 UTC,2617,21,51,,0,0,0,0,440
2021-07-09 07:57:01 UTC,2618,19,70,,0,0,0,0,440
2021-07-09 08:57:01 UTC,2619,41,111,,0,0,0,0,440
2021-07-09 09:57:01 UTC,2620,31,142,,0,0,0,0,440
2021-07-09 10:57:01 UTC,2621,48,190,,0,0,0,0,440
2021-07-09 11:57:01 UTC,2622,37,227,,0,0,0,0,440
2021-07-09 12:57:01 UTC,2623,40,267,,0,0,0,0,440
2021-07-09 13:57:01 UTC,2624,41,308,,0,0,0,0,440
2021-07-09 14:57:01 UTC,2625,44,352,,0,0,0,0,440
2021-07-09 15:57:01 UTC,2626,35,387,,0,0,0,0,440
2021-07-09 16:57:01 UTC,2627,49,436,,0,0,0,0,440
2021-07-09 17:57:01 UTC,2628,50,486,,0,0,0,0,440
2021-07-09 18:57:01 UTC,2629,37,523,,0,0,0,0,440
2021-07-09 19:57:01 UTC,2630,35,558,,0,0,0,0,440
2021-07-09 20:57:01 UTC,2631,25,583,,0,0,0,0,440
2021-07-09 21:57:01 UTC,2632,,,583,,,,,
2021-07-09 22:57:01 UTC,2633,6,6,,0,0,0,0,595
2021-07-09 23:57:01 UTC,2634,3,9,,0,0,0,0,595
2021-07-10 00:57:01 UTC,2635,1,10,,0,0,0,0,595
2021-07-10 01:57:01 UTC,2636,2,12,,0,0,0,0,595
2021-07-10 02:57:01 UTC,2637,0,12,,0,0,0,0,595
2021-07-10 03:57:01 UTC,2638,0,12,,0,0,0,0,595
2021-07-10 04:57:01 UTC,2639,3,15,,0,0,0,0,595
2021-07-10 05:57:01 UTC,2640,13,28,,0,0,0,0,595
2021-07-10 06:57:01 UTC,2641,13,41,,0,0,0,0,595
2021-07-10 07:57:01 UTC,2642,17,58,,0,0,0,0,595
2021-07-10 08:57:01 UTC,2643,34,92,,0,0,0,0,595
2021-07-10 09:57:01 UTC,2644,43,135,,0,0,0,0,595
2021-07-10 10:57:01 UTC,2645,38,173,,0,0,0,0,595
2021-07-10 11:57:01 UTC,2646,27,200,,0,0,0,0,595
2021-07-10 12:57:01 UTC,2647,47,247,,0,0,0,0,595
2021-07-10 13:57:01 UTC,2648,33,280,,0,0,0,0,595
2021-07-10 14:57:01 UTC,2649,26,306,,0,0,0,0,595
2021-07-10 15:57:01 UTC,2650,38,344,,0,0,0,0,595
2021-07-10 16:57:01 UTC,2651,51,395,,0,0,0,0,595
2021-07-10 17:57:01 UTC,2652,37,432,,0,0,0,0,595
2021-07-10 18:57:01 UTC,2653,53,485,,0,0,0,0,595
2021-07-10 19:57:01 UTC,2654,22,507,,0,0,0,0,595
2021-07-10 20:57:01 UTC,2655,21,528,,0,0,0,0,595
2021-07-10 21:57:01 UTC,2656,,,528,,,,,
