created_at,entry_id,field1,field2,field3,field4,field5,field6,field7,field8
2021-04-01 00:57:01 UTC,554,0,2,,0,0,0,0,548
2021-04-01 01:57:01 UTC,555,1,3,,0,0,0,0,548
2021-04-01 02:57:01 UTC,556,0,3,,4,0,0,0,548
2021-04-01 03:57:01 UTC,557,0,3,,0,0,0,0,548
2021-04-01 04:57:01 UTC,558,3,6,,0,0,0,0,548
2021-04-01 05:57:01 UTC,559,21,27,,0,0,0,0,548
2021-04-01 06:57:01 UTC,560,18,45,,4,0,0,0,548
2021-04-01 07:57:01 UTC,561,47,93,,0,0,0,0,548
2021-04-01 08:57:01 UTC,562,29,122,,0,0,0,0,548
2021-04-01 09:57:01 UTC,563,28,150,,0,0,0,0,548
2021-04-01 10:57:01 UTC,564,55,205,,0,0,0,0,548
2021-04-01 11:57:01 UTC,565,61,266,,0,0,0,0,548
2021-04-01 12:57:01 UTC,566,60,326,,0,0,0,0,548
2021-04-01 13:57:01 UTC,567,30,356,,0,0,0,0,548
2021-04-01 14:57:01 UTC,568,40,396,,0,0,0,0,548
2021-04-14 22:56:01 UTC,569,0,0,,0,0,0,0,0
2021-04-14 23:56:01 UTC,570,0,0,,0,0,0,0,0
2021-04-15 00:56:01 UTC,571,0,0,,0,0,0,0,0
2021-04-15 01:56:01 UTC,572,0,0,,0,0,0,0,0
2021-04-15 02:56:01 UTC,573,0,0,,0,0,0,0,0
2021-04-15 03:56:01 UTC,574,0,0,,0,0,0,0,0
2021-04-15 04:56:01 UTC,575,0,0,,0,0,0,0,0
2021-04-15 05:56:01 UTC,576,0,0,,0,0,0,0,0
2021-04-15 06:56:01 UTC,577,0,0,,0,0,0,0,0
2021-04-15 07:56:01 UTC,578,0,0,,0,0,0,0,0
2021-04-15 08:56:01 UTC,579,0,0,,0,0,0,0,0
2021-04-15 09:56:01 UTC,580,0,0,,0,0,0,0,0
2021-04-15 10:56:01 UTC,581,0,0,,0,0,0,0,0
2021-04-15 11:56:01 UTC,582,0,0,,0,0,0,0,0
2021-04-15 12:56:01 UTC,583,0,0,,3.9,0,0,0,0
2021-04-15 13:56:01 UTC,584,0,0,,0,0,0,0,0
2021-04-15 14:56:01 UTC,585,0,0,,0,0,0,0,0
2021-04-15 15:56:01 UTC,586,0,0,,0,0,0,0,0
2021-04-15 16:56:01 UTC,587,0,0,,0,0,0,0,0
2021-04-15 17:56:01 UTC,588,0,0,,0,0,0,0,0
2021-04-15 18:56:01 UTC,589,0,0,,0,0,0,0,0
2021-04-15 19:56:01 UTC,590,0,0,,0,0,0,0,0
2021-04-15 20:56:01 UTC,591,0,0,,0,0,0,0,0
2021-04-15 21:56:01 UTC,592,1,1,1,0,0,0,0,0
2021-04-15 22:57:01 UTC,593,0,0,,0,0,0,0,0
2021-04-15 23:57:01 UTC,594,0,0,,0,0,0,0,0
2021-04-16 00:57:01 UTC,595,0,0,,0,0,0,0,0
2021-04-16 01:57:01 UTC,596,0,0,,0,0,0,0,0
2021-04-16 02:57:01 UTC,597,0,0,,0,0,0,0,0
2021-04-16 03:57:01 UTC,598,0,0,,0,0,0,0,0
2021-04-16 04:57:01 UTC,599,0,0,,0,0,0,0,0
2021-04-16 05:57:01 UTC,600,0,0,,0,0,0,0,0
2021-04-16 06:57:01 UTC,601,0,0,,0,0,0,0,0
2021-04-16 07:57:01 UTC,602,0,0,,0,0,0,0,0
2021-04-16 08:57:01 UTC,603,0,0,,0,0,0,0,0
2021-04-16 09:57:01 UTC,604,0,0,,0,0,0,0,0
2021-04-16 10:57:01 UTC,605,0,0,,0,0,0,0,0
2021-04-16 11:57:01 UTC,606,0,0,,0,0,0,0,0
2021-04-16 12:57:01 UTC,607,2,2,,0,0,0,0,0
2021-04-16 13:57:01 UTC,608,4,6,,0,0,0,0,0
2021-04-16 14:57:01 UTC,609,0,6,,3.9,0,0,0,0
2021-04-16 15:57:01 UTC,610,0,0,,0,0,0,0,0
2021-04-16 16:57:01 UTC,611,0,0,,0,0,0,0,0
2021-04-16 17:57:01 UTC,612,57,57,,0,0,0,0,0
2021-04-16 18:57:01 UTC,613,29,86,,3.9,0,0,0,0
2021-04-16 19:57:01 UTC,614,31,118,,0,0,0,0,0
2021-04-16 20:57:01 UTC,615,16,134,,3.9,0,0,0,0
2021-04-16 21:57:01 UTC,616,,,134,,,,,
2021-04-16 22:57:01 UTC,617,0,0,,0,0,0,0,138
2021-04-16 23:57:01 UTC,618,0,0,,0,0,0,0,138
2021-04-17 00:57:01 UTC,619,0,0,,0,0,0,0,138
2021-04-17 01:57:01 UTC,620,0,0,,0,0,0,0,138
2021-04-17 02:57:01 UTC,621,0,0,,3.9,0,0,0,138
2021-04-17 03:57:01 UTC,622,0,0,,0,0,0,0,138
2021-04-17 04:57:01 UTC,623,2,2,,0,0,0,0,138
2021-04-17 05:57:01 UTC,624,10,12,,0,0,0,0,138
2021-04-17 06:57:01 UTC,625,24,36,,3.9,0,0,0,138
2021-04-17 07:57:01 UTC,626,44,80,,0,0,0,0,138
2021-04-17 08:57:01 UTC,627,78,158,,0,0,0,0,138
2021-04-17 09:57:01 UTC,628,89,247,,0,0,0,0,138
2021-04-17 10:57:01 UTC,629,78,325,,0,0,0,0,138
2021-04-17 11:57:01 UTC,630,70,395,,0,0,0,0,138
2021-04-17 12:57:01 UTC,631,44,439,,0,0,0,0,138
2021-04-17 13:57:01 UTC,632,78,517,,0,0,0,0,138
2021-04-17 14:57:01 UTC,633,57,574,,0,0,0,0,138
2021-04-17 15:57:01 UTC,634,91,665,,0,0,0,0,138
2021-04-17 16:57:01 UTC,635,73,738,,0,0,0,0,138
2021-04-17 17:57:01 UTC,636,46,784,,0,0,0,0,138
2021-04-17 18:57:01 UTC,637,30,814,,3.9,0,0,0,138
2021-04-17 19:57:01 UTC,638,30,844,,0,0,0,0,138
2021-04-17 20:57:01 UTC,639,13,857,,3.9,0,0,0,138
2021-04-17 21:57:01 UTC,640,,,857,,,,,
2021-04-17 22:57:01 UTC,641,0,0,,0,0,0,0,864
2021-04-17 23:57:01 UTC,642,0,0,,0,0,0,0,864
2021-04-18 00:57:01 UTC,643,0,0,,0,0,0,0,864
2021-04-18 01:57:01 UTC,644,0,0,,0,0,0,0,864
2021-04-18 02:57:01 UTC,645,0,0,,3.9,0,0,0,864
2021-04-18 03:57:01 UTC,646,0,0,,0,0,0,0,864
2021-04-18 04:57:01 UTC,647,5,5,,0,0,0,0,864
2021-04-18 05:57:01 UTC,648,16,21,,0,0,0,0,864
2021-04-18 06:57:01 UTC,649,19,40,,3.9,0,0,0,864
2021-04-18 07:57:01 UTC,650,32,74,,0,0,0,0,864
2021-04-18 08:57:01 UTC,651,61,135,,0,0,0,0,864
2021-04-18 09:57:01 UTC,652,52,187,,0,0,0,0,864
2021-04-18 10:57:01 UTC,653,48,235,,3.9,0,0,0,864
2021-04-18 11:57:01 UTC,654,23,258,,0,0,0,0,864
2021-04-18 12:57:01 UTC,655,19,277,,0,0,0,0,864
2021-04-18 13:57:01 UTC,656,7,284,,0,0,0,0,864
2021-04-18 14:57:01 UTC,657,12,296,,3.9,0,0,0,864
2021-04-18 15:57:01 UTC,658,0,297,,0,0,0,0,864
2021-04-18 16:57:01 UTC,659,3,300,,0,0,0,0,864
2021-04-18 17:57:01 UTC,660,3,303,,0,0,0,0,864
2021-04-18 18:57:01 UTC,661,4,307,,3.9,0,0,0,864
2021-04-18 19:57:01 UTC,662,2,311,,0,0,0,0,864
2021-04-18 20:57:01 UTC,663,0,311,,3.9,0,0,0,864
2021-04-18 21:57:01 UTC,664,,,311,,,,,
2021-04-18 22:57:01 UTC,665,0,0,,0,0,0,0,315
2021-04-18 23:57:01 UTC,666,0,0,,0,0,0,0,315
2021-04-19 00:57:01 UTC,667,0,0,,0,0,0,0,315
2021-04-19 01:57:01 UTC,668,0,0,,0,0,0,0,315
2021-04-19 02:57:01 UTC,669,0,0,,3.9,0,0,0,315
2021-04-19 03:57:01 UTC,670,1,1,,0,0,0,0,315
2021-04-19 04:57:01 UTC,671,9,10,,0,0,0,0,315
2021-04-19 05:57:01 UTC,672,14,24,,0,0,0,0,315
2021-04-19 06:57:01 UTC,673,28,52,,3.9,0,0,0,315
2021-04-19 07:57:01 UTC,674,29,83,,0,0,0,0,315
2021-04-19 08:57:01 UTC,675,33,116,,0,0,0,0,315
2021-04-19 09:57:01 UTC,676,43,159,,0,0,0,0,315
2021-04-19 10:57:01 UTC,677,38,197,,3.9,0,0,0,315
2021-04-19 11:57:01 UTC,678,13,211,,0,0,0,0,315
2021-04-19 12:57:01 UTC,679,1,212,,0,0,0,0,315
2021-04-19 13:57:01 UTC,680,4,216,,0,0,0,0,315
2021-04-19 14:57:01 UTC,681,6,222,,3.9,0,0,0,315
2021-04-19 15:57:01 UTC,682,3,225,,0,0,0,0,315
2021-04-19 16:57:01 UTC,683,3,228,,0,0,0,0,315
2021-04-19 17:57:01 UTC,684,8,236,,0,0,0,0,315
2021-04-19 18:57:01 UTC,685,11,247,,3.9,0,0,0,315
2021-04-19 19:57:01 UTC,686,11,259,,0,0,0,0,315
2021-04-19 20:57:01 UTC,687,5,264,,3.9,0,0,0,315
2021-04-19 21:57:01 UTC,688,,,264,,,,,
2021-04-19 22:57:01 UTC,689,0,0,,0,0,0,0,267
2021-04-19 23:57:01 UTC,690,0,0,,0,0,0,0,267
2021-04-20 00:57:01 UTC,691,0,0,,0,0,0,0,267
2021-04-20 01:57:01 UTC,692,0,0,,0,0,0,0,267
2021-04-20 02:57:01 UTC,693,0,0,,3.9,0,0,0,267
2021-04-20 03:57:01 UTC,694,3,3,,0,0,0,0,267
2021-04-20 04:57:01 UTC,695,10,13,,0,0,0,0,267
2021-04-20 05:57:01 UTC,696,25,38,,0,0,0,0,267
2021-04-20 06:57:01 UTC,697,28,66,,3.9,0,0,0,267
2021-04-20 07:57:01 UTC,698,54,127,,0,0,0,0,267
2021-04-20 08:57:01 UTC,699,42,169,,0,0,0,0,267
2021-04-20 09:57:01 UTC,700,59,228,,0,0,0,0,267
2021-04-20 10:57:01 UTC,701,34,262,,0,0,0,0,267
2021-04-20 11:57:01 UTC,702,61,323,,0,0,0,0,267
2021-04-20 12:57:01 UTC,703,14,337,,0,0,0,0,267
2021-04-20 13:57:01 UTC,704,23,360,,0,0,0,0,267
2021-04-20 14:57:01 UTC,705,25,385,,0,0,0,0,267
2021-04-20 15:57:01 UTC,706,25,410,,0,0,0,0,267
2021-04-20 16:57:01 UTC,707,42,452,,0,0,0,0,267
2021-04-20 17:57:01 UTC,708,30,482,,0,0,0,0,267
2021-04-20 18:57:01 UTC,709,13,495,,0,0,0,0,267
2021-04-20 19:57:01 UTC,710,10,505,,0,0,0,0,267
2021-04-20 20:57:01 UTC,711,10,515,,3.9,0,0,0,267
2021-04-20 21:57:01 UTC,712,,,515,,,,,
2021-04-20 22:57:01 UTC,713,2,2,,0,0,0,0,520
2021-04-20 23:57:01 UTC,714,0,2,,0,0,0,0,520
2021-04-21 00:57:01 UTC,715,0,2,,0,0,0,0,520
2021-04-21 01:57:01 UTC,716,0,2,,0,0,0,0,520
2021-04-21 02:57:01 UTC,717,0,2,,3.9,0,0,0,520
2021-04-21 03:57:01 UTC,718,2,4,,0,0,0,0,520
2021-04-21 04:57:01 UTC,719,7,11,,0,0,0,0,520
2021-04-21 05:57:01 UTC,720,14,25,,0,0,0,0,520
2021-04-21 06:57:01 UTC,721,31,56,,3.9,0,0,0,520
2021-04-21 07:57:01 UTC,722,55,121,,0,0,0,0,520
2021-04-21 08:57:01 UTC,723,62,183,,0,0,0,0,520
2021-04-21 09:57:01 UTC,724,62,245,,0,0,0,0,520
2021-04-21 10:57:01 UTC,725,41,286,,0,0,0,0,520
2021-04-21 11:57:01 UTC,726,44,330,,0,0,0,0,520
2021-04-21 12:57:01 UTC,727,30,360,,0,0,0,0,520
2021-04-21 13:57:01 UTC,728,51,411,,0,0,0,0,520
2021-04-21 14:57:01 UTC,729,43,454,,0,0,0,0,520
2021-04-21 15:57:01 UTC,730,43,497,,0,0,0,0,520
2021-04-21 16:57:01 UTC,731,29,526,,0,0,0,0,520
2021-04-21 17:57:01 UTC,732,33,559,,0,0,0,0,520
2021-04-21 18:57:01 UTC,733,15,574,,3.9,0,0,0,520
2021-04-21 19:57:01 UTC,734,19,593,,0,0,0,0,520
2021-04-21 20:57:01 UTC,735,5,598,,3.9,0,0,0,520
2021-04-21 21:57:01 UTC,736,,,598,,,,,
2021-04-21 22:57:01 UTC,737,0,0,,0,0,0,0,602
2021-04-21 23:57:01 UTC,738,0,0,,0,0,0,0,602
2021-04-22 00:57:01 UTC,739,0,0,,0,0,0,0,602
2021-04-22 01:57:01 UTC,740,0,0,,0,0,0,0,602
2021-04-22 02:57:01 UTC,741,0,0,,3.9,0,0,0,602
2021-04-22 03:57:01 UTC,742,0,0,,0,0,0,0,602
2021-04-22 04:57:01 UTC,743,4,4,,0,0,0,0,602
2021-04-22 05:57:01 UTC,744,10,14,,0,0,0,0,602
2021-04-22 06:57:01 UTC,745,18,32,,3.9,0,0,0,602
2021-04-22 07:57:01 UTC,746,25,57,,0,0,0,0,602
2021-04-22 08:57:01 UTC,747,37,94,,0,0,0,0,602
2021-04-22 09:57:01 UTC,748,23,117,,0,0,0,0,602
2021-04-22 10:57:01 UTC,749,30,147,,3.9,0,0,0,602
2021-04-22 11:57:01 UTC,750,27,174,,0,0,0,0,602
2021-04-22 12:57:01 UTC,751,19,193,,0,0,0,0,602
2021-04-22 13:57:01 UTC,752,22,215,,0,0,0,0,602
2021-04-22 14:57:01 UTC,753,34,249,,0,0,0,0,602
2021-04-22 15:57:01 UTC,754,26,275,,0,0,0,0,602
2021-04-22 16:57:01 UTC,755,23,298,,0,0,0,0,602
2021-04-22 17:57:01 UTC,756,25,323,,0,0,0,0,602
2021-04-22 18:57:01 UTC,757,14,337,,3.9,0,0,0,602
2021-04-22 19:57:01 UTC,758,19,356,,0,0,0,0,602
2021-04-22 20:57:01 UTC,759,7,363,,3.9,0,0,0,602
2021-04-22 21:57:01 UTC,760,,,363,,,,,
2021-04-22 22:57:01 UTC,761,1,1,,0,0,0,0,365
2021-04-22 23:57:01 UTC,762,1,2,,0,0,0,0,365
2021-04-23 00:57:01 UTC,763,0,2,,0,0,0,0,365
2021-04-23 01:57:01 UTC,764,0,2,,0,0,0,0,365
2021-04-23 02:57:01 UTC,765,0,2,,3.9,0,0,0,365
2021-04-23 03:57:01 UTC,766,3,5,,0,0,0,15,365
2021-04-23 04:57:01 UTC,767,8,13,,0,0,0,15,365
2021-04-23 05:57:01 UTC,768,10,23,,0,0,0,15,365
2021-04-23 06:57:01 UTC,769,36,59,,0,0,0,15,365
2021-04-23 07:57:01 UTC,770,44,103,,0,0,0,15,365
2021-04-23 08:57:01 UTC,771,59,162,,0,0,0,15,365
2021-04-23 09:57:01 UTC,772,88,250,,0,0,0,15,365
2021-04-23 10:57:01 UTC,773,53,303,,0,0,0,15,365
2021-04-23 11:57:01 UTC,774,48,351,,0,0,0,15,365
2021-04-23 12:57:01 UTC,775,37,388,,0,0,0,15,365
2021-04-23 13:57:01 UTC,776,37,425,,0,0,0,15,365
2021-04-23 14:57:01 UTC,777,38,463,,0,0,0,15,365
2021-04-23 15:57:01 UTC,778,22,485,,0,0,0,15,365
2021-04-23 16:57:01 UTC,779,24,509,,0,0,0,15,365
2021-04-23 17:57:01 UTC,780,35,544,,0,0,0,15,365
2021-04-23 18:57:01 UTC,781,12,556,,0,0,0,15,365
2021-04-23 19:57:01 UTC,782,25,581,,0,0,0,15,365
2021-04-23 20:57:01 UTC,783,10,591,,3.9,0,0,15,365
2021-04-23 21:57:01 UTC,784,,,591,,,,,
2021-04-23 22:57:01 UTC,785,1,1,,0,0,0,0,596
2021-04-23 23:57:01 UTC,786,0,1,,0,0,0,0,596
2021-04-24 00:57:01 UTC,787,0,1,,0,0,0,0,596
2021-04-24 01:57:01 UTC,788,0,1,,0,0,0,0,596
2021-04-24 02:57:01 UTC,789,0,1,,3.9,0,0,0,596
2021-04-24 03:57:01 UTC,790,3,4,,0,0,0,0,596
2021-04-24 04:57:01 UTC,791,9,13,,0,0,0,0,596
2021-04-24 05:57:01 UTC,792,14,27,,0,0,0,0,596
2021-04-24 06:57:01 UTC,793,29,56,,3.9,0,0,0,596
2021-04-24 07:57:01 UTC,794,52,114,,0,0,0,0,596
2021-04-24 08:57:01 UTC,795,96,210,,0,0,0,0,596
2021-04-24 09:57:01 UTC,796,101,311,,0,0,0,0,596
2021-04-24 10:57:01 UTC,797,89,400,,0,0,0,0,596
2021-04-24 11:57:01 UTC,798,49,449,,0,0,0,0,596
2021-04-24 12:57:01 UTC,799,74,523,,0,0,0,0,596
2021-04-24 13:57:01 UTC,800,88,611,,0,0,0,0,596
2021-04-24 14:57:01 UTC,801,90,701,,0,0,0,0,596
2021-04-24 15:57:01 UTC,802,58,759,,0,0,0,0,596
2021-04-24 16:57:01 UTC,803,69,828,,0,0,0,0,596
2021-04-24 17:57:01 UTC,804,76,904,,0,0,0,0,596
2021-04-24 18:57:01 UTC,805,37,941,,0,0,0,0,596
2021-04-24 19:57:01 UTC,806,24,965,,0,0,0,0,596
2021-04-24 20:57:01 UTC,807,14,979,,3.9,0,0,0,596
2021-04-24 21:57:01 UTC,808,,,979,,,,,
2021-04-24 22:57:01 UTC,809,0,0,,0,0,0,0,984
2021-04-24 23:57:01 UTC,810,0,0,,0,0,0,0,984
2021-04-25 00:57:01 UTC,811,0,0,,0,0,0,0,984
2021-04-25 01:57:01 UTC,812,0,0,,0,0,0,0,984
2021-04-25 02:57:01 UTC,813,0,0,,3.9,0,0,0,984
2021-04-25 03:57:01 UTC,814,0,0,,0,0,0,0,984
2021-04-25 04:57:01 UTC,815,3,3,,0,0,0,0,984
2021-04-25 05:57:01 UTC,816,14,17,,0,0,0,0,984
2021-04-25 06:57:01 UTC,817,39,56,,3.9,0,0,0,984
2021-04-25 07:57:01 UTC,818,76,134,,0,0,0,0,984
2021-04-25 08:57:01 UTC,819,106,240,,0,0,0,0,984
2021-04-25 09:57:01 UTC,820,103,343,,0,0,0,0,984
2021-04-25 10:57:01 UTC,821,109,452,,0,0,0,0,984
2021-04-25 11:57:01 UTC,822,60,512,,0,0,0,0,984
2021-04-25 12:57:01 UTC,823,66,578,,0,0,0,0,984
2021-04-25 13:57:01 UTC,824,65,643,,0,0,0,0,984
2021-04-25 14:57:01 UTC,825,65,708,,0,0,0,0,984
2021-04-25 15:57:01 UTC,826,69,777,,0,0,0,0,984
2021-04-25 16:57:01 UTC,827,67,844,,0,0,0,0,984
2021-04-25 17:57:01 UTC,828,78,922,,0,0,0,0,984
2021-04-25 18:57:01 UTC,829,49,971,,0,0,0,0,984
2021-04-25 19:57:01 UTC,830,28,999,,0,0,0,0,984
2021-04-25 20:57:01 UTC,831,7,1006,,3.9,0,0,0,984
2021-04-25 21:57:01 UTC,832,,,1006,,,,,
2021-04-25 22:57:01 UTC,833,2,2,,0,0,0,0,1009
2021-04-25 23:57:01 UTC,834,0,2,,0,0,0,0,1009
2021-04-26 00:57:01 UTC,835,0,2,,0,0,0,0,1009
2021-04-26 01:57:01 UTC,836,0,2,,0,0,0,0,1009
2021-04-26 02:57:01 UTC,837,0,2,,3.9,0,0,0,1009
2021-04-26 03:57:01 UTC,838,1,3,,0,0,0,0,1009
2021-04-26 04:57:01 UTC,839,9,12,,0,0,0,0,1009
2021-04-26 05:57:01 UTC,840,17,29,,0,0,0,0,1009
2021-04-26 06:57:01 UTC,841,39,68,,3.9,0,0,0,1009
2021-04-26 07:57:01 UTC,842,39,107,,0,0,0,0,1009
2021-04-26 08:57:01 UTC,843,44,151,,0,0,0,0,1009
2021-04-26 09:57:01 UTC,844,37,188,,0,0,0,0,1009
2021-04-26 10:57:01 UTC,845,38,226,,0,0,0,0,1009
2021-04-26 11:57:01 UTC,846,58,284,,0,0,0,0,1009
2021-04-26 12:57:01 UTC,847,68,352,,0,0,0,0,1009
2021-04-26 13:57:01 UTC,848,62,414,,0,0,0,0,1009
2021-04-26 14:57:01 UTC,849,54,468,,0,0,0,0,1009
2021-04-26 15:57:01 UTC,850,36,504,,0,0,0,0,1009
2021-04-26 16:57:01 UTC,851,39,543,,0,0,0,0,1009
2021-04-26 17:57:01 UTC,852,47,590,,0,0,0,0,1009
2021-04-26 18:57:01 UTC,853,21,611,,0,0,0,0,1009
