created_at,entry_id,field1,field2,field3,field4,field5,field6,field7,field8
2021-11-01 00:57:01 UTC,5391,4,11,,0,0,0,0,350
2021-11-01 01:57:01 UTC,5392,3,14,,0,0,0,0,350
2021-11-01 02:57:01 UTC,5393,0,14,,0,0,0,0,350
2021-11-01 03:57:01 UTC,5394,6,20,,4,0,0,0,350
2021-11-01 04:57:01 UTC,5395,0,20,,0,0,0,0,350
2021-11-01 05:57:01 UTC,5396,3,23,,0,0,0,0,350
2021-11-01 06:57:01 UTC,5397,8,31,,0,0,0,0,350
2021-11-01 07:57:01 UTC,5398,7,38,,4,0,0,0,350
2021-11-01 08:57:01 UTC,5399,18,56,,0,0,0,0,350
2021-11-01 09:57:01 UTC,5400,14,70,,0,0,0,0,350
2021-11-01 10:57:01 UTC,5401,15,85,,0,0,0,0,350
2021-11-01 11:57:01 UTC,5402,15,100,,4,0,0,0,350
2021-11-01 12:57:01 UTC,5403,21,123,,0,0,0,0,350
2021-11-01 13:57:01 UTC,5404,11,134,,0,0,0,0,350
2021-11-01 14:57:01 UTC,5405,8,142,,0,0,0,0,350
2021-11-01 15:57:01 UTC,5406,16,158,,4,0,0,0,350
2021-11-01 16:57:01 UTC,5407,14,172,,0,0,0,0,350
2021-11-01 17:57:01 UTC,5408,7,179,,0,0,0,0,350
2021-11-01 18:57:01 UTC,5409,1,180,,0,0,0,0,350
2021-11-01 19:57:01 UTC,5410,5,185,,4,0,0,0,350
2021-11-01 20:57:01 UTC,5411,3,188,,0,0,0,0,350
2021-11-01 21:57:01 UTC,5412,2,190,,4,0,0,0,350
2021-11-01 22:57:01 UTC,5413,,,190,,,,,
2021-11-01 23:57:01 UTC,5414,10,10,,0,0,0,0,202
2021-11-02 00:57:01 UTC,5415,8,18,,0,0,0,0,202
2021-11-02 01:57:01 UTC,5416,4,22,,0,0,0,0,202
2021-11-02 02:57:01 UTC,5417,2,24,,0,0,0,0,202
2021-11-02 03:57:01 UTC,5418,6,30,,4,0,0,0,202
2021-11-02 04:57:01 UTC,5419,8,39,,0,0,0,0,202
2021-11-02 05:57:01 UTC,5420,21,60,,0,0,0,0,202
2021-11-02 06:57:01 UTC,5421,47,107,,0,0,0,0,202
2021-11-02 07:57:01 UTC,5422,52,159,,4,0,0,0,202
2021-11-02 08:57:01 UTC,5423,51,221,,0,0,0,0,202
2021-11-02 09:57:01 UTC,5424,49,270,,0,0,0,0,202
2021-11-02 10:57:01 UTC,5425,58,328,,0,0,0,0,202
2021-11-02 11:57:01 UTC,5426,53,381,,4,0,0,0,202
2021-11-02 12:57:01 UTC,5427,39,420,,0,0,0,0,202
2021-11-02 13:57:01 UTC,5428,36,456,,0,0,0,0,202
2021-11-02 14:57:01 UTC,5429,76,532,,0,0,0,0,202
2021-11-02 15:57:01 UTC,5430,19,551,,4,0,0,0,202
2021-11-02 16:57:01 UTC,5431,64,615,,0,0,0,0,202
2021-11-02 17:57:01 UTC,5432,39,654,,0,0,0,0,202
2021-11-02 18:57:01 UTC,5433,67,721,,0,0,0,0,202
2021-11-02 19:57:01 UTC,5434,33,754,,4,0,0,0,202
2021-11-02 20:57:01 UTC,5435,23,779,,0,0,0,0,202
2021-11-02 21:57:01 UTC,5436,21,800,,4,0,0,0,202
2021-11-02 22:57:01 UTC,5437,,,800,,,,,
2021-11-02 23:57:01 UTC,5438,10,10,,0,0,0,0,814
2021-11-03 00:57:01 UTC,5439,5,15,,0,0,0,0,814
2021-11-03 01:57:01 UTC,5440,1,16,,0,0,0,0,814
2021-11-03 02:57:01 UTC,5441,2,18,,0,0,0,0,814
2021-11-03 03:57:01 UTC,5442,6,24,,4,0,0,0,814
2021-11-03 04:57:01 UTC,5443,12,38,,0,0,0,0,814
2021-11-03 05:57:01 UTC,5444,41,79,,0,0,0,0,814
2021-11-03 06:57:01 UTC,5445,134,213,,0,0,0,0,814
2021-11-03 07:57:01 UTC,5446,81,294,,4,0,0,0,814
2021-11-03 08:57:01 UTC,5447,51,348,,0,0,2,0,814
2021-11-03 09:57:01 UTC,5448,25,373,,0,0,2,0,814
2021-11-03 10:57:01 UTC,5449,19,392,,0,0,2,0,814
2021-11-03 11:57:01 UTC,5450,24,416,,4,0,2,0,814
2021-11-03 12:57:01 UTC,5451,25,443,,0,0,4,0,814
2021-11-03 13:57:01 UTC,5452,18,461,,0,0,4,0,814
2021-11-03 14:57:01 UTC,5453,29,490,,0,0,4,0,814
2021-11-03 15:57:01 UTC,5454,26,516,,4,0,4,0,814
2021-11-03 16:57:01 UTC,5455,37,554,,0,0,4,0,814
2021-11-03 17:57:01 UTC,5456,50,604,,0,0,4,0,814
2021-11-03 18:57:01 UTC,5457,33,637,,0,0,4,0,814
2021-11-03 19:57:01 UTC,5458,29,666,,4,0,4,0,814
2021-11-03 20:57:01 UTC,5459,14,683,,0,0,4,0,814
2021-11-03 21:57:01 UTC,5460,2,685,,4,0,4,0,814
2021-11-03 22:57:01 UTC,5461,,,685,,,,,
2021-11-03 23:57:01 UTC,5462,5,5,,0,0,0,0,685
2021-11-04 00:57:01 UTC,5463,1,6,,0,0,0,0,685
2021-11-04 01:57:01 UTC,5464,1,7,,0,0,0,0,685
2021-11-04 02:57:01 UTC,5465,0,7,,0,0,0,0,685
2021-11-04 03:57:01 UTC,5466,0,7,,4,0,0,0,685
2021-11-04 04:57:01 UTC,5467,9,16,,0,0,0,0,685
2021-11-04 05:57:01 UTC,5468,42,58,,0,0,0,0,685
2021-11-04 06:57:01 UTC,5469,140,198,,0,0,0,0,685
2021-11-04 07:57:01 UTC,5470,158,356,,4,0,0,0,685
2021-11-04 08:57:01 UTC,5471,85,461,,0,0,0,0,685
2021-11-04 09:57:01 UTC,5472,50,511,,0,0,0,0,685
2021-11-04 10:57:01 UTC,5473,33,544,,0,0,0,0,685
2021-11-04 11:57:01 UTC,5474,38,582,,4,0,0,0,685
2021-11-04 12:57:01 UTC,5475,44,628,,0,0,2,0,685
2021-11-04 13:57:01 UTC,5476,38,666,,0,0,2,0,685
2021-11-04 14:57:01 UTC,5477,41,707,,0,0,2,0,685
2021-11-04 15:57:01 UTC,5478,52,759,,3.9,0,2,0,685
2021-11-04 16:57:01 UTC,5479,81,846,,0,0,2,0,685
2021-11-04 17:57:01 UTC,5480,77,923,,0,0,2,0,685
2021-11-04 18:57:01 UTC,5481,48,971,,0,0,2,0,685
2021-11-04 19:57:01 UTC,5482,47,1018,,4,0,2,0,685
2021-11-04 20:57:01 UTC,5483,30,1053,,0,0,2,0,685
2021-11-04 21:57:01 UTC,5484,26,1079,,4,0,2,0,685
2021-11-04 22:57:01 UTC,5485,,,1079,,,,,
2021-11-04 23:57:01 UTC,5486,11,11,,0,0,0,0,1105
2021-11-05 00:57:01 UTC,5487,8,19,,0,0,0,0,1105
2021-11-05 01:57:01 UTC,5488,2,21,,0,0,0,0,1105
2021-11-05 02:57:01 UTC,5489,4,25,,0,0,0,0,1105
2021-11-05 03:57:01 UTC,5490,2,27,,4,0,0,0,1105
2021-11-05 04:57:01 UTC,5491,11,40,,0,0,0,0,1105
2021-11-05 05:57:01 UTC,5492,44,84,,0,0,0,0,1105
2021-11-05 06:57:01 UTC,5493,104,188,,0,0,0,0,1105
2021-11-05 07:57:01 UTC,5494,103,291,,4,0,0,0,1105
2021-11-05 08:57:01 UTC,5495,56,354,,0,0,1,0,1105
2021-11-05 09:57:01 UTC,5496,38,392,,0,0,1,0,1105
2021-11-05 10:57:01 UTC,5497,55,447,,0,0,1,0,1105
2021-11-05 11:57:01 UTC,5498,38,485,,4,0,1,0,1105
2021-11-05 12:57:01 UTC,5499,80,567,,0,0,2,0,1105
2021-11-05 13:57:01 UTC,5500,38,605,,0,0,2,0,1105
2021-11-05 14:57:01 UTC,5501,34,639,,0,0,2,0,1105
2021-11-05 15:57:01 UTC,5502,55,694,,4,0,2,0,1105
2021-11-05 16:57:01 UTC,5503,47,746,,0,0,2,0,1105
2021-11-05 17:57:01 UTC,5504,50,796,,0,0,2,0,1105
2021-11-05 18:57:01 UTC,5505,25,821,,0,0,2,0,1105
2021-11-05 19:57:01 UTC,5506,32,853,,4,0,2,0,1105
2021-11-05 20:57:01 UTC,5507,24,880,,0,0,2,0,1105
2021-11-05 21:57:01 UTC,5508,9,889,,4,0,2,0,1105
2021-11-05 22:57:01 UTC,5509,,,889,,,,,
2021-11-05 23:57:01 UTC,5510,6,6,,0,0,0,0,902
2021-11-06 00:57:01 UTC,5511,5,11,,0,0,0,0,902
2021-11-06 01:57:01 UTC,5512,8,19,,0,0,0,0,902
2021-11-06 02:57:01 UTC,5513,3,22,,0,0,0,0,902
2021-11-06 03:57:01 UTC,5514,1,23,,4,0,0,0,902
2021-11-06 04:57:01 UTC,5515,5,29,,0,0,0,0,902
2021-11-06 05:57:01 UTC,5516,5,34,,0,0,0,0,902
2021-11-06 06:57:01 UTC,5517,12,46,,0,0,0,0,902
2021-11-06 07:57:01 UTC,5518,31,77,,4,0,0,0,902
2021-11-06 08:57:01 UTC,5519,32,116,,0,0,0,0,902
2021-11-06 09:57:01 UTC,5520,49,165,,0,0,0,0,902
2021-11-06 10:57:01 UTC,5521,33,198,,0,0,0,0,902
2021-11-06 11:57:01 UTC,5522,29,227,,3.9,0,0,0,902
2021-11-06 12:57:01 UTC,5523,37,265,,0,0,0,0,902
2021-11-06 13:57:01 UTC,5524,18,283,,0,0,0,0,902
2021-11-06 14:57:01 UTC,5525,25,308,,0,0,0,0,902
2021-11-06 15:57:01 UTC,5526,16,324,,4,0,0,0,902
2021-11-06 16:57:01 UTC,5527,14,340,,0,0,0,0,902
2021-11-06 17:57:01 UTC,5528,9,349,,0,0,0,0,902
2021-11-06 18:57:01 UTC,5529,39,388,,0,0,0,0,902
2021-11-06 19:57:01 UTC,5530,7,395,,4,0,0,0,902
2021-11-06 20:57:01 UTC,5531,9,404,,0,0,0,0,902
2021-11-06 21:57:01 UTC,5532,8,412,,4,0,0,0,902
2021-11-06 22:57:01 UTC,5533,,,412,,,,,
2021-11-06 23:57:01 UTC,5534,7,7,,0,0,0,0,430
2021-11-07 00:57:01 UTC,5535,1,8,,0,0,0,0,430
2021-11-07 01:57:01 UTC,5536,1,9,,0,0,0,0,430
2021-11-07 02:57:01 UTC,5537,0,9,,0,0,0,0,430
2021-11-07 03:57:01 UTC,5538,0,9,,4,0,0,0,430
2021-11-07 04:57:01 UTC,5539,3,12,,0,0,0,0,430
2021-11-07 05:57:01 UTC,5540,2,14,,0,0,0,0,430
2021-11-07 06:57:01 UTC,5541,20,34,,0,0,0,0,430
2021-11-07 07:57:01 UTC,5542,25,59,,4,0,0,0,430
2021-11-07 08:57:01 UTC,5543,44,107,,0,0,0,0,430
2021-11-07 09:57:01 UTC,5544,67,174,,0,0,0,0,430
2021-11-07 10:57:01 UTC,5545,72,246,,0,0,0,0,430
2021-11-07 11:57:01 UTC,5546,108,354,,4,0,0,0,430
2021-11-07 12:57:01 UTC,5547,54,413,,0,0,0,0,430
2021-11-07 13:57:01 UTC,5548,42,455,,0,0,0,0,430
2021-11-07 14:57:01 UTC,5549,102,557,,0,0,0,0,430
2021-11-07 15:57:01 UTC,5550,95,652,,4,0,0,0,430
2021-11-07 16:57:01 UTC,5551,93,746,,0,0,0,0,430
2021-11-07 17:57:01 UTC,5552,96,842,,0,0,0,0,430
2021-11-07 18:57:01 UTC,5553,114,956,,0,0,0,0,430
2021-11-07 19:57:01 UTC,5554,75,1031,,4,0,0,0,430
2021-11-07 20:57:01 UTC,5555,47,1078,,0,0,0,0,430
2021-11-07 21:57:01 UTC,5556,31,1109,,4,0,0,0,430
2021-11-07 22:57:01 UTC,5557,,,1109,,,,,
2021-11-07 23:57:01 UTC,5558,28,28,,0,0,0,0,1138
2021-11-08 00:57:01 UTC,5559,13,41,,0,0,0,0,1138
2021-11-08 01:57:01 UTC,5560,8,49,,0,0,0,0,1138
2021-11-08 02:57:01 UTC,5561,6,55,,0,0,0,0,1138
2021-11-08 03:57:01 UTC,5562,7,62,,4,0,0,0,1138
2021-11-08 04:57:01 UTC,5563,27,91,,0,0,0,0,1138
2021-11-08 05:57:01 UTC,5564,85,176,,0,0,0,0,1138
2021-11-08 06:57:01 UTC,5565,277,453,,0,0,0,0,1138
2021-11-08 07:57:01 UTC,5566,238,691,,4,0,0,0,1138
2021-11-08 08:57:01 UTC,5567,74,777,,0,0,1,0,1138
2021-11-08 09:57:01 UTC,5568,56,833,,0,0,1,0,1138
2021-11-08 10:57:01 UTC,5569,44,877,,0,0,1,0,1138
2021-11-08 11:57:01 UTC,5570,58,935,,4,0,1,0,1138
2021-11-08 12:57:01 UTC,5571,17,954,,0,0,1,0,1138
2021-11-08 13:57:01 UTC,5572,14,968,,0,0,1,0,1138
2021-11-08 14:57:01 UTC,5573,32,1000,,0,0,1,0,1138
2021-11-08 15:57:01 UTC,5574,27,1027,,4,0,1,0,1138
2021-11-08 16:57:01 UTC,5575,32,1061,,0,0,1,0,1138
2021-11-08 17:57:01 UTC,5576,41,1102,,0,0,1,0,1138
2021-11-08 18:57:01 UTC,5577,44,1146,,0,0,1,0,1138
2021-11-08 19:57:01 UTC,5578,19,1165,,4,0,1,0,1138
2021-11-08 20:57:01 UTC,5579,12,1180,,0,0,1,0,1138
2021-11-08 21:57:01 UTC,5580,14,1194,,4,0,1,0,1138
2021-11-08 22:57:01 UTC,5581,,,1194,,,,,
2021-11-08 23:57:01 UTC,5582,8,8,,0,0,0,0,1198
2021-11-09 00:57:01 UTC,5583,2,10,,0,0,0,0,1198
2021-11-09 01:57:01 UTC,5584,1,11,,0,0,0,0,1198
2021-11-09 02:57:01 UTC,5585,0,11,,0,0,0,0,1198
2021-11-09 03:57:01 UTC,5586,0,11,,4,0,0,0,1198
2021-11-09 04:57:01 UTC,5587,3,14,,0,0,0,0,1198
2021-11-09 05:57:01 UTC,5588,11,25,,0,0,0,0,1198
2021-11-09 06:57:01 UTC,5589,55,80,,0,0,0,0,1198
2021-11-09 07:57:01 UTC,5590,86,166,,4,0,0,0,1198
2021-11-09 08:57:01 UTC,5591,49,223,,0,0,0,0,1198
2021-11-09 09:57:01 UTC,5592,51,274,,0,0,0,0,1198
2021-11-09 10:57:01 UTC,5593,34,308,,0,0,0,0,1198
2021-11-09 11:57:01 UTC,5594,29,337,,4,0,0,0,1198
2021-11-09 12:57:01 UTC,5595,34,373,,0,0,0,0,1198
2021-11-09 13:57:01 UTC,5596,37,410,,0,0,0,0,1198
2021-11-09 14:57:01 UTC,5597,51,461,,0,0,0,0,1198
2021-11-09 15:57:01 UTC,5598,36,497,,4,0,0,0,1198
2021-11-09 16:57:01 UTC,5599,87,585,,0,0,0,0,1198
2021-11-09 17:57:01 UTC,5600,71,656,,0,0,0,0,1198
2021-11-09 18:57:01 UTC,5601,47,703,,0,0,0,0,1198
2021-11-09 19:57:01 UTC,5602,36,739,,4,0,0,0,1198
2021-11-09 20:57:01 UTC,5603,21,762,,0,0,0,0,1198
2021-11-09 21:57:01 UTC,5604,9,771,,4,0,0,0,1198
2021-11-09 22:57:01 UTC,5605,,,771,,,,,
2021-11-09 23:57:01 UTC,5606,4,4,,0,0,0,0,784
2021-11-10 00:57:01 UTC,5607,1,5,,0,0,0,0,784
2021-11-10 01:57:01 UTC,5608,10,15,,0,0,0,0,784
2021-11-10 02:57:01 UTC,5609,0,15,,0,0,0,0,784
2021-11-10 03:57:01 UTC,5610,4,19,,4,0,0,0,784
2021-11-10 04:57:01 UTC,5611,7,27,,0,0,0,0,784
2021-11-10 05:57:01 UTC,5612,32,59,,0,0,0,0,784
2021-11-10 06:57:01 UTC,5613,225,284,,0,0,0,0,784
2021-11-10 07:57:01 UTC,5614,251,535,,3.9,0,0,0,784
2021-11-10 08:57:01 UTC,5615,34,573,,0,0,0,0,784
2021-11-10 09:57:01 UTC,5616,31,604,,0,0,0,0,784
2021-11-10 10:57:01 UTC,5617,31,635,,0,0,0,0,784
2021-11-10 11:57:01 UTC,5618,23,658,,4,0,0,0,784
2021-11-10 12:57:01 UTC,5619,39,698,,0,0,0,0,784
2021-11-10 13:57:01 UTC,5620,35,733,,0,0,0,0,784
2021-11-10 14:57:01 UTC,5621,37,770,,0,0,0,0,784
2021-11-10 15:57:01 UTC,5622,27,797,,4,0,0,0,784
2021-11-10 16:57:01 UTC,5623,12,812,,0,0,0,0,784
2021-11-10 17:57:01 UTC,5624,19,831,,0,0,0,0,784
2021-11-10 18:57:01 UTC,5625,5,836,,0,0,0,0,784
2021-11-10 19:57:01 UTC,5626,10,846,,4,0,0,0,784
2021-11-10 20:57:01 UTC,5627,6,852,,0,0,0,0,784
2021-11-10 21:57:01 UTC,5628,4,856,,4,0,0,0,784
2021-11-10 22:57:01 UTC,5629,,,856,,,,,
2021-11-10 23:57:01 UTC,5630,5,5,,0,0,0,0,865
2021-11-11 00:57:01 UTC,5631,8,13,,0,0,0,0,865
2021-11-11 01:57:01 UTC,5632,1,14,,0,0,0,0,865
2021-11-11 02:57:01 UTC,5633,0,14,,0,0,0,0,865
2021-11-11 03:57:01 UTC,5634,1,15,,4,0,0,0,865
2021-11-11 04:57:01 UTC,5635,2,17,,0,0,0,0,865
2021-11-11 05:57:01 UTC,5636,2,19,,0,0,0,0,865
2021-11-11 06:57:01 UTC,5637,28,47,,0,0,0,0,865
2021-11-11 07:57:01 UTC,5638,41,88,,4,0,0,0,865
2021-11-11 08:57:01 UTC,5639,37,129,,0,0,0,0,865
2021-11-11 09:57:01 UTC,5640,22,151,,0,0,0,0,865
2021-11-11 10:57:01 UTC,5641,32,183,,0,0,0,0,865
2021-11-11 11:57:01 UTC,5642,29,212,,4,0,0,0,865
2021-11-11 12:57:01 UTC,5643,66,278,,0,0,0,0,865
2021-11-11 13:57:01 UTC,5644,33,311,,0,0,0,0,865
2021-11-11 14:57:01 UTC,5645,62,373,,0,0,0,0,865
2021-11-11 15:57:01 UTC,5646,42,415,,4,0,0,0,865
2021-11-11 16:57:01 UTC,5647,53,468,,0,0,0,0,865
2021-11-11 17:57:01 UTC,5648,43,511,,0,0,0,0,865
2021-11-11 18:57:01 UTC,5649,35,546,,0,0,0,0,865
2021-11-11 19:57:01 UTC,5650,25,571,,4,0,0,0,865
2021-11-11 20:57:01 UTC,5651,26,601,,0,0,0,0,865
2021-11-11 21:57:01 UTC,5652,14,615,,4,0,0,0,865
2021-11-11 22:57:01 UTC,5653,,,615,,,,,
