created_at,entry_id,field1,field2,field3,field4,field5,field6,field7,field8
2021-09-01 00:57:01 UTC,3931,11,40,,0,0,0,0,1333
2021-09-01 01:57:01 UTC,3932,5,45,,0,0,0,0,1333
2021-09-01 02:57:01 UTC,3933,7,52,,4,0,0,0,1333
2021-09-01 03:57:01 UTC,3934,18,73,,0,0,0,0,1333
2021-09-01 04:57:01 UTC,3935,59,132,,0,0,0,0,1333
2021-09-01 05:57:01 UTC,3936,122,254,,0,0,0,0,1333
2021-09-01 06:57:01 UTC,3937,153,407,,4,0,0,0,1333
2021-09-01 07:57:01 UTC,3938,84,508,,0,0,0,0,1333
2021-09-01 08:57:01 UTC,3939,43,551,,0,0,0,0,1333
2021-09-01 09:57:01 UTC,3940,88,639,,0,0,0,0,1333
2021-09-01 10:57:01 UTC,3941,56,695,,4,0,0,0,1333
2021-09-01 11:57:01 UTC,3942,65,760,,0,0,0,0,1333
2021-09-01 12:57:01 UTC,3943,60,820,,0,0,0,0,1333
2021-09-01 13:57:01 UTC,3944,93,913,,0,0,0,0,1333
2021-09-01 14:57:01 UTC,3945,68,981,,0,0,0,0,1333
2021-09-01 15:57:01 UTC,3946,77,1058,,0,0,0,0,1333
2021-09-01 16:57:01 UTC,3947,78,1136,,0,0,0,0,1333
2021-09-01 17:57:01 UTC,3948,85,1221,,0,0,0,0,1333
2021-09-01 18:57:01 UTC,3949,73,1294,,4,0,0,0,1333
2021-09-01 19:57:01 UTC,3950,47,1341,,0,0,0,0,1333
2021-09-01 20:57:01 UTC,3951,27,1368,,4,0,0,0,1333
2021-09-01 21:57:01 UTC,3952,,,1368,,,,,
2021-09-01 22:57:01 UTC,3953,21,21,,0,0,0,0,1381
2021-09-01 23:57:01 UTC,3954,10,31,,0,0,0,0,1381
2021-09-02 00:57:01 UTC,3955,3,34,,0,0,0,0,1381
2021-09-02 01:57:01 UTC,3956,3,37,,0,0,0,0,1381
2021-09-02 02:57:01 UTC,3957,7,44,,4,0,0,0,1381
2021-09-02 03:57:01 UTC,3958,20,65,,0,0,0,0,1381
2021-09-02 04:57:01 UTC,3959,64,129,,0,0,0,0,1381
2021-09-02 05:57:01 UTC,3960,75,204,,0,0,0,0,1381
2021-09-02 06:57:01 UTC,3961,117,321,,4,0,0,0,1381
2021-09-02 07:57:01 UTC,3962,71,398,,0,0,0,0,1381
2021-09-02 08:57:01 UTC,3963,58,456,,0,0,0,0,1381
2021-09-02 09:57:01 UTC,3964,68,524,,0,0,0,0,1381
2021-09-02 10:57:01 UTC,3965,72,596,,0,0,0,0,1381
2021-09-02 11:57:01 UTC,3966,81,677,,0,0,0,0,1381
2021-09-02 12:57:01 UTC,3967,74,751,,0,0,0,0,1381
2021-09-02 13:57:01 UTC,3968,94,845,,0,0,0,0,1381
2021-09-02 14:57:01 UTC,3969,69,914,,0,0,0,0,1381
2021-09-02 15:57:01 UTC,3970,64,978,,0,0,0,0,1381
2021-09-02 16:57:01 UTC,3971,70,1048,,0,0,0,0,1381
2021-09-02 17:57:01 UTC,3972,63,1111,,0,0,0,0,1381
2021-09-02 18:57:01 UTC,3973,44,1155,,4,0,0,0,1381
2021-09-02 19:57:01 UTC,3974,27,1182,,0,0,0,0,1381
2021-09-02 20:57:01 UTC,3975,22,1204,,4,0,0,0,1381
2021-09-02 21:57:01 UTC,3976,,,1204,,,,,
2021-09-02 22:57:01 UTC,3977,8,8,,0,0,0,0,1219
2021-09-02 23:57:01 UTC,3978,4,12,,0,0,0,0,1219
2021-09-03 00:57:01 UTC,3979,1,13,,0,0,0,0,1219
2021-09-03 01:57:01 UTC,3980,4,17,,0,0,0,0,1219
2021-09-03 02:57:01 UTC,3981,4,21,,4,0,0,0,1219
2021-09-03 03:57:01 UTC,3982,8,29,,0,0,0,0,1219
2021-09-03 04:57:01 UTC,3983,27,56,,0,0,0,0,1219
2021-09-03 05:57:01 UTC,3984,35,91,,0,0,0,0,1219
2021-09-03 06:57:01 UTC,3985,40,131,,4,0,0,0,1219
2021-09-03 07:57:01 UTC,3986,18,149,,0,0,0,0,1219
2021-09-03 08:57:01 UTC,3987,37,186,,0,0,0,0,1219
2021-09-03 09:57:01 UTC,3988,30,216,,0,0,0,0,1219
2021-09-03 10:57:01 UTC,3989,33,249,,4,0,0,0,1219
2021-09-03 11:57:01 UTC,3990,34,283,,0,0,0,0,1219
2021-09-03 12:57:01 UTC,3991,33,316,,0,0,0,0,1219
2021-09-03 13:57:01 UTC,3992,35,351,,0,0,0,0,1219
2021-09-03 14:57:01 UTC,3993,38,389,,0,0,0,0,1219
2021-09-03 15:57:01 UTC,3994,56,445,,0,0,0,0,1219
2021-09-03 16:57:01 UTC,3995,52,497,,0,0,0,0,1219
2021-09-03 17:57:01 UTC,3996,25,522,,0,0,0,0,1219
2021-09-03 18:57:01 UTC,3997,17,539,,4,0,0,0,1219
2021-09-03 19:57:01 UTC,3998,16,556,,0,0,0,0,1219
2021-09-03 20:57:01 UTC,3999,14,570,,4,0,0,0,1219
2021-09-03 21:57:01 UTC,4000,,,570,,,,,
2021-09-03 22:57:01 UTC,4001,5,5,,0,0,0,0,582
2021-09-03 23:57:01 UTC,4002,2,7,,0,0,0,0,582
2021-09-04 00:57:01 UTC,4003,1,8,,0,0,0,0,582
2021-09-04 01:57:01 UTC,4004,2,10,,0,0,0,0,582
2021-09-04 02:57:01 UTC,4005,2,12,,4,0,0,0,582
2021-09-04 03:57:01 UTC,4006,1,13,,0,0,0,0,582
2021-09-04 04:57:01 UTC,4007,8,21,,0,0,0,0,582
2021-09-04 05:57:01 UTC,4008,11,32,,0,0,0,0,582
2021-09-04 06:57:01 UTC,4009,14,46,,4,0,0,0,582
2021-09-04 07:57:01 UTC,4010,20,67,,0,0,0,0,582
2021-09-04 08:57:01 UTC,4011,50,117,,0,0,0,0,582
2021-09-04 09:57:01 UTC,4012,40,157,,0,0,0,0,582
2021-09-04 10:57:01 UTC,4013,31,188,,4,0,0,0,582
2021-09-04 11:57:01 UTC,4014,40,228,,0,0,0,0,582
2021-09-04 12:57:01 UTC,4015,34,262,,0,0,0,0,582
2021-09-04 13:57:01 UTC,4016,26,288,,0,0,0,0,582
2021-09-04 14:57:01 UTC,4017,30,318,,0,0,0,0,582
2021-09-04 15:57:01 UTC,4018,46,364,,0,0,0,0,582
2021-09-04 16:57:01 UTC,4019,41,405,,0,0,0,0,582
2021-09-04 17:57:01 UTC,4020,37,442,,0,0,0,0,582
2021-09-04 18:57:01 UTC,4021,24,466,,4,0,0,0,582
2021-09-04 19:57:01 UTC,4022,17,483,,0,0,0,0,582
2021-09-04 20:57:01 UTC,4023,14,497,,4,0,0,0,582
2021-09-04 21:57:01 UTC,4024,,,497,,,,,
2021-09-04 22:57:01 UTC,4025,7,7,,0,0,0,0,513
2021-09-04 23:57:01 UTC,4026,8,15,,0,0,0,0,513
2021-09-05 00:57:01 UTC,4027,3,18,,0,0,0,0,513
2021-09-05 01:57:01 UTC,4028,2,20,,0,0,0,0,513
2021-09-05 02:57:01 UTC,4029,5,25,,4,0,0,0,513
2021-09-05 03:57:01 UTC,4030,4,29,,0,0,0,0,513
2021-09-05 04:57:01 UTC,4031,4,33,,0,0,0,0,513
2021-09-05 05:57:01 UTC,4032,8,41,,0,0,0,0,513
2021-09-05 06:57:01 UTC,4033,23,64,,4,0,0,0,513
2021-09-05 07:57:01 UTC,4034,21,87,,0,0,0,0,513
2021-09-05 08:57:01 UTC,4035,50,137,,0,0,0,0,513
2021-09-05 09:57:01 UTC,4036,34,171,,0,0,0,0,513
2021-09-05 10:57:01 UTC,4037,55,226,,0,0,0,0,513
2021-09-05 11:57:01 UTC,4038,24,250,,0,0,0,0,513
2021-09-05 12:57:01 UTC,4039,22,272,,0,0,0,0,513
2021-09-05 13:57:01 UTC,4040,27,299,,0,0,0,0,513
2021-09-05 14:57:01 UTC,4041,27,326,,0,0,0,0,513
2021-09-05 15:57:01 UTC,4042,43,369,,0,0,0,0,513
2021-09-05 16:57:01 UTC,4043,50,419,,0,0,0,0,513
2021-09-05 17:57:01 UTC,4044,32,451,,0,0,0,0,513
2021-09-05 18:57:01 UTC,4045,32,483,,4,0,0,0,513
2021-09-05 19:57:01 UTC,4046,23,506,,0,0,0,0,513
2021-09-05 20:57:01 UTC,4047,14,520,,4,0,0,0,513
2021-09-05 21:57:01 UTC,4048,,,520,,,,,
2021-09-05 22:57:01 UTC,4049,10,10,,0,0,0,0,532
2021-09-05 23:57:01 UTC,4050,3,13,,0,0,0,0,532
2021-09-06 00:57:01 UTC,4051,3,16,,0,0,0,0,532
2021-09-06 01:57:01 UTC,4052,1,17,,0,0,0,0,532
2021-09-06 02:57:01 UTC,4053,1,18,,4,0,0,0,532
2021-09-06 03:57:01 UTC,4054,4,22,,0,0,0,0,532
2021-09-06 04:57:01 UTC,4055,17,39,,0,0,0,0,532
2021-09-06 05:57:01 UTC,4056,31,70,,0,0,0,0,532
2021-09-06 06:57:01 UTC,4057,47,117,,4,0,0,0,532
2021-09-06 07:57:01 UTC,4058,42,161,,0,0,0,0,532
2021-09-06 08:57:01 UTC,4059,95,256,,0,0,0,0,532
2021-09-06 09:57:01 UTC,4060,55,311,,0,0,0,0,532
2021-09-06 10:57:01 UTC,4061,42,353,,3.9,0,0,0,532
2021-09-06 11:57:01 UTC,4062,56,409,,0,0,0,0,532
2021-09-06 12:57:01 UTC,4063,40,449,,0,0,0,0,532
2021-09-06 13:57:01 UTC,4064,47,496,,0,0,0,0,532
2021-09-06 14:57:01 UTC,4065,39,535,,0,0,0,0,532
2021-09-06 15:57:01 UTC,4066,46,581,,0,0,0,0,532
2021-09-06 16:57:01 UTC,4067,58,639,,0,0,0,0,532
2021-09-06 17:57:01 UTC,4068,48,687,,0,0,0,0,532
2021-09-06 18:57:01 UTC,4069,14,701,,4,0,0,0,532
2021-09-06 19:57:01 UTC,4070,12,713,,0,0,0,0,532
2021-09-06 20:57:01 UTC,4071,23,736,,4,0,0,0,532
2021-09-06 21:57:01 UTC,4072,,,736,,,,,
2021-09-06 22:57:01 UTC,4073,11,11,,0,0,0,0,754
2021-09-06 23:57:01 UTC,4074,4,15,,0,0,0,0,754
2021-09-07 00:57:01 UTC,4075,2,17,,0,0,0,0,754
2021-09-07 01:57:01 UTC,4076,0,17,,0,0,0,0,754
2021-09-07 02:57:01 UTC,4077,2,19,,4,0,0,0,754
2021-09-07 03:57:01 UTC,4078,7,26,,0,0,0,0,754
2021-09-07 04:57:01 UTC,4079,15,41,,0,0,0,0,754
2021-09-07 05:57:01 UTC,4080,50,91,,0,0,0,0,754
2021-09-07 06:57:01 UTC,4081,33,124,,4,0,0,0,754
2021-09-07 07:57:01 UTC,4082,39,167,,0,0,0,0,754
2021-09-07 08:57:01 UTC,4083,44,211,,0,0,0,0,754
2021-09-07 09:57:01 UTC,4084,38,249,,0,0,0,0,754
2021-09-07 10:57:01 UTC,4085,36,285,,0,0,0,0,754
2021-09-07 11:57:01 UTC,4086,25,310,,0,0,0,0,754
2021-09-07 12:57:01 UTC,4087,24,334,,0,0,0,0,754
2021-09-07 13:57:01 UTC,4088,46,380,,0,0,0,0,754
2021-09-07 14:57:01 UTC,4089,41,421,,0,0,0,0,754
2021-09-07 15:57:01 UTC,4090,84,505,,0,0,0,0,754
2021-09-07 16:57:01 UTC,4091,73,578,,0,0,0,0,754
2021-09-07 17:57:01 UTC,4092,35,613,,0,0,0,0,754
2021-09-07 18:57:01 UTC,4093,53,666,,4,0,0,0,754
2021-09-07 19:57:01 UTC,4094,52,718,,0,0,0,0,754
2021-09-07 20:57:01 UTC,4095,35,753,,4,0,0,0,754
2021-09-07 21:57:01 UTC,4096,,,753,,,,,
