created_at,entry_id,field1,field2,field3,field4,field5,field6,field7,field8
2021-08-01 00:57:01 UTC,3187,1,8,,0,0,0,0,774
2021-08-01 01:57:01 UTC,3188,0,8,,0,0,0,0,774
2021-08-01 02:57:01 UTC,3189,3,11,,4,0,0,0,774
2021-08-01 03:57:01 UTC,3190,5,16,,0,0,0,0,774
2021-08-01 04:57:01 UTC,3191,0,16,,0,0,0,0,774
2021-08-01 05:57:01 UTC,3192,6,22,,0,0,0,0,774
2021-08-01 06:57:01 UTC,3193,12,34,,4,0,0,0,774
2021-08-01 07:57:01 UTC,3194,10,45,,0,0,0,0,774
2021-08-01 08:57:01 UTC,3195,38,83,,0,0,0,0,774
2021-08-01 09:57:01 UTC,3196,51,134,,0,0,0,0,774
2021-08-01 10:57:01 UTC,3197,72,206,,0,0,0,0,774
2021-08-01 11:57:01 UTC,3198,33,239,,0,0,0,0,774
2021-08-01 12:57:01 UTC,3199,34,273,,0,0,0,0,774
2021-08-01 13:57:01 UTC,3200,14,287,,0,0,0,0,774
2021-08-01 14:57:01 UTC,3201,33,320,,0,0,0,0,774
2021-08-01 15:57:01 UTC,3202,26,346,,0,0,0,0,774
2021-08-01 16:57:01 UTC,3203,47,393,,0,0,0,0,774
2021-08-01 17:57:01 UTC,3204,39,432,,0,0,0,0,774
2021-08-01 18:57:01 UTC,3205,33,465,,0,0,0,0,774
2021-08-01 19:57:01 UTC,3206,38,503,,0,0,0,0,774
2021-08-01 20:57:01 UTC,3207,12,515,,3.9,0,0,0,774
2021-08-01 21:57:01 UTC,3208,,,515,,,,,
2021-08-01 22:57:01 UTC,3209,5,5,,0,0,0,0,523
2021-08-01 23:57:01 UTC,3210,4,9,,0,0,0,0,523
2021-08-02 00:57:01 UTC,3211,3,12,,0,0,0,0,523
2021-08-02 01:57:01 UTC,3212,0,12,,0,0,0,0,523
2021-08-02 02:57:01 UTC,3213,3,15,,4,0,0,0,523
2021-08-02 03:57:01 UTC,3214,2,17,,0,0,0,0,523
2021-08-02 04:57:01 UTC,3215,4,21,,0,0,0,0,523
2021-08-02 05:57:01 UTC,3216,7,28,,0,0,0,0,523
2021-08-02 06:57:01 UTC,3217,15,43,,3.9,0,0,0,523
2021-08-02 07:57:01 UTC,3218,19,64,,0,0,0,0,523
2021-08-02 08:57:01 UTC,3219,26,90,,0,0,0,0,523
2021-08-02 09:57:01 UTC,3220,37,127,,0,0,0,0,523
2021-08-02 10:57:01 UTC,3221,59,186,,0,0,0,0,523
2021-08-02 11:57:01 UTC,3222,40,226,,0,0,0,0,523
2021-08-02 12:57:01 UTC,3223,76,302,,0,0,0,0,523
2021-08-02 13:57:01 UTC,3224,57,359,,0,0,0,0,523
2021-08-02 14:57:01 UTC,3225,77,436,,0,0,0,0,523
2021-08-02 15:57:01 UTC,3226,38,474,,0,0,0,0,523
2021-08-02 16:57:01 UTC,3227,56,530,,0,0,0,0,523
2021-08-02 17:57:01 UTC,3228,40,570,,0,0,0,0,523
2021-08-02 18:57:01 UTC,3229,57,627,,4,0,0,0,523
2021-08-02 19:57:01 UTC,3230,27,654,,0,0,0,0,523
2021-08-02 20:57:01 UTC,3231,18,672,,3.9,0,0,0,523
2021-08-02 21:57:01 UTC,3232,,,672,,,,,
2021-08-02 22:57:01 UTC,3233,7,7,,0,0,0,0,682
2021-08-02 23:57:01 UTC,3234,1,8,,0,0,0,0,682
2021-08-03 00:57:01 UTC,3235,1,9,,0,0,0,0,682
2021-08-03 01:57:01 UTC,3236,4,13,,0,0,0,0,682
2021-08-03 02:57:01 UTC,3237,4,17,,3.9,0,0,0,682
2021-08-03 03:57:01 UTC,3238,6,23,,0,0,0,0,682
2021-08-03 04:57:01 UTC,3239,35,58,,0,0,0,0,682
2021-08-03 05:57:01 UTC,3240,26,84,,0,0,0,0,682
2021-08-03 06:57:01 UTC,3241,22,106,,4,0,0,0,682
2021-08-03 07:57:01 UTC,3242,35,144,,0,0,0,0,682
2021-08-03 08:57:01 UTC,3243,39,183,,0,0,0,0,682
2021-08-03 09:57:01 UTC,3244,41,224,,0,0,0,0,682
2021-08-03 10:57:01 UTC,3245,44,268,,4,0,0,0,682
2021-08-03 11:57:01 UTC,3246,37,305,,0,0,0,0,682
2021-08-03 12:57:01 UTC,3247,55,360,,0,0,0,0,682
2021-08-03 13:57:01 UTC,3248,45,405,,0,0,0,0,682
2021-08-03 14:57:01 UTC,3249,50,455,,0,0,0,0,682
2021-08-03 15:57:01 UTC,3250,47,502,,0,0,0,0,682
2021-08-03 16:57:01 UTC,3251,45,547,,0,0,0,0,682
2021-08-03 17:57:01 UTC,3252,37,584,,0,0,0,0,682
2021-08-03 18:57:01 UTC,3253,25,609,,0,0,0,0,682
2021-08-03 19:57:01 UTC,3254,34,643,,0,0,0,0,682
2021-08-03 20:57:01 UTC,3255,25,668,,4,0,0,0,682
2021-08-03 21:57:01 UTC,3256,,,668,,,,,
2021-08-03 22:57:01 UTC,3257,12,12,,0,0,0,0,678
2021-08-03 23:57:01 UTC,3258,11,23,,0,0,0,0,678
2021-08-04 00:57:01 UTC,3259,15,38,,0,0,0,0,678
2021-08-04 01:57:01 UTC,3260,6,44,,0,0,0,0,678
2021-08-04 02:57:01 UTC,3261,1,45,,3.9,0,0,0,678
2021-08-04 03:57:01 UTC,3262,10,55,,0,0,0,0,678
2021-08-04 04:57:01 UTC,3263,25,80,,0,0,0,0,678
2021-08-04 05:57:01 UTC,3264,18,98,,0,0,0,0,678
2021-08-04 06:57:01 UTC,3265,9,107,,4,0,0,0,678
2021-08-04 07:57:01 UTC,3266,17,125,,0,0,0,0,678
2021-08-04 08:57:01 UTC,3267,34,159,,0,0,0,0,678
2021-08-04 09:57:01 UTC,3268,32,191,,0,0,0,0,678
2021-08-04 10:57:01 UTC,3269,34,225,,0,0,0,0,678
2021-08-04 11:57:01 UTC,3270,56,281,,0,0,0,0,678
2021-08-04 12:57:01 UTC,3271,79,360,,0,0,0,0,678
2021-08-04 13:57:01 UTC,3272,43,403,,0,0,0,0,678
2021-08-04 14:57:01 UTC,3273,33,436,,0,0,0,0,678
2021-08-04 15:57:01 UTC,3274,46,482,,0,0,0,0,678
2021-08-04 16:57:01 UTC,3275,43,525,,0,0,0,0,678
2021-08-04 17:57:01 UTC,3276,50,575,,0,0,0,0,678
2021-08-04 18:57:01 UTC,3277,37,612,,0,0,0,0,678
2021-08-04 19:57:01 UTC,3278,20,632,,0,0,0,0,678
2021-08-04 20:57:01 UTC,3279,11,643,,4,0,0,0,678
2021-08-04 21:57:01 UTC,3280,,,643,,,,,
2021-08-04 22:57:01 UTC,3281,6,6,,0,0,0,0,647
2021-08-04 23:57:01 UTC,3282,5,11,,0,0,0,0,647
2021-08-05 00:57:01 UTC,3283,3,14,,0,0,0,0,647
2021-08-05 01:57:01 UTC,3284,4,18,,0,0,0,0,647
2021-08-05 02:57:01 UTC,3285,3,21,,4,0,0,0,647
2021-08-05 03:57:01 UTC,3286,5,27,,0,0,0,0,647
2021-08-05 04:57:01 UTC,3287,25,52,,0,0,0,0,647
2021-08-05 05:57:01 UTC,3288,20,72,,0,0,0,0,647
2021-08-05 06:57:01 UTC,3289,5,77,,4,0,0,0,647
2021-08-05 07:57:01 UTC,3290,15,92,,0,0,0,0,647
2021-08-05 08:57:01 UTC,3291,47,139,,0,0,0,0,647
2021-08-05 09:57:01 UTC,3292,28,167,,0,0,0,0,647
2021-08-05 10:57:01 UTC,3293,31,198,,4,0,0,0,647
2021-08-05 11:57:01 UTC,3294,26,224,,0,0,0,0,647
2021-08-05 12:57:01 UTC,3295,35,259,,0,0,0,0,647
2021-08-05 13:57:01 UTC,3296,54,313,,0,0,0,0,647
2021-08-05 14:57:01 UTC,3297,57,370,,0,0,0,0,647
2021-08-05 15:57:01 UTC,3298,40,410,,0,0,0,0,647
2021-08-05 16:57:01 UTC,3299,37,447,,0,0,0,0,647
2021-08-05 17:57:01 UTC,3300,55,502,,0,0,0,0,647
2021-08-05 18:57:01 UTC,3301,30,532,,4,0,0,0,647
2021-08-05 19:57:01 UTC,3302,18,550,,0,0,0,0,647
2021-08-05 20:57:01 UTC,3303,8,558,,4,0,0,0,647
2021-08-05 21:57:01 UTC,3304,,,558,,,,,
2021-08-05 22:57:01 UTC,3305,11,11,,0,0,0,0,563
2021-08-05 23:57:01 UTC,3306,0,11,,0,0,0,0,563
2021-08-06 00:57:01 UTC,3307,0,11,,0,0,0,0,563
2021-08-06 01:57:01 UTC,3308,1,12,,0,0,0,0,563
2021-08-06 02:57:01 UTC,3309,1,13,,4,0,0,0,563
2021-08-06 03:57:01 UTC,3310,2,15,,0,0,0,0,563
2021-08-06 04:57:01 UTC,3311,18,33,,0,0,0,0,563
2021-08-06 05:57:01 UTC,3312,52,85,,0,0,0,0,563
2021-08-06 06:57:01 UTC,3313,30,115,,3.9,0,0,0,563
2021-08-06 07:57:01 UTC,3314,23,138,,0,0,0,0,563
2021-08-06 08:57:01 UTC,3315,37,175,,0,0,0,0,563
2021-08-06 09:57:01 UTC,3316,29,204,,0,0,0,0,563
2021-08-06 10:57:01 UTC,3317,44,248,,0,0,0,0,563
2021-08-06 11:57:01 UTC,3318,25,273,,0,0,0,0,563
2021-08-06 12:57:01 UTC,3319,30,303,,0,0,0,0,563
2021-08-06 13:57:01 UTC,3320,34,337,,0,0,0,0,563
2021-08-06 14:57:01 UTC,3321,19,356,,0,0,0,0,563
2021-08-06 15:57:01 UTC,3322,26,382,,0,0,0,0,563
2021-08-06 16:57:01 UTC,3323,37,419,,0,0,0,0,563
2021-08-06 17:57:01 UTC,3324,51,470,,0,0,0,0,563
2021-08-06 18:57:01 UTC,3325,36,506,,0,0,0,0,563
2021-08-06 19:57:01 UTC,3326,22,528,,0,0,0,0,563
2021-08-06 20:57:01 UTC,3327,16,544,,3.9,0,0,0,563
2021-08-06 21:57:01 UTC,3328,,,544,,,,,
2021-08-06 22:57:01 UTC,3329,2,2,,0,0,0,0,554
2021-08-06 23:57:01 UTC,3330,6,8,,0,0,0,0,554
2021-08-07 00:57:01 UTC,3331,5,13,,0,0,0,0,554
2021-08-07 01:57:01 UTC,3332,1,14,,0,0,0,0,554
2021-08-07 02:57:01 UTC,3333,1,15,,3.9,0,0,0,554
2021-08-07 03:57:01 UTC,3334,0,15,,0,0,0,0,554
2021-08-07 04:57:01 UTC,3335,13,28,,0,0,0,0,554
2021-08-07 05:57:01 UTC,3336,18,46,,0,0,0,0,554
2021-08-07 06:57:01 UTC,3337,27,73,,4,0,0,0,554
2021-08-07 07:57:01 UTC,3338,35,110,,0,0,0,0,554
2021-08-07 08:57:01 UTC,3339,30,140,,0,0,0,0,554
2021-08-07 09:57:01 UTC,3340,51,191,,0,0,0,0,554
2021-08-07 10:57:01 UTC,3341,123,314,,0,0,0,0,554
2021-08-07 11:57:01 UTC,3342,100,414,,0,0,0,0,554
2021-08-07 12:57:01 UTC,3343,117,531,,0,0,0,0,554
2021-08-07 13:57:01 UTC,3344,133,664,,0,0,0,0,554
2021-08-07 14:57:01 UTC,3345,44,708,,0,0,0,0,554
2021-08-07 15:57:01 UTC,3346,34,742,,0,0,0,0,554
2021-08-07 16:57:01 UTC,3347,51,793,,0,0,0,0,554
2021-08-07 17:57:01 UTC,3348,87,880,,0,0,0,0,554
2021-08-07 18:57:01 UTC,3349,34,914,,0,0,0,0,554
2021-08-07 19:57:01 UTC,3350,31,945,,0,0,0,0,554
2021-08-07 20:57:01 UTC,3351,9,954,,4,0,0,0,554
2021-08-07 21:57:01 UTC,3352,,,954,,,,,
2021-08-07 22:57:01 UTC,3353,10,10,,0,0,0,0,968
2021-08-07 23:57:01 UTC,3354,9,19,,0,0,0,0,968
2021-08-08 00:57:01 UTC,3355,11,30,,0,0,0,0,968
2021-08-08 01:57:01 UTC,3356,5,35,,0,0,0,0,968
2021-08-08 02:57:01 UTC,3357,3,38,,4,0,0,0,968
2021-08-08 03:57:01 UTC,3358,4,42,,0,0,0,0,968
2021-08-08 04:57:01 UTC,3359,6,48,,0,0,0,0,968
2021-08-08 05:57:01 UTC,3360,7,55,,0,0,0,0,968
2021-08-08 06:57:01 UTC,3361,13,68,,4,0,0,0,968
2021-08-08 07:57:01 UTC,3362,19,89,,0,0,0,0,968
2021-08-08 08:57:01 UTC,3363,54,143,,0,0,0,0,968
2021-08-08 09:57:01 UTC,3364,109,252,,0,0,0,0,968
2021-08-08 10:57:01 UTC,3365,131,383,,0,0,0,0,968
2021-08-08 11:57:01 UTC,3366,183,566,,0,0,0,0,968
2021-08-08 12:57:01 UTC,3367,92,658,,0,0,0,0,968
2021-08-08 13:57:01 UTC,3368,42,700,,0,0,0,0,968
2021-08-08 14:57:01 UTC,3369,47,747,,0,0,0,0,968
2021-08-08 15:57:01 UTC,3370,31,778,,0,0,0,0,968
2021-08-08 16:57:01 UTC,3371,45,823,,0,0,0,0,968
2021-08-08 17:57:01 UTC,3372,42,865,,0,0,0,0,968
2021-08-08 18:57:01 UTC,3373,47,912,,0,0,0,0,968
2021-08-08 19:57:01 UTC,3374,17,929,,0,0,0,0,968
2021-08-08 20:57:01 UTC,3375,11,940,,4,0,0,0,968
2021-08-08 21:57:01 UTC,3376,,,940,,,,,
2021-08-08 22:57:01 UTC,3377,6,6,,0,0,0,0,947
2021-08-08 23:57:01 UTC,3378,8,14,,0,0,0,0,947
2021-08-09 00:57:01 UTC,3379,2,16,,0,0,0,0,947
2021-08-09 01:57:01 UTC,3380,0,16,,0,0,0,0,947
2021-08-09 02:57:01 UTC,3381,2,18,,4,0,0,0,947
2021-08-09 03:57:01 UTC,3382,7,25,,0,0,0,0,947
2021-08-09 04:57:01 UTC,3383,17,42,,0,0,0,0,947
2021-08-09 05:57:01 UTC,3384,30,72,,0,0,0,0,947
2021-08-09 06:57:01 UTC,3385,6,78,,4,0,0,0,947
2021-08-09 07:57:01 UTC,3386,11,90,,0,0,0,0,947
2021-08-09 08:57:01 UTC,3387,39,129,,0,0,0,0,947
2021-08-09 09:57:01 UTC,3388,119,248,,0,0,0,0,947
2021-08-09 10:57:01 UTC,3389,36,284,,0,0,0,0,947
2021-08-09 11:57:01 UTC,3390,40,324,,0,0,0,0,947
2021-08-09 12:57:01 UTC,3391,30,354,,0,0,0,0,947
2021-08-09 13:57:01 UTC,3392,20,374,,0,0,0,0,947
2021-08-09 14:57:01 UTC,3393,24,398,,0,0,0,0,947
2021-08-09 15:57:01 UTC,3394,33,431,,0,0,0,0,947
2021-08-09 16:57:01 UTC,3395,38,469,,0,0,0,0,947
2021-08-09 17:57:01 UTC,3396,28,497,,0,0,0,0,947
2021-08-09 18:57:01 UTC,3397,32,529,,4,0,0,0,947
2021-08-09 19:57:01 UTC,3398,36,565,,0,0,0,0,947
2021-08-09 20:57:01 UTC,3399,25,590,,3.9,0,0,0,947
2021-08-09 21:57:01 UTC,3400,,,590,,,,,
2021-08-09 22:57:01 UTC,3401,18,18,,0,0,0,0,606
2021-08-09 23:57:01 UTC,3402,4,22,,0,0,0,0,606
2021-08-10 00:57:01 UTC,3403,7,29,,0,0,0,0,606
2021-08-10 01:57:01 UTC,3404,2,31,,0,0,0,0,606
2021-08-10 02:57:01 UTC,3405,6,37,,4,0,0,0,606
2021-08-10 03:57:01 UTC,3406,7,44,,0,0,0,0,606
2021-08-10 04:57:01 UTC,3407,34,78,,0,0,0,0,606
2021-08-10 05:57:01 UTC,3408,45,123,,0,0,0,0,606
2021-08-10 06:57:01 UTC,3409,51,174,,4,0,0,0,606
2021-08-10 07:57:01 UTC,3410,49,224,,0,0,0,0,606
2021-08-10 08:57:01 UTC,3411,58,282,,0,0,0,0,606
2021-08-10 09:57:01 UTC,3412,54,336,,0,0,0,0,606
2021-08-10 10:57:01 UTC,3413,51,387,,0,0,0,0,606
2021-08-10 11:57:01 UTC,3414,36,423,,0,0,0,0,606
2021-08-10 12:57:01 UTC,3415,63,486,,0,0,0,0,606
2021-08-10 13:57:01 UTC,3416,51,537,,0,0,0,0,606
2021-08-10 14:57:01 UTC,3417,35,572,,0,0,0,0,606
2021-08-10 15:57:01 UTC,3418,44,616,,0,0,0,0,606
2021-08-10 16:57:01 UTC,3419,53,669,,0,0,0,0,606
2021-08-10 17:57:01 UTC,3420,28,697,,0,0,0,0,606
2021-08-10 18:57:01 UTC,3421,24,721,,0,0,0,0,606
2021-08-10 19:57:01 UTC,3422,15,736,,0,0,0,0,606
2021-08-10 20:57:01 UTC,3423,7,743,,4,0,0,0,606
2021-08-10 21:57:01 UTC,3424,,,743,,,,,
2021-08-10 22:57:01 UTC,3425,4,4,,0,0,0,0,751
2021-08-10 23:57:01 UTC,3426,0,4,,0,0,0,0,751
2021-08-11 00:57:01 UTC,3427,3,7,,0,0,0,0,751
2021-08-11 01:57:01 UTC,3428,3,10,,0,0,0,0,751
2021-08-11 02:57:01 UTC,3429,2,12,,4,0,0,0,751
2021-08-11 03:57:01 UTC,3430,6,18,,0,0,0,0,751
2021-08-11 04:57:01 UTC,3431,24,42,,0,0,0,0,751
2021-08-11 05:57:01 UTC,3432,22,64,,0,0,0,0,751
2021-08-11 06:57:01 UTC,3433,21,85,,4,0,0,0,751
2021-08-11 07:57:01 UTC,3434,36,123,,0,0,0,0,751
2021-08-11 08:57:01 UTC,3435,13,136,,0,0,0,0,751
2021-08-11 09:57:01 UTC,3436,38,174,,0,0,0,0,751
2021-08-11 10:57:01 UTC,3437,38,212,,0,0,0,0,751
2021-08-11 11:57:01 UTC,3438,27,239,,0,0,0,0,751
2021-08-11 12:57:01 UTC,3439,28,267,,0,0,0,0,751
2021-08-11 13:57:01 UTC,3440,28,295,,0,0,0,0,751
2021-08-11 14:57:01 UTC,3441,45,340,,0,0,0,0,751
2021-08-11 15:57:01 UTC,3442,41,381,,0,0,0,0,751
2021-08-11 16:57:01 UTC,3443,51,432,,0,0,0,0,751
2021-08-11 17:57:01 UTC,3444,68,500,,0,0,0,0,751
2021-08-11 18:57:01 UTC,3445,67,567,,0,0,0,0,751
2021-08-11 19:57:01 UTC,3446,36,603,,0,0,0,0,751
2021-08-11 20:57:01 UTC,3447,26,629,,4,0,0,0,751
2021-08-11 21:57:01 UTC,3448,,,629,,,,,
