created_at,entry_id,field1,field2,field3,field4,field5,field6,field7,field8
2022-05-01 00:57:01 UTC,9732,15,64,,0,0,0,0,1370
2022-05-01 01:57:01 UTC,9733,11,75,,0,0,0,0,1370
2022-05-01 02:57:01 UTC,9734,3,78,,4,0,0,0,1370
2022-05-01 03:57:01 UTC,9735,13,93,,0,0,0,0,1370
2022-05-01 04:57:01 UTC,9736,13,106,,0,0,0,0,1370
2022-05-01 05:57:01 UTC,9737,17,123,,0,0,0,0,1370
2022-05-01 06:57:01 UTC,9738,20,143,,4,0,0,0,1370
2022-05-01 07:57:01 UTC,9739,34,178,,0,0,0,0,1370
2022-05-01 08:57:01 UTC,9740,37,215,,0,0,0,0,1370
2022-05-01 09:57:01 UTC,9741,26,241,,0,0,0,0,1370
2022-05-01 10:57:01 UTC,9742,45,286,,4,0,0,0,1370
2022-05-01 11:57:01 UTC,9743,55,346,,0,0,0,0,1370
2022-05-01 12:57:01 UTC,9744,39,385,,0,0,0,0,1370
2022-05-01 13:57:01 UTC,9745,52,437,,0,0,0,0,1370
2022-05-01 14:57:01 UTC,9746,76,513,,4,0,0,0,1370
2022-05-01 15:57:01 UTC,9747,64,580,,0,0,0,0,1370
2022-05-01 16:57:01 UTC,9748,74,654,,0,0,0,0,1370
2022-05-01 17:57:01 UTC,9749,68,722,,0,0,0,0,1370
2022-05-01 18:57:01 UTC,9750,69,791,,4,0,0,0,1370
2022-05-01 19:57:01 UTC,9751,35,831,,0,0,0,0,1370
2022-05-01 20:57:01 UTC,9752,35,866,,4,0,0,0,1370
2022-05-01 21:57:01 UTC,9753,,,866,,,,,
2022-05-01 22:57:01 UTC,9754,19,19,,0,0,0,0,894
2022-05-01 23:57:01 UTC,9755,12,31,,0,0,0,0,894
2022-05-02 00:57:01 UTC,9756,1,32,,0,0,0,0,894
2022-05-02 01:57:01 UTC,9757,4,36,,0,0,0,0,894
2022-05-02 02:57:01 UTC,9758,4,40,,4,0,0,0,894
2022-05-02 03:57:01 UTC,9759,20,64,,0,0,0,0,894
2022-05-02 04:57:01 UTC,9760,78,142,,0,0,0,0,894
2022-05-02 05:57:01 UTC,9761,139,281,,0,0,0,0,894
2022-05-02 06:57:01 UTC,9762,174,455,,4,0,0,0,894
2022-05-02 07:57:01 UTC,9763,127,617,,0,0,0,0,894
2022-05-02 08:57:01 UTC,9764,90,707,,0,0,0,0,894
2022-05-02 09:57:01 UTC,9765,63,770,,0,0,0,0,894
2022-05-02 10:57:01 UTC,9766,63,833,,4,0,0,0,894
2022-05-02 11:57:01 UTC,9767,82,915,,0,0,0,0,894
2022-05-02 12:57:01 UTC,9768,79,994,,0,0,0,0,894
2022-05-02 13:57:01 UTC,9769,78,1072,,0,0,0,0,894
2022-05-02 14:57:01 UTC,9770,88,1160,,4,0,0,0,894
2022-05-02 15:57:01 UTC,9771,83,1245,,0,0,0,0,894
2022-05-02 16:57:01 UTC,9772,51,1296,,0,0,0,0,894
2022-05-02 17:57:01 UTC,9773,45,1341,,0,0,0,0,894
2022-05-02 18:57:01 UTC,9774,47,1388,,4,0,0,0,894
2022-05-02 19:57:01 UTC,9775,34,1426,,0,0,0,0,894
2022-05-02 20:57:01 UTC,9776,27,1453,,4,0,0,0,894
2022-05-02 21:57:01 UTC,9777,,,1453,,,,,
2022-05-02 22:57:01 UTC,9778,12,12,,0,0,0,0,1462
2022-05-02 23:57:01 UTC,9779,4,16,,0,0,0,0,1462
2022-05-03 00:57:01 UTC,9780,2,18,,0,0,0,0,1462
2022-05-03 01:57:01 UTC,9781,2,20,,0,0,0,0,1462
2022-05-03 02:57:01 UTC,9782,2,22,,4,0,0,0,1462
2022-05-03 03:57:01 UTC,9783,17,41,,0,0,0,0,1462
2022-05-03 04:57:01 UTC,9784,52,93,,0,0,0,0,1462
2022-05-03 05:57:01 UTC,9785,140,233,,0,0,0,0,1462
2022-05-03 06:57:01 UTC,9786,211,444,,4,0,0,0,1462
2022-05-03 07:57:01 UTC,9787,135,597,,0,0,0,0,1462
2022-05-03 08:57:01 UTC,9788,111,708,,0,0,0,0,1462
2022-05-03 09:57:01 UTC,9789,59,767,,0,0,0,0,1462
2022-05-03 10:57:01 UTC,9790,61,828,,4,0,0,0,1462
2022-05-03 11:57:01 UTC,9791,93,926,,0,0,0,0,1462
2022-05-03 12:57:01 UTC,9792,97,1023,,0,0,0,0,1462
2022-05-03 13:57:01 UTC,9793,105,1128,,0,0,0,0,1462
2022-05-03 14:57:01 UTC,9794,65,1193,,4,0,0,0,1462
2022-05-03 15:57:01 UTC,9795,97,1291,,0,0,0,0,1462
2022-05-03 16:57:01 UTC,9796,86,1377,,0,0,0,0,1462
2022-05-03 17:57:01 UTC,9797,88,1465,,0,0,0,0,1462
2022-05-03 18:57:01 UTC,9798,67,1532,,4,0,0,0,1462
2022-05-03 19:57:01 UTC,9799,49,1585,,0,0,0,0,1462
2022-05-03 20:57:01 UTC,9800,28,1613,,4,0,0,0,1462
2022-05-03 21:57:01 UTC,9801,,,1613,,,,,
2022-05-03 22:57:01 UTC,9802,19,19,,0,0,0,0,1636
2022-05-03 23:57:01 UTC,9803,10,29,,0,0,0,0,1636
2022-05-04 00:57:01 UTC,9804,2,31,,0,0,0,0,1636
2022-05-04 01:57:01 UTC,9805,3,34,,0,0,0,0,1636
2022-05-04 02:57:01 UTC,9806,6,40,,4,0,0,0,1636
2022-05-04 03:57:01 UTC,9807,10,52,,0,0,0,0,1636
2022-05-04 04:57:01 UTC,9808,66,118,,0,0,0,0,1636
2022-05-04 05:57:01 UTC,9809,177,295,,0,0,0,0,1636
2022-05-04 06:57:01 UTC,9810,173,468,,4,0,0,0,1636
2022-05-04 07:57:01 UTC,9811,135,632,,0,0,0,0,1636
2022-05-04 08:57:01 UTC,9812,65,697,,0,0,0,0,1636
2022-05-04 09:57:01 UTC,9813,68,765,,0,0,0,0,1636
2022-05-04 10:57:01 UTC,9814,71,836,,4,0,0,0,1636
2022-05-04 11:57:01 UTC,9815,153,991,,0,0,0,0,1636
2022-05-04 12:57:01 UTC,9816,68,1059,,0,0,0,0,1636
2022-05-04 13:57:01 UTC,9817,96,1155,,0,0,0,0,1636
2022-05-04 14:57:01 UTC,9818,60,1215,,4,0,0,0,1636
2022-05-04 15:57:01 UTC,9819,77,1292,,0,0,0,0,1636
2022-05-04 16:57:01 UTC,9820,64,1356,,0,0,0,0,1636
2022-05-04 17:57:01 UTC,9821,94,1450,,0,0,0,0,1636
2022-05-04 18:57:01 UTC,9822,76,1526,,4,0,0,0,1636
2022-05-04 19:57:01 UTC,9823,41,1568,,0,0,0,0,1636
2022-05-04 20:57:01 UTC,9824,38,1606,,4,0,0,0,1636
2022-05-04 21:57:01 UTC,9825,,,1606,,,,,
2022-05-04 22:57:01 UTC,9826,16,16,,0,0,0,0,1628
2022-05-04 23:57:01 UTC,9827,6,22,,0,0,0,0,1628
2022-05-05 00:57:01 UTC,9828,3,25,,0,0,0,0,1628
2022-05-05 01:57:01 UTC,9829,3,28,,0,0,0,0,1628
2022-05-05 02:57:01 UTC,9830,7,35,,4,0,0,0,1628
2022-05-05 03:57:01 UTC,9831,21,59,,0,0,0,0,1628
2022-05-05 04:57:01 UTC,9832,56,115,,0,0,0,0,1628
2022-05-05 05:57:01 UTC,9833,112,227,,0,0,0,0,1628
2022-05-05 06:57:01 UTC,9834,203,430,,4,0,0,0,1628
2022-05-05 07:57:01 UTC,9835,114,551,,0,0,0,0,1628
2022-05-05 08:57:01 UTC,9836,38,589,,0,0,0,0,1628
2022-05-05 09:57:01 UTC,9837,56,645,,0,0,0,0,1628
2022-05-05 10:57:01 UTC,9838,52,697,,4,0,0,0,1628
2022-05-05 11:57:01 UTC,9839,63,762,,0,0,0,0,1628
2022-05-05 12:57:01 UTC,9840,51,813,,0,0,0,0,1628
2022-05-05 13:57:01 UTC,9841,88,901,,0,0,0,0,1628
2022-05-05 14:57:01 UTC,9842,75,976,,4,0,0,0,1628
2022-05-05 15:57:01 UTC,9843,73,1052,,0,0,0,0,1628
2022-05-05 16:57:01 UTC,9844,77,1129,,0,0,0,0,1628
2022-05-05 17:57:01 UTC,9845,86,1215,,0,0,0,0,1628
2022-05-05 18:57:01 UTC,9846,71,1286,,4,0,0,0,1628
2022-05-05 19:57:01 UTC,9847,31,1317,,0,0,0,0,1628
2022-05-05 20:57:01 UTC,9848,24,1341,,4,0,0,0,1628
2022-05-05 21:57:01 UTC,9849,,,1341,,,,,
2022-05-05 22:57:01 UTC,9850,20,20,,0,0,0,0,1358
2022-05-05 23:57:01 UTC,9851,13,33,,0,0,0,0,1358
2022-05-06 00:57:01 UTC,9852,5,38,,0,0,0,0,1358
2022-05-06 01:57:01 UTC,9853,6,44,,0,0,0,0,1358
2022-05-06 02:57:01 UTC,9854,7,51,,4,0,0,0,1358
2022-05-06 03:57:01 UTC,9855,22,75,,0,0,0,0,1358
2022-05-06 04:57:01 UTC,9856,86,161,,0,0,0,0,1358
2022-05-06 05:57:01 UTC,9857,154,315,,0,0,0,0,1358
2022-05-06 06:57:01 UTC,9858,153,468,,4,0,0,0,1358
2022-05-06 07:57:01 UTC,9859,132,609,,0,0,0,0,1358
2022-05-06 08:57:01 UTC,9860,53,662,,0,0,0,0,1358
2022-05-06 09:57:01 UTC,9861,49,711,,0,0,0,0,1358
2022-05-06 10:57:01 UTC,9862,52,763,,4,0,0,0,1358
2022-05-06 11:57:01 UTC,9863,62,827,,0,0,0,0,1358
2022-05-06 12:57:01 UTC,9864,54,881,,0,0,0,0,1358
2022-05-06 13:57:01 UTC,9865,39,920,,0,0,0,0,1358
2022-05-06 14:57:01 UTC,9866,37,957,,4,0,0,0,1358
2022-05-06 15:57:01 UTC,9867,42,1002,,0,0,0,0,1358
2022-05-06 16:57:01 UTC,9868,35,1037,,0,0,0,0,1358
2022-05-06 17:57:01 UTC,9869,38,1075,,0,0,0,0,1358
2022-05-06 18:57:01 UTC,9870,55,1130,,4,0,0,0,1358
2022-05-06 19:57:01 UTC,9871,48,1180,,0,0,0,0,1358
2022-05-06 20:57:01 UTC,9872,25,1205,,4,0,0,0,1358
2022-05-06 21:57:01 UTC,9873,,,1205,,,,,
2022-05-06 22:57:01 UTC,9874,9,9,,0,0,0,0,1222
2022-05-06 23:57:01 UTC,9875,14,23,,0,0,0,0,1222
2022-05-07 00:57:01 UTC,9876,12,35,,0,0,0,0,1222
2022-05-07 01:57:01 UTC,9877,4,39,,0,0,0,0,1222
2022-05-07 02:57:01 UTC,9878,7,46,,4,0,0,0,1222
2022-05-07 03:57:01 UTC,9879,21,70,,0,0,0,0,1222
2022-05-07 04:57:01 UTC,9880,19,89,,0,0,0,0,1222
2022-05-07 05:57:01 UTC,9881,42,131,,0,0,0,0,1222
2022-05-07 06:57:01 UTC,9882,38,169,,4,0,0,0,1222
2022-05-07 07:57:01 UTC,9883,45,224,,0,0,0,0,1222
2022-05-07 08:57:01 UTC,9884,47,271,,0,0,0,0,1222
2022-05-07 09:57:01 UTC,9885,44,315,,0,0,0,0,1222
2022-05-07 10:57:01 UTC,9886,60,375,,4,0,0,0,1222
2022-05-07 11:57:01 UTC,9887,54,431,,0,0,0,0,1222
2022-05-07 12:57:01 UTC,9888,60,491,,0,0,0,0,1222
2022-05-07 13:57:01 UTC,9889,53,544,,0,0,0,0,1222
2022-05-07 14:57:01 UTC,9890,33,577,,4,0,0,0,1222
2022-05-07 15:57:01 UTC,9891,28,605,,0,0,0,0,1222
2022-05-07 16:57:01 UTC,9892,44,649,,0,0,0,0,1222
2022-05-07 17:57:01 UTC,9893,76,725,,0,0,0,0,1222
2022-05-07 18:57:01 UTC,9894,110,835,,4,0,0,0,1222
2022-05-07 19:57:01 UTC,9895,63,905,,0,0,0,0,1222
2022-05-07 20:57:01 UTC,9896,28,933,,4,0,0,0,1222
2022-05-07 21:57:01 UTC,9897,,,933,,,,,
2022-05-07 22:57:01 UTC,9898,16,16,,0,0,0,0,968
2022-05-07 23:57:01 UTC,9899,16,32,,0,0,0,0,968
2022-05-08 00:57:01 UTC,9900,14,46,,0,0,0,0,968
2022-05-08 01:57:01 UTC,9901,13,59,,0,0,0,0,968
2022-05-08 02:57:01 UTC,9902,5,64,,4,0,0,0,968
2022-05-08 03:57:01 UTC,9903,6,71,,0,0,0,0,968
2022-05-08 04:57:01 UTC,9904,7,78,,0,0,0,0,968
2022-05-08 05:57:01 UTC,9905,15,93,,0,0,0,0,968
2022-05-08 06:57:01 UTC,9906,26,119,,4,0,0,0,968
2022-05-08 07:57:01 UTC,9907,50,172,,0,0,0,0,968
2022-05-08 08:57:01 UTC,9908,46,218,,0,0,0,0,968
2022-05-08 09:57:01 UTC,9909,56,274,,0,0,0,0,968
2022-05-08 10:57:01 UTC,9910,73,347,,4,0,0,0,968
2022-05-08 11:57:01 UTC,9911,53,403,,0,0,0,0,968
2022-05-08 12:57:01 UTC,9912,33,436,,0,0,0,0,968
2022-05-08 13:57:01 UTC,9913,42,478,,0,0,0,0,968
2022-05-08 14:57:01 UTC,9914,49,527,,4,0,0,0,968
2022-05-08 15:57:01 UTC,9915,65,592,,0,0,0,0,968
2022-05-08 16:57:01 UTC,9916,64,656,,0,0,0,0,968
2022-05-08 17:57:01 UTC,9917,63,719,,0,0,0,0,968
2022-05-08 18:57:01 UTC,9918,41,760,,4,0,0,0,968
2022-05-08 19:57:01 UTC,9919,32,793,,0,0,0,0,968
2022-05-08 20:57:01 UTC,9920,16,809,,4,0,0,0,968
2022-05-08 21:57:01 UTC,9921,,,809,,,,,
2022-05-08 22:57:01 UTC,9922,18,18,,0,0,0,0,830
2022-05-08 23:57:01 UTC,9923,7,25,,0,0,0,0,830
2022-05-09 00:57:01 UTC,9924,4,29,,0,0,0,0,830
2022-05-09 01:57:01 UTC,9925,4,33,,0,0,0,0,830
2022-05-09 02:57:01 UTC,9926,8,41,,4,0,0,0,830
2022-05-09 03:57:01 UTC,9927,18,62,,0,0,0,0,830
2022-05-09 04:57:01 UTC,9928,67,129,,0,0,0,0,830
2022-05-09 05:57:01 UTC,9929,119,248,,0,0,0,0,830
2022-05-09 06:57:01 UTC,9930,149,397,,4,0,0,0,830
2022-05-09 07:57:01 UTC,9931,144,559,,0,0,0,0,830
2022-05-09 08:57:01 UTC,9932,76,635,,0,0,0,0,830
2022-05-09 09:57:01 UTC,9933,72,707,,0,0,0,0,830
2022-05-09 10:57:01 UTC,9934,69,776,,4,0,0,0,830
2022-05-09 11:57:01 UTC,9935,42,818,,0,0,0,0,830
2022-05-09 12:57:01 UTC,9936,44,862,,0,0,0,0,830
2022-05-09 13:57:01 UTC,9937,38,900,,0,0,0,0,830
2022-05-09 14:57:01 UTC,9938,55,955,,4,0,0,0,830
2022-05-09 15:57:01 UTC,9939,57,1014,,0,0,0,0,830
2022-05-09 16:57:01 UTC,9940,79,1093,,0,0,0,0,830
2022-05-09 17:57:01 UTC,9941,59,1152,,0,0,0,0,830
2022-05-09 18:57:01 UTC,9942,44,1196,,4,0,0,0,830
2022-05-09 19:57:01 UTC,9943,32,1229,,0,0,0,0,830
2022-05-09 20:57:01 UTC,9944,15,1244,,4,0,0,0,830
2022-05-09 21:57:01 UTC,9945,,,1244,,,,,
2022-05-09 22:57:01 UTC,9946,5,5,,0,0,0,0,1254
2022-05-09 23:57:01 UTC,9947,9,14,,0,0,0,0,1254
2022-05-10 00:57:01 UTC,9948,2,16,,0,0,0,0,1254
2022-05-10 01:57:01 UTC,9949,5,21,,0,0,0,0,1254
2022-05-10 02:57:01 UTC,9950,8,29,,3.9,0,0,0,1254
2022-05-10 03:57:01 UTC,9951,27,58,,0,0,0,0,1254
2022-05-10 04:57:01 UTC,9952,64,122,,0,0,0,0,1254
2022-05-10 05:57:01 UTC,9953,173,295,,0,0,0,0,1254
2022-05-10 06:57:01 UTC,9954,248,543,,4,0,0,0,1254
2022-05-10 07:57:01 UTC,9955,159,724,,0,0,0,0,1254
2022-05-10 08:57:01 UTC,9956,75,799,,0,0,0,0,1254
2022-05-10 09:57:01 UTC,9957,80,879,,0,0,0,0,1254
2022-05-10 10:57:01 UTC,9958,70,949,,4,0,0,0,1254
2022-05-10 11:57:01 UTC,9959,103,1054,,0,0,0,0,1254
2022-05-10 12:57:01 UTC,9960,82,1136,,0,0,0,0,1254
2022-05-10 13:57:01 UTC,9961,92,1228,,0,0,0,0,1254
2022-05-10 14:57:01 UTC,9962,57,1285,,0,0,0,0,1254
2022-05-10 15:57:01 UTC,9963,97,1382,,0,0,0,0,1254
2022-05-10 16:57:01 UTC,9964,76,1458,,0,0,0,0,1254
2022-05-10 17:57:01 UTC,9965,88,1546,,0,0,0,0,1254
2022-05-10 18:57:01 UTC,9966,66,1612,,4,0,0,0,1254
2022-05-10 19:57:01 UTC,9967,51,1664,,0,0,0,0,1254
2022-05-10 20:57:01 UTC,9968,20,1684,,4,0,0,0,1254
2022-05-10 21:57:01 UTC,9969,,,1684,,,,,
2022-05-10 22:57:01 UTC,9970,19,19,,0,0,0,0,1704
2022-05-10 23:57:01 UTC,9971,9,28,,0,0,0,0,1704
2022-05-11 00:57:01 UTC,9972,2,30,,0,0,0,0,1704
2022-05-11 01:57:01 UTC,9973,3,33,,0,0,0,0,1704
2022-05-11 02:57:01 UTC,9974,6,39,,4,0,0,0,1704
2022-05-11 03:57:01 UTC,9975,28,69,,0,0,0,0,1704
2022-05-11 04:57:01 UTC,9976,70,139,,0,0,0,0,1704
2022-05-11 05:57:01 UTC,9977,159,298,,0,0,0,0,1704
2022-05-11 06:57:01 UTC,9978,182,480,,4,0,0,0,1704
2022-05-11 07:57:01 UTC,9979,155,651,,0,0,0,0,1704
2022-05-11 08:57:01 UTC,9980,69,720,,0,0,0,0,1704
2022-05-11 09:57:01 UTC,9981,85,805,,0,0,0,0,1704
2022-05-11 10:57:01 UTC,9982,87,892,,4,0,0,0,1704
2022-05-11 11:57:01 UTC,9983,97,989,,0,0,0,0,1704
2022-05-11 12:57:01 UTC,9984,105,1094,,0,0,0,0,1704
2022-05-11 13:57:01 UTC,9985,118,1212,,0,0,0,0,1704
2022-05-11 14:57:01 UTC,9986,104,1316,,0,0,0,0,1704
2022-05-11 15:57:01 UTC,9987,84,1400,,0,0,0,0,1704
2022-05-11 16:57:01 UTC,9988,80,1480,,0,0,0,0,1704
2022-05-11 17:57:01 UTC,9989,79,1559,,0,0,0,0,1704
2022-05-11 18:57:01 UTC,9990,66,1625,,4,0,0,0,1704
2022-05-11 19:57:01 UTC,9991,38,1663,,0,0,0,0,1704
2022-05-11 20:57:01 UTC,9992,35,1698,,4,0,0,0,1704
2022-05-11 21:57:01 UTC,9993,,,1698,,,,,
