created_at,entry_id,field1,field2,field3,field4,field5,field6,field7,field8
2021-05-01 00:57:01 UTC,955,0,1,,0,0,0,0,750
2021-05-01 01:57:01 UTC,956,1,2,,0,0,0,0,750
2021-05-01 02:57:01 UTC,957,0,2,,0,0,0,0,750
2021-05-01 03:57:01 UTC,958,1,3,,0,0,0,0,750
2021-05-01 04:57:01 UTC,959,8,11,,0,0,0,0,750
2021-05-01 05:57:01 UTC,960,10,21,,0,0,0,0,750
2021-05-01 06:57:01 UTC,961,28,49,,3.9,0,0,0,750
2021-05-01 07:57:01 UTC,962,35,84,,0,0,0,0,750
2021-05-01 08:57:01 UTC,963,59,143,,0,0,0,0,750
2021-05-01 09:57:01 UTC,964,49,192,,0,0,0,0,750
2021-05-01 10:57:01 UTC,965,48,240,,0,0,0,0,750
2021-05-01 11:57:01 UTC,966,15,255,,0,0,0,0,750
2021-05-01 12:57:01 UTC,967,16,271,,0,0,0,0,750
2021-05-01 13:57:01 UTC,968,10,281,,0,0,0,0,750
2021-05-01 14:57:01 UTC,969,11,292,,0,0,0,0,750
2021-05-01 15:57:01 UTC,970,15,307,,0,0,0,0,750
2021-05-01 16:57:01 UTC,971,20,327,,0,0,0,0,750
2021-05-01 17:57:01 UTC,972,15,342,,0,0,0,0,750
2021-05-01 18:57:01 UTC,973,14,356,,0,0,0,0,750
2021-05-01 19:57:01 UTC,974,18,374,,0,0,0,0,750
2021-05-01 20:57:01 UTC,975,4,378,,3.9,0,0,0,750
2021-05-01 21:57:01 UTC,976,,,378,,,,,
2021-05-01 22:57:01 UTC,977,0,0,,0,0,0,0,389
2021-05-01 23:57:01 UTC,978,0,0,,0,0,0,0,389
2021-05-02 00:57:01 UTC,979,0,0,,0,0,0,0,389
2021-05-02 01:57:01 UTC,980,2,2,,0,0,0,0,389
2021-05-02 02:57:01 UTC,981,0,2,,3.9,0,0,0,389
2021-05-02 03:57:01 UTC,982,0,2,,0,0,0,0,389
2021-05-02 04:57:01 UTC,983,6,8,,0,0,0,0,389
2021-05-02 05:57:01 UTC,984,13,21,,0,0,0,0,389
2021-05-02 06:57:01 UTC,985,19,40,,3.9,0,0,0,389
2021-05-02 07:57:01 UTC,986,47,89,,0,0,0,0,389
2021-05-02 08:57:01 UTC,987,51,140,,0,0,0,0,389
2021-05-02 09:57:01 UTC,988,55,195,,0,0,0,0,389
2021-05-02 10:57:01 UTC,989,60,255,,0,0,0,0,389
2021-05-02 11:57:01 UTC,990,43,298,,0,0,0,0,389
2021-05-02 12:57:01 UTC,991,33,331,,0,0,0,0,389
2021-05-02 13:57:01 UTC,992,41,372,,0,0,0,0,389
2021-05-02 14:57:01 UTC,993,36,408,,0,0,0,0,389
2021-05-02 15:57:01 UTC,994,54,462,,0,0,0,0,389
2021-05-02 16:57:01 UTC,995,42,504,,0,0,0,0,389
2021-05-02 17:57:01 UTC,996,41,545,,0,0,0,0,389
2021-05-02 18:57:01 UTC,997,25,570,,0,0,0,0,389
2021-05-02 19:57:01 UTC,998,12,582,,0,0,0,0,389
2021-05-02 20:57:01 UTC,999,13,595,,3.9,0,0,0,389
2021-05-02 21:57:01 UTC,1000,,,595,,,,,
2021-05-02 22:57:01 UTC,1001,0,0,,0,0,0,0,598
2021-05-02 23:57:01 UTC,1002,0,0,,0,0,0,0,598
2021-05-03 00:57:01 UTC,1003,1,1,,0,0,0,0,598
2021-05-03 01:57:01 UTC,1004,0,1,,0,0,0,0,598
2021-05-03 02:57:01 UTC,1005,0,1,,3.9,0,0,0,598
2021-05-03 03:57:01 UTC,1006,2,3,,0,0,0,0,598
2021-05-03 04:57:01 UTC,1007,19,22,,0,0,0,0,598
2021-05-03 05:57:01 UTC,1008,13,35,,0,0,0,0,598
2021-05-03 06:57:01 UTC,1009,31,66,,3.9,0,0,0,598
2021-05-03 07:57:01 UTC,1010,35,102,,0,0,0,0,598
2021-05-03 08:57:01 UTC,1011,45,147,,0,0,0,0,598
2021-05-03 09:57:01 UTC,1012,51,198,,0,0,0,0,598
2021-05-03 10:57:01 UTC,1013,47,245,,0,0,0,0,598
2021-05-03 11:57:01 UTC,1014,51,296,,0,0,0,0,598
2021-05-03 12:57:01 UTC,1015,56,352,,0,0,0,0,598
2021-05-03 13:57:01 UTC,1016,68,420,,0,0,0,0,598
2021-05-03 14:57:01 UTC,1017,54,474,,0,0,0,0,598
2021-05-03 15:57:01 UTC,1018,46,520,,0,0,0,0,598
2021-05-03 16:57:01 UTC,1019,64,584,,0,0,0,0,598
2021-05-03 17:57:01 UTC,1020,49,633,,0,0,0,0,598
2021-05-03 18:57:01 UTC,1021,28,661,,0,0,0,0,598
2021-05-03 19:57:01 UTC,1022,19,680,,0,0,0,0,598
2021-05-03 20:57:01 UTC,1023,5,685,,3.9,0,0,0,598
2021-05-03 21:57:01 UTC,1024,,,685,,,,,
2021-05-03 22:57:01 UTC,1025,1,1,,0,0,0,0,687
2021-05-03 23:57:01 UTC,1026,0,1,,0,0,0,0,687
2021-05-04 00:57:01 UTC,1027,0,1,,0,0,0,0,687
2021-05-04 01:57:01 UTC,1028,1,2,,0,0,0,0,687
2021-05-04 02:57:01 UTC,1029,0,2,,3.9,0,0,0,687
2021-05-04 03:57:01 UTC,1030,3,5,,0,0,0,0,687
2021-05-04 04:57:01 UTC,1031,6,11,,0,0,0,0,687
2021-05-04 05:57:01 UTC,1032,24,35,,0,0,0,0,687
2021-05-04 06:57:01 UTC,1033,48,83,,3.9,0,0,0,687
2021-05-04 07:57:01 UTC,1034,32,118,,0,0,0,0,687
2021-05-04 08:57:01 UTC,1035,39,157,,0,0,0,0,687
2021-05-04 09:57:01 UTC,1036,53,210,,0,0,0,0,687
2021-05-04 10:57:01 UTC,1037,32,242,,0,0,0,0,687
2021-05-04 11:57:01 UTC,1038,41,283,,0,0,0,0,687
2021-05-04 12:57:01 UTC,1039,31,314,,0,0,0,0,687
2021-05-04 13:57:01 UTC,1040,19,333,,0,0,0,0,687
2021-05-04 14:57:01 UTC,1041,10,343,,0,0,0,0,687
2021-05-04 15:57:01 UTC,1042,14,357,,0,0,0,0,687
2021-05-04 16:57:01 UTC,1043,14,371,,0,0,0,0,687
2021-05-04 17:57:01 UTC,1044,11,382,,0,0,0,0,687
2021-05-04 18:57:01 UTC,1045,21,403,,3.9,0,0,0,687
2021-05-04 19:57:01 UTC,1046,19,423,,0,0,0,0,687
2021-05-04 20:57:01 UTC,1047,9,432,,3.9,0,0,0,687
2021-05-04 21:57:01 UTC,1048,,,432,,,,,
2021-05-04 22:57:01 UTC,1049,1,1,,0,0,0,0,436
2021-05-04 23:57:01 UTC,1050,0,1,,0,0,0,0,436
2021-05-05 00:57:01 UTC,1051,0,1,,0,0,0,0,436
2021-05-05 01:57:01 UTC,1052,0,1,,0,0,0,0,436
2021-05-05 02:57:01 UTC,1053,0,1,,3.9,0,0,0,436
2021-05-05 03:57:01 UTC,1054,1,2,,0,0,0,0,436
2021-05-05 04:57:01 UTC,1055,9,11,,0,0,0,0,436
2021-05-05 05:57:01 UTC,1056,22,33,,0,0,0,0,436
2021-05-05 06:57:01 UTC,1057,41,74,,3.9,0,0,0,436
2021-05-05 07:57:01 UTC,1058,47,124,,0,0,0,0,436
2021-05-05 08:57:01 UTC,1059,40,164,,0,0,0,0,436
2021-05-05 09:57:01 UTC,1060,57,221,,0,0,0,0,436
2021-05-05 10:57:01 UTC,1061,46,267,,0,0,0,0,436
2021-05-05 11:57:01 UTC,1062,52,319,,0,0,0,0,436
2021-05-05 12:57:01 UTC,1063,62,381,,0,0,0,0,436
2021-05-05 13:57:01 UTC,1064,51,432,,0,0,0,0,436
2021-05-05 14:57:01 UTC,1065,63,495,,0,0,0,0,436
2021-05-05 15:57:01 UTC,1066,63,558,,0,0,1,1,436
2021-05-05 16:57:01 UTC,1067,16,574,,0,0,1,1,436
2021-05-05 17:57:01 UTC,1068,45,619,,0,0,1,1,436
2021-05-05 18:57:01 UTC,1069,33,652,,0,0,1,1,436
2021-05-05 19:57:01 UTC,1070,13,665,,0,0,1,1,436
2021-05-05 20:57:01 UTC,1071,9,674,,3.9,0,1,1,436
2021-05-05 21:57:01 UTC,1072,,,674,,,,,
2021-05-05 22:57:01 UTC,1073,0,0,,0,0,0,0,682
2021-05-05 23:57:01 UTC,1074,0,0,,0,0,0,0,682
2021-05-06 00:57:01 UTC,1075,0,0,,0,0,0,0,682
2021-05-06 01:57:01 UTC,1076,0,0,,0,0,0,0,682
2021-05-06 02:57:01 UTC,1077,0,0,,3.9,0,0,0,682
2021-05-06 03:57:01 UTC,1078,4,4,,0,0,0,0,682
2021-05-06 04:57:01 UTC,1079,9,13,,0,0,0,0,682
2021-05-06 05:57:01 UTC,1080,24,37,,0,0,0,0,682
2021-05-06 06:57:01 UTC,1081,53,90,,3.9,0,0,0,682
2021-05-06 07:57:01 UTC,1082,49,139,,0,0,0,0,682
2021-05-06 08:57:01 UTC,1083,44,183,,0,0,0,0,682
2021-05-06 09:57:01 UTC,1084,75,258,,0,0,0,0,682
2021-05-06 10:57:01 UTC,1085,59,317,,0,0,0,0,682
2021-05-06 11:57:01 UTC,1086,70,387,,0,0,0,0,682
2021-05-06 12:57:01 UTC,1087,56,443,,0,0,0,0,682
2021-05-06 13:57:01 UTC,1088,90,533,,0,0,0,0,682
2021-05-06 14:57:01 UTC,1089,63,596,,0,0,0,0,682
2021-05-06 15:57:01 UTC,1090,40,636,,0,0,0,0,682
2021-05-06 16:57:01 UTC,1091,76,712,,0,0,0,0,682
2021-05-06 17:57:01 UTC,1092,49,761,,0,0,0,0,682
2021-05-06 18:57:01 UTC,1093,27,788,,0,0,0,0,682
2021-05-06 19:57:01 UTC,1094,21,809,,0,0,0,0,682
2021-05-06 20:57:01 UTC,1095,21,830,,3.9,0,0,0,682
2021-05-06 21:57:01 UTC,1096,,,830,,,,,
2021-05-06 22:57:01 UTC,1097,0,0,,0,0,0,0,833
2021-05-06 23:57:01 UTC,1098,0,0,,0,0,0,0,833
2021-05-07 00:57:01 UTC,1099,0,0,,0,0,0,0,833
2021-05-07 01:57:01 UTC,1100,0,0,,0,0,0,0,833
2021-05-07 02:57:01 UTC,1101,0,0,,3.9,0,0,0,833
2021-05-07 03:57:01 UTC,1102,1,1,,0,0,0,0,833
2021-05-07 04:57:01 UTC,1103,7,8,,0,0,0,0,833
2021-05-07 05:57:01 UTC,1104,20,28,,0,0,0,0,833
2021-05-07 06:57:01 UTC,1105,50,78,,3.9,0,0,0,833
2021-05-07 07:57:01 UTC,1106,49,128,,0,0,0,0,833
2021-05-07 08:57:01 UTC,1107,60,188,,0,0,0,0,833
2021-05-07 09:57:01 UTC,1108,55,243,,0,0,0,0,833
2021-05-07 10:57:01 UTC,1109,52,295,,0,0,0,0,833
2021-05-07 11:57:01 UTC,1110,57,352,,0,0,0,0,833
2021-05-07 12:57:01 UTC,1111,48,400,,0,0,0,0,833
2021-05-07 13:57:01 UTC,1112,51,451,,0,0,0,0,833
2021-05-07 14:57:01 UTC,1113,34,485,,0,0,0,0,833
2021-05-07 15:57:01 UTC,1114,51,536,,0,0,0,0,833
2021-05-07 16:57:01 UTC,1115,74,610,,0,0,0,0,833
2021-05-07 17:57:01 UTC,1116,62,672,,0,0,0,0,833
2021-05-07 18:57:01 UTC,1117,39,711,,0,0,0,0,833
2021-05-07 19:57:01 UTC,1118,13,724,,0,0,0,0,833
2021-05-07 20:57:01 UTC,1119,22,746,,3.9,0,0,0,833
2021-05-07 21:57:01 UTC,1120,,,746,,,,,
2021-05-07 22:57:01 UTC,1121,0,0,,0,0,0,0,748
2021-05-07 23:57:01 UTC,1122,1,1,,0,0,0,0,748
2021-05-08 00:57:01 UTC,1123,0,1,,0,0,0,0,748
2021-05-08 01:57:01 UTC,1124,0,1,,0,0,0,0,748
2021-05-08 02:57:01 UTC,1125,0,1,,0,0,0,0,748
2021-05-08 03:57:01 UTC,1126,2,3,,0,0,0,0,748
2021-05-08 04:57:01 UTC,1127,6,9,,0,0,0,0,748
2021-05-08 05:57:01 UTC,1128,7,16,,0,0,0,0,748
2021-05-08 06:57:01 UTC,1129,21,37,,3.9,0,0,0,748
2021-05-08 07:57:01 UTC,1130,47,84,,0,0,0,0,748
2021-05-08 08:57:01 UTC,1131,59,143,,0,0,0,0,748
2021-05-08 09:57:01 UTC,1132,71,214,,0,0,0,0,748
2021-05-08 10:57:01 UTC,1133,70,284,,0,0,0,0,748
2021-05-08 11:57:01 UTC,1134,44,328,,0,0,0,0,748
2021-05-08 12:57:01 UTC,1135,49,377,,0,0,0,0,748
2021-05-08 13:57:01 UTC,1136,49,426,,0,0,0,0,748
2021-05-08 14:57:01 UTC,1137,46,472,,0,0,0,0,748
2021-05-08 15:57:01 UTC,1138,65,537,,0,0,0,0,748
2021-05-08 16:57:01 UTC,1139,55,592,,0,0,0,0,748
2021-05-08 17:57:01 UTC,1140,79,671,,0,0,0,0,748
2021-05-08 18:57:01 UTC,1141,33,704,,0,0,0,0,748
2021-05-08 19:57:01 UTC,1142,46,750,,0,0,0,0,748
2021-05-08 20:57:01 UTC,1143,17,767,,3.9,0,0,0,748
2021-05-08 21:57:01 UTC,1144,,,767,,,,,
2021-05-08 22:57:01 UTC,1145,2,2,,0,0,0,0,771
2021-05-08 23:57:01 UTC,1146,0,2,,0,0,0,0,771
2021-05-09 00:57:01 UTC,1147,2,4,,0,0,0,0,771
2021-05-09 01:57:01 UTC,1148,1,5,,0,0,0,0,771
2021-05-09 02:57:01 UTC,1149,0,5,,3.9,0,0,0,771
2021-05-09 03:57:01 UTC,1150,0,5,,0,0,0,0,771
2021-05-09 04:57:01 UTC,1151,5,10,,0,0,0,0,771
2021-05-09 05:57:01 UTC,1152,9,19,,0,0,0,0,771
2021-05-09 06:57:01 UTC,1153,35,54,,3.9,0,0,0,771
2021-05-09 07:57:01 UTC,1154,52,111,,0,0,0,0,771
2021-05-09 08:57:01 UTC,1155,86,197,,0,0,0,0,771
2021-05-09 09:57:01 UTC,1156,85,282,,0,0,0,0,771
2021-05-09 10:57:01 UTC,1157,102,384,,0,0,0,0,771
2021-05-09 11:57:01 UTC,1158,58,442,,0,0,0,0,771
2021-05-09 12:57:01 UTC,1159,65,507,,0,0,0,0,771
2021-05-09 13:57:01 UTC,1160,71,578,,0,0,0,0,771
2021-05-09 14:57:01 UTC,1161,64,642,,0,0,0,0,771
2021-05-09 15:57:01 UTC,1162,44,686,,0,0,0,0,771
2021-05-09 16:57:01 UTC,1163,60,746,,0,0,0,0,771
2021-05-09 17:57:01 UTC,1164,69,815,,0,0,0,0,771
2021-05-09 18:57:01 UTC,1165,36,851,,0,0,0,0,771
2021-05-09 19:57:01 UTC,1166,33,884,,0,0,0,0,771
2021-05-09 20:57:01 UTC,1167,16,900,,3.9,0,0,0,771
2021-05-09 21:57:01 UTC,1168,,,900,,,,,
