created_at,entry_id,field1,field2,field3,field4,field5,field6,field7,field8
2022-02-01 00:57:01 UTC,7599,1,6,,0,0,0,0,339
2022-02-01 01:57:01 UTC,7600,0,6,,0,0,0,0,339
2022-02-01 02:57:01 UTC,7601,0,6,,0,0,0,0,339
2022-02-01 03:57:01 UTC,7602,0,6,,4,0,0,0,339
2022-02-01 04:57:01 UTC,7603,5,11,,0,0,0,0,339
2022-02-01 05:57:01 UTC,7604,15,26,,0,0,0,0,339
2022-02-01 06:57:01 UTC,7605,17,43,,0,0,0,0,339
2022-02-01 07:57:01 UTC,7606,43,86,,4,0,0,0,339
2022-02-01 08:57:01 UTC,7607,36,133,,0,0,1,0,339
2022-02-01 09:57:01 UTC,7608,74,207,,0,0,1,0,339
2022-02-01 10:57:01 UTC,7609,48,255,,0,0,1,0,339
2022-02-01 11:57:01 UTC,7610,60,315,,4,0,1,0,339
2022-02-01 12:57:01 UTC,7611,40,358,,0,0,2,0,339
2022-02-01 13:57:01 UTC,7612,39,397,,0,0,2,0,339
2022-02-01 14:57:01 UTC,7613,31,428,,0,0,2,0,339
2022-02-01 15:57:01 UTC,7614,35,463,,4,0,2,0,339
2022-02-01 16:57:01 UTC,7615,29,492,,0,0,2,0,339
2022-02-01 17:57:01 UTC,7616,27,519,,0,0,2,0,339
2022-02-01 18:57:01 UTC,7617,68,587,,0,0,2,0,339
2022-02-01 19:57:01 UTC,7618,76,663,,4,0,2,0,339
2022-02-01 20:57:01 UTC,7619,38,710,,0,0,2,0,339
2022-02-01 21:57:01 UTC,7620,21,731,,4,0,2,0,339
2022-02-01 22:57:01 UTC,7621,,,731,,,,,
2022-02-01 23:57:01 UTC,7622,6,6,,0,0,0,0,742
2022-02-02 00:57:01 UTC,7623,2,8,,0,0,0,0,742
2022-02-02 01:57:01 UTC,7624,1,9,,0,0,0,0,742
2022-02-02 02:57:01 UTC,7625,1,10,,0,0,0,0,742
2022-02-02 03:57:01 UTC,7626,2,12,,4,0,0,0,742
2022-02-02 04:57:01 UTC,7627,17,31,,0,0,0,0,742
2022-02-02 05:57:01 UTC,7628,40,71,,0,0,0,0,742
2022-02-02 06:57:01 UTC,7629,112,183,,0,0,0,0,742
2022-02-02 07:57:01 UTC,7630,119,302,,4,0,0,0,742
2022-02-02 08:57:01 UTC,7631,69,392,,0,0,0,0,742
2022-02-02 09:57:01 UTC,7632,63,455,,0,0,0,0,742
2022-02-02 10:57:01 UTC,7633,65,520,,0,0,0,0,742
2022-02-02 11:57:01 UTC,7634,52,572,,4,0,0,0,742
2022-02-02 12:57:01 UTC,7635,54,631,,0,0,1,0,742
2022-02-02 13:57:01 UTC,7636,64,695,,0,0,1,0,742
2022-02-02 14:57:01 UTC,7637,88,783,,0,0,1,0,742
2022-02-02 15:57:01 UTC,7638,65,848,,4,0,1,0,742
2022-02-02 16:57:01 UTC,7639,85,938,,0,0,1,0,742
2022-02-02 17:57:01 UTC,7640,61,999,,0,0,1,0,742
2022-02-02 18:57:01 UTC,7641,71,1070,,0,0,1,0,742
2022-02-02 19:57:01 UTC,7642,73,1143,,4,0,1,0,742
2022-02-02 20:57:01 UTC,7643,41,1189,,0,0,1,0,742
2022-02-02 21:57:01 UTC,7644,18,1207,,4,0,1,0,742
2022-02-02 22:57:01 UTC,7645,,,1207,,,,,
2022-02-02 23:57:01 UTC,7646,15,15,,0,0,0,0,1220
2022-02-03 00:57:01 UTC,7647,2,17,,0,0,0,0,1220
2022-02-03 01:57:01 UTC,7648,0,17,,0,0,0,0,1220
2022-02-03 02:57:01 UTC,7649,2,19,,0,0,0,0,1220
2022-02-03 03:57:01 UTC,7650,1,20,,4,0,0,0,1220
2022-02-03 04:57:01 UTC,7651,11,33,,0,0,0,0,1220
2022-02-03 05:57:01 UTC,7652,30,63,,0,0,0,0,1220
2022-02-03 06:57:01 UTC,7653,65,128,,0,0,0,0,1220
2022-02-03 07:57:01 UTC,7654,58,186,,4,0,0,0,1220
2022-02-03 08:57:01 UTC,7655,41,247,,0,0,0,0,1220
2022-02-03 09:57:01 UTC,7656,60,307,,0,0,0,0,1220
2022-02-03 10:57:01 UTC,7657,54,361,,0,0,0,0,1220
2022-02-03 11:57:01 UTC,7658,52,413,,4,0,0,0,1220
2022-02-03 12:57:01 UTC,7659,54,475,,0,0,0,0,1220
2022-02-03 13:57:01 UTC,7660,35,510,,0,0,0,0,1220
2022-02-03 14:57:01 UTC,7661,40,550,,0,0,0,0,1220
2022-02-03 15:57:01 UTC,7662,48,598,,4,0,0,0,1220
2022-02-03 16:57:01 UTC,7663,47,645,,0,0,0,0,1220
2022-02-03 17:57:01 UTC,7664,54,699,,0,0,0,0,1220
2022-02-03 18:57:01 UTC,7665,42,741,,0,0,0,0,1220
2022-02-03 19:57:01 UTC,7666,28,769,,4,0,0,0,1220
2022-02-03 20:57:01 UTC,7667,25,799,,0,0,0,0,1220
2022-02-03 21:57:01 UTC,7668,10,809,,4,0,0,0,1220
2022-02-03 22:57:01 UTC,7669,,,809,,,,,
2022-02-03 23:57:01 UTC,7670,10,10,,0,0,0,0,822
2022-02-04 00:57:01 UTC,7671,8,18,,0,0,0,0,822
2022-02-04 01:57:01 UTC,7672,1,19,,0,0,0,0,822
2022-02-04 02:57:01 UTC,7673,3,22,,0,0,0,0,822
2022-02-04 03:57:01 UTC,7674,4,26,,4,0,0,0,822
2022-02-04 04:57:01 UTC,7675,9,36,,0,0,0,0,822
2022-02-04 05:57:01 UTC,7676,29,65,,0,0,0,0,822
2022-02-04 06:57:01 UTC,7677,58,123,,0,0,0,0,822
2022-02-04 07:57:01 UTC,7678,63,186,,4,0,0,0,822
2022-02-04 08:57:01 UTC,7679,38,236,,0,0,0,0,822
2022-02-04 09:57:01 UTC,7680,61,297,,0,0,0,0,822
2022-02-04 10:57:01 UTC,7681,37,334,,0,0,0,0,822
2022-02-04 11:57:01 UTC,7682,25,359,,4,0,0,0,822
2022-02-04 12:57:01 UTC,7683,57,420,,0,0,0,0,822
2022-02-04 13:57:01 UTC,7684,57,477,,0,0,0,0,822
2022-02-04 14:57:01 UTC,7685,27,504,,0,0,0,0,822
2022-02-04 15:57:01 UTC,7686,68,572,,4,0,0,0,822
2022-02-04 16:57:01 UTC,7687,51,628,,0,0,0,0,822
2022-02-04 17:57:01 UTC,7688,84,712,,0,0,0,0,822
2022-02-04 18:57:01 UTC,7689,58,770,,0,0,0,0,822
2022-02-04 19:57:01 UTC,7690,63,833,,4,0,0,0,822
2022-02-04 20:57:01 UTC,7691,48,884,,0,0,0,0,822
2022-02-04 21:57:01 UTC,7692,24,908,,4,0,0,0,822
2022-02-04 22:57:01 UTC,7693,,,908,,,,,
2022-02-04 23:57:01 UTC,7694,20,20,,0,0,0,0,922
2022-02-05 00:57:01 UTC,7695,5,25,,0,0,0,0,922
2022-02-05 01:57:01 UTC,7696,7,32,,0,0,0,0,922
2022-02-05 02:57:01 UTC,7697,4,36,,0,0,0,0,922
2022-02-05 03:57:01 UTC,7698,4,40,,4,0,0,0,922
2022-02-05 04:57:01 UTC,7699,9,50,,0,0,0,0,922
2022-02-05 05:57:01 UTC,7700,10,60,,0,0,0,0,922
2022-02-05 06:57:01 UTC,7701,27,87,,0,0,0,0,922
2022-02-05 07:57:01 UTC,7702,40,127,,4,0,0,0,922
2022-02-05 08:57:01 UTC,7703,44,180,,0,0,0,0,922
2022-02-05 09:57:01 UTC,7704,71,251,,0,0,0,0,922
2022-02-05 10:57:01 UTC,7705,54,305,,0,0,0,0,922
2022-02-05 11:57:01 UTC,7706,54,359,,4,0,0,0,922
2022-02-05 12:57:01 UTC,7707,51,412,,0,0,0,0,922
2022-02-05 13:57:01 UTC,7708,50,462,,0,0,0,0,922
2022-02-05 14:57:01 UTC,7709,39,501,,0,0,0,0,922
2022-02-05 15:57:01 UTC,7710,47,548,,4,0,0,0,922
2022-02-05 16:57:01 UTC,7711,72,622,,0,0,0,0,922
2022-02-05 17:57:01 UTC,7712,72,694,,0,0,0,0,922
2022-02-05 18:57:01 UTC,7713,80,774,,0,0,0,0,922
2022-02-05 19:57:01 UTC,7714,76,850,,4,0,0,0,922
2022-02-05 20:57:01 UTC,7715,55,906,,0,0,0,0,922
2022-02-05 21:57:01 UTC,7716,30,936,,4,0,0,0,922
2022-02-05 22:57:01 UTC,7717,,,936,,,,,
2022-02-05 23:57:01 UTC,7718,15,15,,0,0,0,0,965
2022-02-06 00:57:01 UTC,7719,11,26,,0,0,0,0,965
2022-02-06 01:57:01 UTC,7720,4,30,,0,0,0,0,965
2022-02-06 02:57:01 UTC,7721,10,40,,0,0,0,0,965
2022-02-06 03:57:01 UTC,7722,3,43,,4,0,0,0,965
2022-02-06 04:57:01 UTC,7723,8,52,,0,0,0,0,965
2022-02-06 05:57:01 UTC,7724,8,60,,0,0,0,0,965
2022-02-06 06:57:01 UTC,7725,7,67,,0,0,0,0,965
2022-02-06 07:57:01 UTC,7726,18,85,,4,0,0,0,965
2022-02-06 08:57:01 UTC,7727,47,135,,0,0,0,0,965
2022-02-06 09:57:01 UTC,7728,65,200,,0,0,0,0,965
2022-02-06 10:57:01 UTC,7729,82,282,,0,0,0,0,965
2022-02-06 11:57:01 UTC,7730,67,349,,4,0,0,0,965
2022-02-06 12:57:01 UTC,7731,45,405,,0,0,0,0,965
2022-02-06 13:57:01 UTC,7732,33,438,,0,0,0,0,965
2022-02-06 14:57:01 UTC,7733,30,468,,0,0,0,0,965
2022-02-06 15:57:01 UTC,7734,44,512,,4,0,0,0,965
2022-02-06 16:57:01 UTC,7735,67,581,,0,0,0,0,965
2022-02-06 17:57:01 UTC,7736,45,626,,0,0,0,0,965
2022-02-06 18:57:01 UTC,7737,45,671,,0,0,0,0,965
2022-02-06 19:57:01 UTC,7738,44,715,,4,0,0,0,965
2022-02-06 20:57:01 UTC,7739,41,767,,0,0,0,0,965
2022-02-06 21:57:01 UTC,7740,16,783,,4,0,0,0,965
2022-02-06 22:57:01 UTC,7741,,,783,,,,,
2022-02-06 23:57:01 UTC,7742,12,12,,0,0,0,0,793
2022-02-07 00:57:01 UTC,7743,7,19,,0,0,0,0,793
2022-02-07 01:57:01 UTC,7744,3,22,,0,0,0,0,793
2022-02-07 02:57:01 UTC,7745,2,24,,0,0,0,0,793
2022-02-07 03:57:01 UTC,7746,5,29,,4,0,0,0,793
2022-02-07 04:57:01 UTC,7747,12,44,,0,0,0,0,793
2022-02-07 05:57:01 UTC,7748,36,80,,0,0,0,0,793
2022-02-07 06:57:01 UTC,7749,99,179,,0,0,0,0,793
2022-02-07 07:57:01 UTC,7750,117,296,,4,0,0,0,793
2022-02-07 08:57:01 UTC,7751,108,423,,0,0,0,0,793
2022-02-07 09:57:01 UTC,7752,109,532,,0,0,0,0,793
2022-02-07 10:57:01 UTC,7753,47,579,,0,0,0,0,793
2022-02-07 11:57:01 UTC,7754,68,647,,4,0,0,0,793
2022-02-07 12:57:01 UTC,7755,68,720,,0,0,0,0,793
2022-02-07 13:57:01 UTC,7756,74,794,,0,0,0,0,793
2022-02-07 14:57:01 UTC,7757,47,841,,0,0,0,0,793
2022-02-07 15:57:01 UTC,7758,64,905,,4,0,0,0,793
2022-02-07 16:57:01 UTC,7759,87,995,,0,0,0,0,793
2022-02-07 17:57:01 UTC,7760,58,1053,,0,0,0,0,793
2022-02-07 18:57:01 UTC,7761,59,1112,,0,0,0,0,793
2022-02-07 19:57:01 UTC,7762,62,1174,,4,0,0,0,793
2022-02-07 20:57:01 UTC,7763,39,1219,,0,0,0,0,793
2022-02-07 21:57:01 UTC,7764,24,1243,,4,0,0,0,793
2022-02-07 22:57:01 UTC,7765,,,1243,,,,,
2022-02-07 23:57:01 UTC,7766,11,11,,0,0,0,0,1262
2022-02-08 00:57:01 UTC,7767,10,21,,0,0,0,0,1262
2022-02-08 01:57:01 UTC,7768,6,27,,0,0,0,0,1262
2022-02-08 02:57:01 UTC,7769,5,32,,0,0,0,0,1262
2022-02-08 03:57:01 UTC,7770,6,38,,4,0,0,0,1262
2022-02-08 04:57:01 UTC,7771,25,69,,0,0,0,0,1262
2022-02-08 05:57:01 UTC,7772,69,138,,0,0,0,0,1262
2022-02-08 06:57:01 UTC,7773,126,264,,0,0,0,0,1262
2022-02-08 07:57:01 UTC,7774,161,425,,4,0,0,0,1262
2022-02-08 08:57:01 UTC,7775,144,591,,0,0,0,0,1262
2022-02-08 09:57:01 UTC,7776,92,683,,0,0,0,0,1262
2022-02-08 10:57:01 UTC,7777,75,758,,0,0,0,0,1262
2022-02-08 11:57:01 UTC,7778,53,811,,4,0,0,0,1262
2022-02-08 12:57:01 UTC,7779,67,883,,0,0,0,0,1262
2022-02-08 13:57:01 UTC,7780,68,951,,0,0,0,0,1262
2022-02-08 14:57:01 UTC,7781,71,1022,,0,0,0,0,1262
2022-02-08 15:57:01 UTC,7782,113,1135,,4,0,0,0,1262
2022-02-08 16:57:01 UTC,7783,125,1267,,0,0,0,0,1262
2022-02-08 17:57:01 UTC,7784,115,1382,,0,0,0,0,1262
2022-02-08 18:57:01 UTC,7785,71,1453,,0,0,0,0,1262
2022-02-08 19:57:01 UTC,7786,66,1519,,4,0,0,0,1262
2022-02-08 20:57:01 UTC,7787,18,1539,,0,0,0,0,1262
2022-02-08 21:57:01 UTC,7788,10,1549,,4,0,0,0,1262
2022-02-08 22:57:01 UTC,7789,,,1549,,,,,
