created_at,entry_id,field1,field2,field3,field4,field5,field6,field7,field8
2022-03-01 00:57:01 UTC,8271,1,28,,0,0,0,0,632
2022-03-01 01:57:01 UTC,8272,0,28,,0,0,0,0,632
2022-03-01 02:57:01 UTC,8273,0,28,,0,0,0,0,632
2022-03-01 03:57:01 UTC,8274,0,28,,4,0,0,0,632
2022-03-01 04:57:01 UTC,8275,4,33,,0,0,0,0,632
2022-03-01 05:57:01 UTC,8276,7,40,,0,0,0,0,632
2022-03-01 06:57:01 UTC,8277,48,88,,0,0,0,0,632
2022-03-01 07:57:01 UTC,8278,34,122,,4,0,0,0,632
2022-03-01 08:57:01 UTC,8279,44,180,,0,0,0,0,632
2022-03-01 09:57:01 UTC,8280,67,247,,0,0,0,0,632
2022-03-01 10:57:01 UTC,8281,46,293,,0,0,0,0,632
2022-03-01 11:57:01 UTC,8282,53,346,,4,0,0,0,632
2022-03-01 12:57:01 UTC,8283,47,398,,0,0,0,0,632
2022-03-01 13:57:01 UTC,8284,44,442,,0,0,0,0,632
2022-03-01 14:57:01 UTC,8285,59,501,,0,0,0,0,632
2022-03-01 15:57:01 UTC,8286,52,553,,4,0,0,0,632
2022-03-01 16:57:01 UTC,8287,37,594,,0,0,0,0,632
2022-03-01 17:57:01 UTC,8288,44,638,,0,0,0,0,632
2022-03-01 18:57:01 UTC,8289,30,668,,0,0,0,0,632
2022-03-01 19:57:01 UTC,8290,36,704,,4,0,0,0,632
2022-03-01 20:57:01 UTC,8291,16,724,,0,0,0,0,632
2022-03-01 21:57:01 UTC,8292,23,747,,4,0,0,0,632
2022-03-01 22:57:01 UTC,8293,,,747,,,,,
2022-03-01 23:57:01 UTC,8294,3,3,,0,0,0,0,754
2022-03-02 00:57:01 UTC,8295,1,4,,0,0,0,0,754
2022-03-02 01:57:01 UTC,8296,2,6,,0,0,0,0,754
2022-03-02 02:57:01 UTC,8297,0,6,,0,0,0,0,754
2022-03-02 03:57:01 UTC,8298,1,7,,3.9,0,0,0,754
2022-03-02 04:57:01 UTC,8299,21,31,,0,0,0,0,754
2022-03-02 05:57:01 UTC,8300,37,68,,0,0,0,0,754
2022-03-02 06:57:01 UTC,8301,77,145,,0,0,0,0,754
2022-03-02 07:57:01 UTC,8302,135,280,,4,0,0,0,754
2022-03-02 08:57:01 UTC,8303,68,396,,0,0,0,0,754
2022-03-02 09:57:01 UTC,8304,64,460,,0,0,0,0,754
2022-03-02 10:57:01 UTC,8305,73,533,,0,0,0,0,754
2022-03-02 11:57:01 UTC,8306,69,602,,4,0,0,0,754
2022-03-02 12:57:01 UTC,8307,66,671,,0,0,0,0,754
2022-03-02 13:57:01 UTC,8308,41,712,,0,0,0,0,754
2022-03-02 14:57:01 UTC,8309,36,748,,0,0,0,0,754
2022-03-02 15:57:01 UTC,8310,47,795,,4,0,0,0,754
2022-03-02 16:57:01 UTC,8311,31,830,,0,0,0,0,754
2022-03-02 17:57:01 UTC,8312,29,859,,0,0,0,0,754
2022-03-02 18:57:01 UTC,8313,44,903,,0,0,0,0,754
2022-03-02 19:57:01 UTC,8314,26,929,,4,0,0,0,754
2022-03-02 20:57:01 UTC,8315,20,952,,0,0,0,0,754
2022-03-02 21:57:01 UTC,8316,12,964,,4,0,0,0,754
2022-03-02 22:57:01 UTC,8317,,,964,,,,,
2022-03-02 23:57:01 UTC,8318,6,6,,0,0,0,0,970
2022-03-03 00:57:01 UTC,8319,5,11,,0,0,0,0,970
2022-03-03 01:57:01 UTC,8320,1,12,,0,0,0,0,970
2022-03-03 02:57:01 UTC,8321,0,12,,0,0,0,0,970
2022-03-03 03:57:01 UTC,8322,0,12,,3.9,0,0,0,970
2022-03-03 04:57:01 UTC,8323,5,20,,0,0,0,0,970
2022-03-03 05:57:01 UTC,8324,21,41,,0,0,0,0,970
2022-03-03 06:57:01 UTC,8325,24,65,,0,0,0,0,970
2022-03-03 07:57:01 UTC,8326,58,123,,4,0,0,0,970
2022-03-03 08:57:01 UTC,8327,24,167,,0,0,0,0,970
2022-03-03 09:57:01 UTC,8328,35,202,,0,0,0,0,970
2022-03-03 10:57:01 UTC,8329,40,242,,0,0,0,0,970
2022-03-03 11:57:01 UTC,8330,25,267,,4,0,0,0,970
2022-03-03 12:57:01 UTC,8331,27,298,,0,0,0,0,970
2022-03-03 13:57:01 UTC,8332,31,329,,0,0,0,0,970
2022-03-03 14:57:01 UTC,8333,33,362,,0,0,0,0,970
2022-03-03 15:57:01 UTC,8334,22,384,,4,0,0,0,970
2022-03-03 16:57:01 UTC,8335,29,414,,0,0,0,0,970
2022-03-03 17:57:01 UTC,8336,58,472,,0,0,0,0,970
2022-03-03 18:57:01 UTC,8337,23,495,,0,0,0,0,970
2022-03-03 19:57:01 UTC,8338,27,522,,4,0,0,0,970
2022-03-03 20:57:01 UTC,8339,16,539,,0,0,0,0,970
2022-03-03 21:57:01 UTC,8340,16,555,,4,0,0,0,970
2022-03-03 22:57:01 UTC,8341,,,555,,,,,
2022-03-03 23:57:01 UTC,8342,12,12,,0,0,0,0,572
2022-03-04 00:57:01 UTC,8343,4,16,,0,0,0,0,572
2022-03-04 01:57:01 UTC,8344,0,16,,0,0,0,0,572
2022-03-04 02:57:01 UTC,8345,0,16,,0,0,0,0,572
2022-03-04 03:57:01 UTC,8346,0,16,,3.9,0,0,0,572
2022-03-04 04:57:01 UTC,8347,3,21,,0,0,0,0,572
2022-03-04 05:57:01 UTC,8348,9,30,,0,0,0,0,572
2022-03-04 06:57:01 UTC,8349,26,56,,0,0,0,0,572
2022-03-04 07:57:01 UTC,8350,66,122,,4,0,0,0,572
2022-03-04 08:57:01 UTC,8351,49,179,,0,0,0,0,572
2022-03-04 09:57:01 UTC,8352,39,218,,0,0,0,0,572
2022-03-04 10:57:01 UTC,8353,44,262,,0,0,0,0,572
2022-03-04 11:57:01 UTC,8354,39,301,,4,0,0,0,572
2022-03-04 12:57:01 UTC,8355,42,346,,0,0,0,0,572
2022-03-04 13:57:01 UTC,8356,27,373,,0,0,0,0,572
2022-03-04 14:57:01 UTC,8357,31,404,,0,0,0,0,572
2022-03-04 15:57:01 UTC,8358,24,428,,4,0,0,0,572
2022-03-04 16:57:01 UTC,8359,12,441,,0,0,0,0,572
2022-03-04 17:57:01 UTC,8360,34,475,,0,0,0,0,572
2022-03-04 18:57:01 UTC,8361,48,523,,0,0,0,0,572
2022-03-04 19:57:01 UTC,8362,62,585,,4,0,0,0,572
2022-03-04 20:57:01 UTC,8363,10,598,,0,0,0,0,572
2022-03-04 21:57:01 UTC,8364,13,611,,4,0,0,0,572
2022-03-04 22:57:01 UTC,8365,,,611,,,,,
2022-03-04 23:57:01 UTC,8366,10,10,,0,0,0,0,615
2022-03-05 00:57:01 UTC,8367,12,22,,0,0,0,0,615
2022-03-05 01:57:01 UTC,8368,6,28,,0,0,0,0,615
2022-03-05 02:57:01 UTC,8369,4,32,,0,0,0,0,615
2022-03-05 03:57:01 UTC,8370,5,37,,4,0,0,0,615
2022-03-05 04:57:01 UTC,8371,14,51,,0,0,0,0,615
2022-03-05 05:57:01 UTC,8372,9,60,,0,0,0,0,615
2022-03-05 06:57:01 UTC,8373,16,76,,0,0,0,0,615
2022-03-05 07:57:01 UTC,8374,12,88,,4,0,0,0,615
2022-03-05 08:57:01 UTC,8375,45,136,,0,0,0,0,615
2022-03-05 09:57:01 UTC,8376,59,195,,0,0,0,0,615
2022-03-05 10:57:01 UTC,8377,57,252,,0,0,0,0,615
2022-03-05 11:57:01 UTC,8378,66,318,,4,0,0,0,615
2022-03-05 12:57:01 UTC,8379,69,392,,0,0,0,0,615
2022-03-05 13:57:01 UTC,8380,38,430,,0,0,0,0,615
2022-03-05 14:57:01 UTC,8381,27,457,,0,0,0,0,615
2022-03-05 15:57:01 UTC,8382,35,492,,4,0,0,0,615
2022-03-05 16:57:01 UTC,8383,17,510,,0,0,0,0,615
2022-03-05 17:57:01 UTC,8384,20,530,,0,0,0,0,615
2022-03-05 18:57:01 UTC,8385,38,568,,0,0,0,0,615
2022-03-05 19:57:01 UTC,8386,30,598,,4,0,0,0,615
2022-03-05 20:57:01 UTC,8387,40,639,,0,0,0,0,615
2022-03-05 21:57:01 UTC,8388,17,656,,3.9,0,0,0,615
2022-03-05 22:57:01 UTC,8389,,,656,,,,,
2022-03-05 23:57:01 UTC,8390,8,8,,0,0,0,0,664
2022-03-06 00:57:01 UTC,8391,2,10,,0,0,0,0,664
2022-03-06 01:57:01 UTC,8392,3,13,,0,0,0,0,664
2022-03-06 02:57:01 UTC,8393,7,20,,0,0,0,0,664
2022-03-06 03:57:01 UTC,8394,4,24,,4,0,0,0,664
2022-03-06 04:57:01 UTC,8395,4,28,,0,0,0,0,664
2022-03-06 05:57:01 UTC,8396,5,33,,0,0,0,0,664
2022-03-06 06:57:01 UTC,8397,7,40,,0,0,0,0,664
2022-03-06 07:57:01 UTC,8398,15,55,,4,0,0,0,664
2022-03-06 08:57:01 UTC,8399,44,103,,0,0,0,0,664
2022-03-06 09:57:01 UTC,8400,67,170,,0,0,0,0,664
2022-03-06 10:57:01 UTC,8401,86,256,,0,0,0,0,664
2022-03-06 11:57:01 UTC,8402,57,313,,4,0,0,0,664
2022-03-06 12:57:01 UTC,8403,48,368,,0,0,0,0,664
2022-03-06 13:57:01 UTC,8404,43,411,,0,0,0,0,664
2022-03-06 14:57:01 UTC,8405,37,448,,0,0,0,0,664
2022-03-06 15:57:01 UTC,8406,40,488,,4,0,0,0,664
2022-03-06 16:57:01 UTC,8407,26,514,,0,0,0,0,664
2022-03-06 17:57:01 UTC,8408,24,538,,0,0,0,0,664
2022-03-06 18:57:01 UTC,8409,37,575,,0,0,0,0,664
2022-03-06 19:57:01 UTC,8410,33,608,,4,0,0,0,664
2022-03-06 20:57:01 UTC,8411,23,635,,0,0,0,0,664
2022-03-06 21:57:01 UTC,8412,10,645,,4,0,0,0,664
2022-03-06 22:57:01 UTC,8413,,,645,,,,,
2022-03-06 23:57:01 UTC,8414,3,3,,0,0,0,0,648
2022-03-07 00:57:01 UTC,8415,5,8,,0,0,0,0,648
2022-03-07 01:57:01 UTC,8416,1,9,,0,0,0,0,648
2022-03-07 02:57:01 UTC,8417,1,10,,0,0,0,0,648
2022-03-07 03:57:01 UTC,8418,1,11,,4,0,0,0,648
2022-03-07 04:57:01 UTC,8419,3,15,,0,0,0,0,648
2022-03-07 05:57:01 UTC,8420,12,27,,0,0,0,0,648
2022-03-07 06:57:01 UTC,8421,53,80,,0,0,0,0,648
2022-03-07 07:57:01 UTC,8422,62,142,,4,0,0,0,648
2022-03-07 08:57:01 UTC,8423,66,214,,0,0,0,0,648
2022-03-07 09:57:01 UTC,8424,67,281,,0,0,0,0,648
2022-03-07 10:57:01 UTC,8425,44,325,,0,0,0,0,648
2022-03-07 11:57:01 UTC,8426,37,362,,4,0,0,0,648
2022-03-07 12:57:01 UTC,8427,48,414,,0,0,0,0,648
2022-03-07 13:57:01 UTC,8428,37,451,,0,0,0,0,648
2022-03-07 14:57:01 UTC,8429,28,479,,0,0,0,0,648
2022-03-07 15:57:01 UTC,8430,40,519,,4,0,0,0,648
2022-03-07 16:57:01 UTC,8431,37,560,,0,0,0,0,648
2022-03-07 17:57:01 UTC,8432,38,598,,0,0,0,0,648
2022-03-07 18:57:01 UTC,8433,31,629,,0,0,0,0,648
2022-03-07 19:57:01 UTC,8434,36,665,,4,0,0,0,648
2022-03-07 20:57:01 UTC,8435,18,688,,0,0,0,0,648
2022-03-07 21:57:01 UTC,8436,14,702,,4,0,0,0,648
2022-03-07 22:57:01 UTC,8437,,,702,,,,,
2022-03-07 23:57:01 UTC,8438,3,3,,0,0,0,0,706
2022-03-08 00:57:01 UTC,8439,2,5,,0,0,0,0,706
2022-03-08 01:57:01 UTC,8440,1,6,,0,0,0,0,706
2022-03-08 02:57:01 UTC,8441,0,6,,0,0,0,0,706
2022-03-08 03:57:01 UTC,8442,3,9,,4,0,0,0,706
2022-03-08 04:57:01 UTC,8443,5,15,,0,0,0,0,706
2022-03-08 05:57:01 UTC,8444,22,37,,0,0,0,0,706
2022-03-08 06:57:01 UTC,8445,55,92,,0,0,0,0,706
2022-03-08 07:57:01 UTC,8446,102,194,,3.9,0,0,0,706
2022-03-08 08:57:01 UTC,8447,84,296,,0,0,0,0,706
2022-03-08 09:57:01 UTC,8448,53,349,,0,0,0,0,706
2022-03-08 10:57:01 UTC,8449,58,407,,0,0,0,0,706
2022-03-08 11:57:01 UTC,8450,62,469,,4,0,0,0,706
2022-03-08 12:57:01 UTC,8451,47,524,,0,0,0,0,706
2022-03-08 13:57:01 UTC,8452,65,589,,0,0,0,0,706
2022-03-08 14:57:01 UTC,8453,44,633,,0,0,0,0,706
2022-03-08 15:57:01 UTC,8454,32,665,,4,0,0,0,706
2022-03-08 16:57:01 UTC,8455,44,714,,0,0,0,0,706
2022-03-08 17:57:01 UTC,8456,48,762,,0,0,0,0,706
2022-03-08 18:57:01 UTC,8457,39,801,,0,0,0,0,706
2022-03-08 19:57:01 UTC,8458,36,837,,4,0,0,0,706
2022-03-08 20:57:01 UTC,8459,18,857,,0,0,0,0,706
2022-03-08 21:57:01 UTC,8460,20,877,,4,0,0,0,706
2022-03-08 22:57:01 UTC,8461,,,877,,,,,
2022-03-08 23:57:01 UTC,8462,3,3,,0,0,0,0,882
2022-03-09 00:57:01 UTC,8463,5,8,,0,0,0,0,882
2022-03-09 01:57:01 UTC,8464,0,8,,0,0,0,0,882
2022-03-09 02:57:01 UTC,8465,0,8,,0,0,0,0,882
2022-03-09 03:57:01 UTC,8466,1,9,,4,0,0,0,882
2022-03-09 04:57:01 UTC,8467,6,17,,0,0,0,0,882
2022-03-09 05:57:01 UTC,8468,25,42,,0,0,0,0,882
2022-03-09 06:57:01 UTC,8469,46,88,,0,0,0,0,882
2022-03-09 07:57:01 UTC,8470,51,139,,4,0,0,0,882
2022-03-09 08:57:01 UTC,8471,50,199,,0,0,0,0,882
2022-03-09 09:57:01 UTC,8472,87,286,,0,0,0,0,882
2022-03-09 10:57:01 UTC,8473,48,334,,0,0,0,0,882
2022-03-09 11:57:01 UTC,8474,68,402,,4,0,0,0,882
2022-03-09 12:57:01 UTC,8475,51,457,,0,0,0,0,882
2022-03-09 13:57:01 UTC,8476,65,522,,0,0,0,0,882
2022-03-09 14:57:01 UTC,8477,44,566,,0,0,0,0,882
2022-03-09 15:57:01 UTC,8478,42,608,,4,0,0,0,882
2022-03-09 16:57:01 UTC,8479,31,641,,0,0,0,0,882
2022-03-09 17:57:01 UTC,8480,44,685,,0,0,0,0,882
2022-03-09 18:57:01 UTC,8481,32,717,,0,0,0,0,882
2022-03-09 19:57:01 UTC,8482,29,746,,4,0,0,0,882
2022-03-09 20:57:01 UTC,8483,15,761,,0,0,0,0,882
2022-03-09 21:57:01 UTC,8484,17,778,,4,0,0,0,882
2022-03-09 22:57:01 UTC,8485,,,778,,,,,
2022-03-09 23:57:01 UTC,8486,2,2,,0,0,0,0,784
2022-03-10 00:57:01 UTC,8487,6,8,,0,0,0,0,784
2022-03-10 01:57:01 UTC,8488,0,8,,0,0,0,0,784
2022-03-10 02:57:01 UTC,8489,0,8,,0,0,0,0,784
2022-03-10 03:57:01 UTC,8490,3,11,,4,0,0,0,784
2022-03-10 04:57:01 UTC,8491,8,21,,0,0,0,0,784
2022-03-10 05:57:01 UTC,8492,17,38,,0,0,0,0,784
2022-03-10 06:57:01 UTC,8493,53,91,,0,0,0,0,784
2022-03-10 07:57:01 UTC,8494,63,154,,3.9,0,0,0,784
2022-03-10 08:57:01 UTC,8495,59,224,,0,0,0,0,784
2022-03-10 09:57:01 UTC,8496,68,292,,0,0,0,0,784
2022-03-10 10:57:01 UTC,8497,62,354,,0,0,0,0,784
2022-03-10 11:57:01 UTC,8498,46,400,,4,0,0,0,784
2022-03-10 12:57:01 UTC,8499,68,473,,0,0,0,0,784
2022-03-10 13:57:01 UTC,8500,47,520,,0,0,0,0,784
2022-03-10 14:57:01 UTC,8501,38,558,,0,0,0,0,784
2022-03-10 15:57:01 UTC,8502,29,587,,4,0,0,0,784
2022-03-10 16:57:01 UTC,8503,38,628,,0,0,0,0,784
2022-03-10 17:57:01 UTC,8504,32,660,,0,0,0,0,784
2022-03-10 18:57:01 UTC,8505,45,705,,0,0,0,0,784
2022-03-10 19:57:01 UTC,8506,28,733,,4,0,0,0,784
2022-03-10 20:57:01 UTC,8507,24,762,,0,0,0,0,784
2022-03-10 21:57:01 UTC,8508,16,778,,4,0,0,0,784
2022-03-10 22:57:01 UTC,8509,,,778,,,,,
2022-03-10 23:57:01 UTC,8510,4,4,,0,0,0,0,787
2022-03-11 00:57:01 UTC,8511,1,5,,0,0,0,0,787
2022-03-11 01:57:01 UTC,8512,1,6,,0,0,0,0,787
2022-03-11 02:57:01 UTC,8513,2,8,,0,0,0,0,787
2022-03-11 03:57:01 UTC,8514,1,9,,4,0,0,0,787
2022-03-11 04:57:01 UTC,8515,6,18,,0,0,0,0,787
2022-03-11 05:57:01 UTC,8516,18,36,,0,0,0,0,787
2022-03-11 06:57:01 UTC,8517,34,70,,0,0,0,0,787
2022-03-11 07:57:01 UTC,8518,40,110,,3.9,0,0,0,787
2022-03-11 08:57:01 UTC,8519,45,165,,0,0,0,0,787
2022-03-11 09:57:01 UTC,8520,51,216,,0,0,0,0,787
2022-03-11 10:57:01 UTC,8521,44,260,,0,0,0,0,787
2022-03-11 11:57:01 UTC,8522,50,310,,4,0,0,0,787
2022-03-11 12:57:01 UTC,8523,55,370,,0,0,0,0,787
2022-03-11 13:57:01 UTC,8524,45,415,,0,0,0,0,787
2022-03-11 14:57:01 UTC,8525,37,452,,0,0,0,0,787
2022-03-11 15:57:01 UTC,8526,45,497,,4,0,0,0,787
2022-03-11 16:57:01 UTC,8527,36,533,,0,0,0,0,787
2022-03-11 17:57:01 UTC,8528,28,561,,0,0,0,0,787
2022-03-11 18:57:01 UTC,8529,39,600,,0,0,0,0,787
2022-03-11 19:57:01 UTC,8530,38,638,,4,0,0,0,787
2022-03-11 20:57:01 UTC,8531,29,669,,0,0,0,0,787
2022-03-11 21:57:01 UTC,8532,16,685,,4,0,0,0,787
2022-03-11 22:57:01 UTC,8533,,,685,,,,,
