created_at,entry_id,field1,field2,field3,field4,field5,field6,field7,field8
2022-06-01 00:57:01 UTC,14202,0,7,,1022,1098,504,0,0
2022-06-01 01:57:01 UTC,14203,0,7,,1022,1098,504,0,0
2022-06-01 02:57:01 UTC,14204,0,7,,1022,1098,504,0,0
2022-06-01 03:57:01 UTC,14205,1,9,,1022,1098,504,0,0
2022-06-01 04:57:01 UTC,14206,9,18,,1022,1098,504,0,0
2022-06-01 05:57:01 UTC,14207,27,45,,1022,1098,504,0,0
2022-06-01 06:57:01 UTC,14208,64,109,,1022,1098,504,0,0
2022-06-01 07:57:01 UTC,14209,68,189,,1022,1098,504,0,0
2022-06-01 08:57:01 UTC,14210,31,220,,1022,1098,504,0,0
2022-06-01 09:57:01 UTC,14211,41,261,,1022,1098,504,0,0
2022-06-01 10:57:01 UTC,14212,34,295,,1022,1098,504,0,0
2022-06-01 11:57:01 UTC,14213,41,336,,1022,1098,504,0,0
2022-06-01 12:57:01 UTC,14214,69,405,,1022,1098,504,0,0
2022-06-01 13:57:01 UTC,14215,91,496,,1022,1098,504,0,0
2022-06-01 14:57:01 UTC,14216,70,566,,1022,1098,504,0,0
2022-06-01 15:57:01 UTC,14217,66,632,,1022,1098,504,0,0
2022-06-01 16:57:01 UTC,14218,76,708,,1022,1098,504,0,0
2022-06-01 17:57:01 UTC,14219,43,751,,1022,1098,504,0,0
2022-06-01 18:57:01 UTC,14220,36,787,,1022,1098,504,0,0
2022-06-01 19:57:01 UTC,14221,15,803,,1022,1098,504,0,0
2022-06-01 20:57:01 UTC,14222,11,814,,1022,1098,504,0,0
2022-06-01 21:57:01 UTC,14223,,,814,,,,,
2022-06-01 22:57:01 UTC,14224,8,8,,827,0,0,0,0
2022-06-01 23:57:01 UTC,14225,4,12,,827,0,0,0,0
2022-06-02 00:57:01 UTC,14226,0,12,,827,0,0,0,0
2022-06-02 01:57:01 UTC,14227,1,13,,827,0,0,0,0
2022-06-02 02:57:01 UTC,14228,0,13,,827,0,0,0,0
2022-06-02 03:57:01 UTC,14229,1,16,,827,0,0,0,0
2022-06-02 04:57:01 UTC,14230,4,20,,827,0,0,0,0
2022-06-02 05:57:01 UTC,14231,15,35,,827,0,0,0,0
2022-06-02 06:57:01 UTC,14232,45,80,,827,0,0,0,0
2022-06-02 07:57:01 UTC,14233,87,181,,827,0,0,0,0
2022-06-02 08:57:01 UTC,14234,63,244,,827,0,0,0,0
2022-06-02 09:57:01 UTC,14235,83,327,,827,0,0,0,0
2022-06-02 10:57:01 UTC,14236,44,371,,827,0,0,0,0
2022-06-02 11:57:01 UTC,14237,33,406,,827,0,0,0,0
2022-06-02 12:57:01 UTC,14238,26,432,,827,0,0,0,0
2022-06-02 13:57:01 UTC,14239,50,482,,827,0,0,0,0
2022-06-02 14:57:01 UTC,14240,37,519,,827,0,0,0,0
2022-06-02 15:57:01 UTC,14241,45,564,,827,0,0,0,0
2022-06-02 16:57:01 UTC,14242,58,622,,827,0,0,0,0
2022-06-02 17:57:01 UTC,14243,38,660,,827,0,0,0,0
2022-06-02 18:57:01 UTC,14244,21,681,,827,0,0,0,0
2022-06-02 19:57:01 UTC,14245,18,700,,827,0,0,0,0
2022-06-02 20:57:01 UTC,14246,9,709,,827,0,0,0,0
2022-06-02 21:57:01 UTC,14247,,,709,,,,,
2022-06-02 22:57:01 UTC,14248,4,4,,714,827,0,0,0
2022-06-02 23:57:01 UTC,14249,9,13,,714,827,0,0,0
2022-06-03 00:57:01 UTC,14250,4,17,,714,827,0,0,0
2022-06-03 01:57:01 UTC,14251,0,17,,714,827,0,0,0
2022-06-03 02:57:01 UTC,14252,1,18,,714,827,0,0,0
2022-06-03 03:57:01 UTC,14253,2,22,,714,827,0,0,0
2022-06-03 04:57:01 UTC,14254,14,36,,714,827,0,0,0
2022-06-03 05:57:01 UTC,14255,18,54,,714,827,0,0,0
2022-06-03 06:57:01 UTC,14256,36,90,,714,827,0,0,0
2022-06-03 07:57:01 UTC,14257,42,141,,714,827,0,0,0
2022-06-03 08:57:01 UTC,14258,44,185,,714,827,0,0,0
2022-06-03 09:57:01 UTC,14259,30,215,,714,827,0,0,0
2022-06-03 10:57:01 UTC,14260,24,239,,714,827,0,0,0
2022-06-03 11:57:01 UTC,14261,29,269,,714,827,0,0,0
2022-06-03 12:57:01 UTC,14262,54,323,,714,827,0,0,0
2022-06-03 13:57:01 UTC,14263,126,449,,714,827,0,0,0
2022-06-03 14:57:01 UTC,14264,97,546,,714,827,0,0,0
2022-06-03 15:57:01 UTC,14265,34,580,,714,827,0,0,0
2022-06-03 16:57:01 UTC,14266,44,624,,714,827,0,0,0
2022-06-03 17:57:01 UTC,14267,35,659,,714,827,0,0,0
2022-06-03 18:57:01 UTC,14268,12,671,,714,827,0,0,0
2022-06-03 19:57:01 UTC,14269,8,679,,714,827,0,0,0
2022-06-03 20:57:01 UTC,14270,10,689,,714,827,0,0,0
2022-06-03 21:57:01 UTC,14271,,,689,,,,,
2022-06-03 22:57:01 UTC,14272,3,3,,696,714,827,0,0
2022-06-03 23:57:01 UTC,14273,10,13,,696,714,827,0,0
2022-06-04 00:57:01 UTC,14274,1,14,,696,714,827,0,0
2022-06-04 01:57:01 UTC,14275,3,17,,696,714,827,0,0
2022-06-04 02:57:01 UTC,14276,2,19,,696,714,827,0,0
2022-06-04 03:57:01 UTC,14277,2,21,,696,714,827,0,0
2022-06-04 04:57:01 UTC,14278,4,25,,696,714,827,0,0
2022-06-04 05:57:01 UTC,14279,7,32,,696,714,827,0,0
2022-06-04 06:57:01 UTC,14280,26,58,,696,714,827,0,0
2022-06-04 07:57:01 UTC,14281,41,104,,696,714,827,0,0
2022-06-04 08:57:01 UTC,14282,11,115,,696,714,827,0,0
2022-06-04 09:57:01 UTC,14283,7,122,,696,714,827,0,0
2022-06-04 10:57:01 UTC,14284,18,140,,696,714,827,0,0
2022-06-04 11:57:01 UTC,14285,34,174,,696,714,827,0,0
2022-06-04 12:57:01 UTC,14286,20,194,,696,714,827,0,0
2022-06-04 13:57:01 UTC,14287,23,217,,696,714,827,0,0
2022-06-04 14:57:01 UTC,14288,31,248,,696,714,827,0,0
2022-06-04 15:57:01 UTC,14289,34,282,,696,714,827,0,0
2022-06-04 16:57:01 UTC,14290,32,314,,696,714,827,0,0
2022-06-04 17:57:01 UTC,14291,21,335,,696,714,827,0,0
2022-06-04 18:57:01 UTC,14292,7,342,,696,714,827,0,0
2022-06-04 19:57:01 UTC,14293,8,350,,696,714,827,0,0
2022-06-04 20:57:01 UTC,14294,12,362,,696,714,827,0,0
2022-06-04 21:57:01 UTC,14295,,,362,,,,,
2022-06-04 22:57:01 UTC,14296,9,9,,370,696,714,827,0
2022-06-04 23:57:01 UTC,14297,3,12,,370,696,714,827,0
2022-06-05 00:57:01 UTC,14298,3,15,,370,696,714,827,0
2022-06-05 01:57:01 UTC,14299,2,17,,370,696,714,827,0
2022-06-05 02:57:01 UTC,14300,1,18,,370,696,714,827,0
2022-06-05 03:57:01 UTC,14301,3,23,,370,696,714,827,0
2022-06-05 04:57:01 UTC,14302,5,28,,370,696,714,827,0
2022-06-05 05:57:01 UTC,14303,9,37,,370,696,714,827,0
2022-06-05 06:57:01 UTC,14304,11,48,,370,696,714,827,0
2022-06-05 07:57:01 UTC,14305,17,66,,370,696,714,827,0
2022-06-05 08:57:01 UTC,14306,12,78,,370,696,714,827,0
2022-06-05 09:57:01 UTC,14307,18,96,,370,696,714,827,0
2022-06-05 10:57:01 UTC,14308,31,127,,370,696,714,827,0
2022-06-05 11:57:01 UTC,14309,52,179,,370,696,714,827,0
2022-06-05 12:57:01 UTC,14310,53,232,,370,696,714,827,0
2022-06-05 13:57:01 UTC,14311,59,291,,370,696,714,827,0
2022-06-05 14:57:01 UTC,14312,24,315,,370,696,714,827,0
2022-06-05 15:57:01 UTC,14313,40,357,,370,696,714,827,0
2022-06-05 16:57:01 UTC,14314,11,368,,370,696,714,827,0
2022-06-05 17:57:01 UTC,14315,9,377,,370,696,714,827,0
2022-06-05 18:57:01 UTC,14316,9,386,,370,696,714,827,0
2022-06-05 19:57:01 UTC,14317,4,390,,370,696,714,827,0
2022-06-05 20:57:01 UTC,14318,9,399,,370,696,714,827,0
2022-06-05 21:57:01 UTC,14319,,,399,,,,,
2022-06-05 22:57:01 UTC,14320,5,5,,402,370,696,714,827
2022-06-05 23:57:01 UTC,14321,2,7,,402,370,696,714,827
2022-06-06 00:57:01 UTC,14322,1,8,,402,370,696,714,827
2022-06-06 01:57:01 UTC,14323,1,9,,402,370,696,714,827
2022-06-06 02:57:01 UTC,14324,4,13,,402,370,696,714,827
2022-06-06 03:57:01 UTC,14325,0,15,,402,370,696,714,827
2022-06-06 04:57:01 UTC,14326,6,21,,402,370,696,714,827
2022-06-06 05:57:01 UTC,14327,28,49,,402,370,696,714,827
2022-06-06 06:57:01 UTC,14328,77,126,,402,370,696,714,827
2022-06-06 07:57:01 UTC,14329,67,206,,402,370,696,714,827
2022-06-06 08:57:01 UTC,14330,33,239,,402,370,696,714,827
2022-06-06 09:57:01 UTC,14331,27,266,,402,370,696,714,827
2022-06-06 10:57:01 UTC,14332,27,293,,402,370,696,714,827
2022-06-06 11:57:01 UTC,14333,39,333,,402,370,696,714,827
2022-06-06 12:57:01 UTC,14334,49,382,,402,370,696,714,827
2022-06-06 13:57:01 UTC,14335,72,454,,402,370,696,714,827
2022-06-06 14:57:01 UTC,14336,39,493,,402,370,696,714,827
2022-06-06 15:57:01 UTC,14337,53,546,,402,370,696,714,827
2022-06-06 16:57:01 UTC,14338,73,619,,402,370,696,714,827
2022-06-06 17:57:01 UTC,14339,38,657,,402,370,696,714,827
2022-06-06 18:57:01 UTC,14340,17,674,,402,370,696,714,827
2022-06-06 19:57:01 UTC,14341,6,680,,402,370,696,714,827
2022-06-06 20:57:01 UTC,14342,9,689,,402,370,696,714,827
2022-06-06 21:57:01 UTC,14343,,,689,,,,,
2022-06-06 22:57:01 UTC,14344,3,3,,694,402,370,696,714
2022-06-06 23:57:01 UTC,14345,1,4,,694,402,370,696,714
2022-06-07 00:57:01 UTC,14346,0,4,,694,402,370,696,714
2022-06-07 01:57:01 UTC,14347,0,4,,694,402,370,696,714
2022-06-07 02:57:01 UTC,14348,0,4,,694,402,370,696,714
2022-06-07 03:57:01 UTC,14349,0,6,,694,402,370,696,714
2022-06-07 04:57:01 UTC,14350,11,17,,694,402,370,696,714
2022-06-07 05:57:01 UTC,14351,34,51,,694,402,370,696,714
2022-06-07 06:57:01 UTC,14352,77,128,,694,402,370,696,714
2022-06-07 07:57:01 UTC,14353,67,209,,694,402,370,696,714
2022-06-07 08:57:01 UTC,14354,34,243,,694,402,370,696,714
2022-06-07 09:57:01 UTC,14355,40,283,,694,402,370,696,714
2022-06-07 10:57:01 UTC,14356,31,314,,694,402,370,696,714
2022-06-07 11:57:01 UTC,14357,43,358,,694,402,370,696,714
2022-06-07 12:57:01 UTC,14358,42,400,,694,402,370,696,714
2022-06-07 13:57:01 UTC,14359,53,453,,694,402,370,696,714
2022-06-07 14:57:01 UTC,14360,52,505,,694,402,370,696,714
2022-06-07 15:57:01 UTC,14361,59,564,,694,402,370,696,714
2022-06-07 16:57:01 UTC,14362,75,639,,694,402,370,696,714
2022-06-07 17:57:01 UTC,14363,49,688,,694,402,370,696,714
2022-06-07 18:57:01 UTC,14364,18,706,,694,402,370,696,714
2022-06-07 19:57:01 UTC,14365,4,710,,694,402,370,696,714
2022-06-07 20:57:01 UTC,14366,6,716,,694,402,370,696,714
2022-06-07 21:57:01 UTC,14367,,,716,,,,,
2022-06-07 22:57:01 UTC,14368,3,3,,724,694,402,370,696
2022-06-07 23:57:01 UTC,14369,3,6,,724,694,402,370,696
2022-06-08 00:57:01 UTC,14370,5,11,,724,694,402,370,696
2022-06-08 01:57:01 UTC,14371,0,11,,724,694,402,370,696
2022-06-08 02:57:01 UTC,14372,1,12,,724,694,402,370,696
2022-06-08 03:57:01 UTC,14373,1,14,,724,694,402,370,696
2022-06-08 04:57:01 UTC,14374,10,24,,724,694,402,370,696
2022-06-08 05:57:01 UTC,14375,36,60,,724,694,402,370,696
2022-06-08 06:57:01 UTC,14376,70,130,,724,694,402,370,696
2022-06-08 07:57:01 UTC,14377,64,202,,724,694,402,370,696
2022-06-08 08:57:01 UTC,14378,29,231,,724,694,402,370,696
2022-06-08 09:57:01 UTC,14379,24,255,,724,694,402,370,696
2022-06-08 10:57:01 UTC,14380,22,277,,724,694,402,370,696
2022-06-08 11:57:01 UTC,14381,32,312,,724,694,402,370,696
2022-06-08 12:57:01 UTC,14382,39,351,,724,694,402,370,696
2022-06-08 13:57:01 UTC,14383,46,397,,724,694,402,370,696
2022-06-08 14:57:01 UTC,14384,51,448,,724,694,402,370,696
2022-06-08 15:57:01 UTC,14385,59,508,,724,694,402,370,696
2022-06-08 16:57:01 UTC,14386,79,587,,724,694,402,370,696
2022-06-08 17:57:01 UTC,14387,73,660,,724,694,402,370,696
2022-06-08 18:57:01 UTC,14388,26,686,,724,694,402,370,696
2022-06-08 19:57:01 UTC,14389,14,700,,724,694,402,370,696
2022-06-08 20:57:01 UTC,14390,3,703,,724,694,402,370,696
2022-06-08 21:57:01 UTC,14391,,,703,,,,,
2022-06-08 22:57:01 UTC,14392,3,3,,708,724,694,402,370
2022-06-08 23:57:01 UTC,14393,4,7,,708,724,694,402,370
2022-06-09 00:57:01 UTC,14394,1,8,,708,724,694,402,370
2022-06-09 01:57:01 UTC,14395,0,8,,708,724,694,402,370
2022-06-09 02:57:01 UTC,14396,0,8,,708,724,694,402,370
2022-06-09 03:57:01 UTC,14397,1,9,,708,724,694,402,370
2022-06-09 04:57:01 UTC,14398,6,15,,708,724,694,402,370
2022-06-09 05:57:01 UTC,14399,12,27,,708,724,694,402,370
2022-06-09 06:57:01 UTC,14400,25,52,,708,724,694,402,370
2022-06-09 07:57:01 UTC,14401,24,81,,708,724,694,402,370
2022-06-09 08:57:01 UTC,14402,13,94,,708,724,694,402,370
2022-06-09 09:57:01 UTC,14403,6,100,,708,724,694,402,370
2022-06-09 10:57:01 UTC,14404,15,115,,708,724,694,402,370
2022-06-09 11:57:01 UTC,14405,29,144,,708,724,694,402,370
2022-06-09 12:57:01 UTC,14406,15,159,,708,724,694,402,370
2022-06-09 13:57:01 UTC,14407,13,172,,708,724,694,402,370
2022-06-09 14:57:01 UTC,14408,21,193,,708,724,694,402,370
2022-06-09 15:57:01 UTC,14409,29,225,,708,724,694,402,370
2022-06-09 16:57:01 UTC,14410,39,264,,708,724,694,402,370
2022-06-09 17:57:01 UTC,14411,43,307,,708,724,694,402,370
2022-06-09 18:57:01 UTC,14412,28,335,,708,724,694,402,370
2022-06-09 19:57:01 UTC,14413,15,352,,708,724,694,402,370
2022-06-09 20:57:01 UTC,14414,10,362,,708,724,694,402,370
2022-06-09 21:57:01 UTC,14415,,,362,,,,,
2022-06-09 22:57:01 UTC,14416,10,10,,365,708,724,694,402
2022-06-09 23:57:01 UTC,14417,2,12,,365,708,724,694,402
2022-06-10 00:57:01 UTC,14418,2,14,,365,708,724,694,402
2022-06-10 01:57:01 UTC,14419,0,14,,365,708,724,694,402
2022-06-10 02:57:01 UTC,14420,1,15,,365,708,724,694,402
2022-06-10 03:57:01 UTC,14421,3,18,,365,708,724,694,402
2022-06-10 04:57:01 UTC,14422,11,29,,365,708,724,694,402
2022-06-10 05:57:01 UTC,14423,32,61,,365,708,724,694,402
2022-06-10 06:57:01 UTC,14424,54,115,,365,708,724,694,402
2022-06-10 07:57:01 UTC,14425,70,197,,365,708,724,694,402
2022-06-10 08:57:01 UTC,14426,40,237,,365,708,724,694,402
2022-06-10 09:57:01 UTC,14427,35,272,,365,708,724,694,402
2022-06-10 10:57:01 UTC,14428,24,296,,365,708,724,694,402
2022-06-10 11:57:01 UTC,14429,114,410,,365,708,724,694,402
2022-06-10 12:57:01 UTC,14430,641,1051,,365,708,724,694,402
2022-06-10 13:57:01 UTC,14431,568,1619,,365,708,724,694,402
2022-06-10 14:57:01 UTC,14432,318,1937,,365,708,724,694,402
2022-06-10 15:57:01 UTC,14433,55,1993,,365,708,724,694,402
2022-06-10 16:57:01 UTC,14434,81,2074,,365,708,724,694,402
2022-06-10 17:57:01 UTC,14435,23,2097,,365,708,724,694,402
2022-06-10 18:57:01 UTC,14436,22,2119,,365,708,724,694,402
2022-06-10 19:57:01 UTC,14437,6,2125,,365,708,724,694,402
2022-06-10 20:57:01 UTC,14438,7,2132,,365,708,724,694,402
2022-06-10 21:57:01 UTC,14439,,,2132,,,,,
2022-06-10 22:57:01 UTC,14440,5,5,,2140,365,708,724,694
2022-06-10 23:57:01 UTC,14441,3,8,,2140,365,708,724,694
2022-06-11 00:57:01 UTC,14442,3,11,,2140,365,708,724,694
2022-06-11 01:57:01 UTC,14443,2,13,,2140,365,708,724,694
2022-06-11 02:57:01 UTC,14444,2,15,,2140,365,708,724,694
2022-06-11 03:57:01 UTC,14445,0,16,,2140,365,708,724,694
2022-06-11 04:57:01 UTC,14446,3,19,,2140,365,708,724,694
2022-06-11 05:57:01 UTC,14447,19,38,,2140,365,708,724,694
2022-06-11 06:57:01 UTC,14448,35,73,,2140,365,708,724,694
2022-06-11 07:57:01 UTC,14449,39,115,,2140,365,708,724,694
2022-06-11 08:57:01 UTC,14450,43,158,,2140,365,708,724,694
2022-06-11 09:57:01 UTC,14451,42,200,,2140,365,708,724,694
2022-06-11 10:57:01 UTC,14452,41,241,,2140,365,708,724,694
2022-06-11 11:57:01 UTC,14453,61,302,,2140,365,708,724,694
2022-06-11 12:57:01 UTC,14454,261,563,,2140,365,708,724,694
2022-06-11 13:57:01 UTC,14455,423,986,,2140,365,708,724,694
2022-06-11 14:57:01 UTC,14456,84,1070,,2140,365,708,724,694
2022-06-11 15:57:01 UTC,14457,52,1122,,2140,365,708,724,694
2022-06-11 16:57:01 UTC,14458,54,1176,,2140,365,708,724,694
2022-06-11 17:57:01 UTC,14459,21,1197,,2140,365,708,724,694
2022-06-11 18:57:01 UTC,14460,8,1205,,2140,365,708,724,694
2022-06-11 19:57:01 UTC,14461,5,1212,,2140,365,708,724,694
2022-06-11 20:57:01 UTC,14462,7,1219,,2140,365,708,724,694
2022-06-11 21:57:01 UTC,14463,,,1219,,,,,
2022-06-11 22:57:01 UTC,14464,7,7,,1222,2140,365,708,724
2022-06-11 23:57:01 UTC,14465,22,29,,1222,2140,365,708,724
2022-06-12 00:57:01 UTC,14466,4,33,,1222,2140,365,708,724
2022-06-12 01:57:01 UTC,14467,4,37,,1222,2140,365,708,724
2022-06-12 02:57:01 UTC,14468,2,39,,1222,2140,365,708,724
2022-06-12 03:57:01 UTC,14469,3,44,,1222,2140,365,708,724
2022-06-12 04:57:01 UTC,14470,8,52,,1222,2140,365,708,724
2022-06-12 05:57:01 UTC,14471,18,70,,1222,2140,365,708,724
2022-06-12 06:57:01 UTC,14472,20,90,,1222,2140,365,708,724
2022-06-12 07:57:01 UTC,14473,49,147,,1222,2140,365,708,724
2022-06-12 08:57:01 UTC,14474,61,208,,1222,2140,365,708,724
2022-06-12 09:57:01 UTC,14475,59,267,,1222,2140,365,708,724
2022-06-12 10:57:01 UTC,14476,54,321,,1222,2140,365,708,724
2022-06-12 11:57:01 UTC,14477,48,370,,1222,2140,365,708,724
2022-06-12 12:57:01 UTC,14478,96,466,,1222,2140,365,708,724
2022-06-12 13:57:01 UTC,14479,310,776,,1222,2140,365,708,724
2022-06-12 14:57:01 UTC,14480,178,954,,1222,2140,365,708,724
2022-06-12 15:57:01 UTC,14481,35,989,,1222,2140,365,708,724
2022-06-12 16:57:01 UTC,14482,44,1033,,1222,2140,365,708,724
2022-06-12 17:57:01 UTC,14483,31,1064,,1222,2140,365,708,724
2022-06-12 18:57:01 UTC,14484,7,1071,,1222,2140,365,708,724
2022-06-12 19:57:01 UTC,14485,6,1077,,1222,2140,365,708,724
2022-06-12 20:57:01 UTC,14486,4,1081,,1222,2140,365,708,724
2022-06-12 21:57:01 UTC,14487,,,1081,,,,,
