created_at,entry_id,field1,field2,field3,field4,field5,field6,field7,field8
2022-04-01 00:57:01 UTC,12690,0,0,,218,100,0,0,0
2022-04-01 01:57:01 UTC,12691,0,0,,218,100,0,0,0
2022-04-01 02:57:01 UTC,12692,1,1,,218,100,0,0,0
2022-04-01 03:57:01 UTC,12693,0,1,,218,100,0,0,0
2022-04-01 04:57:01 UTC,12694,2,3,,218,100,0,0,0
2022-04-01 05:57:01 UTC,12695,11,14,,218,100,0,0,0
2022-04-01 06:57:01 UTC,12696,38,52,,218,100,0,0,0
2022-04-01 07:57:01 UTC,12697,26,81,,218,100,0,0,0
2022-04-01 08:57:01 UTC,12698,12,93,,218,100,0,0,0
2022-04-01 09:57:01 UTC,12699,10,103,,218,100,0,0,0
2022-04-01 10:57:01 UTC,12700,17,120,,218,100,0,0,0
2022-04-01 11:57:01 UTC,12701,15,135,,218,100,0,0,0
2022-04-01 12:57:01 UTC,12702,14,149,,218,100,0,0,0
2022-04-01 13:57:01 UTC,12703,16,165,,218,100,0,0,0
2022-04-01 14:57:01 UTC,12704,16,181,,218,100,0,0,0
2022-04-01 15:57:01 UTC,12705,30,212,,218,100,0,0,0
2022-04-01 16:57:01 UTC,12706,30,242,,218,100,0,0,0
2022-04-01 17:57:01 UTC,12707,13,255,,218,100,0,0,0
2022-04-01 18:57:01 UTC,12708,9,264,,218,100,0,0,0
2022-04-01 19:57:01 UTC,12709,6,271,,218,100,0,0,0
2022-04-01 20:57:01 UTC,12710,2,273,,218,100,0,0,0
2022-04-01 21:57:01 UTC,12711,,,273,,,,,
2022-04-01 22:57:01 UTC,12712,3,3,,275,0,0,0,0
2022-04-01 23:57:01 UTC,12713,3,6,,275,0,0,0,0
2022-04-02 00:57:01 UTC,12714,2,8,,275,0,0,0,0
2022-04-02 01:57:01 UTC,12715,1,9,,275,0,0,0,0
2022-04-02 02:57:01 UTC,12716,3,12,,275,0,0,0,0
2022-04-02 03:57:01 UTC,12717,0,12,,275,0,0,0,0
2022-04-02 04:57:01 UTC,12718,1,13,,275,0,0,0,0
2022-04-02 05:57:01 UTC,12719,10,23,,275,0,0,0,0
2022-04-02 06:57:01 UTC,12720,8,31,,275,0,0,0,0
2022-04-02 07:57:01 UTC,12721,7,39,,275,0,0,0,0
2022-04-02 08:57:01 UTC,12722,15,54,,275,0,0,0,0
2022-04-02 09:57:01 UTC,12723,15,69,,275,0,0,0,0
2022-04-02 10:57:01 UTC,12724,13,82,,275,0,0,0,0
2022-04-02 11:57:01 UTC,12725,18,101,,275,0,0,0,0
2022-04-02 12:57:01 UTC,12726,25,126,,275,0,0,0,0
2022-04-02 13:57:01 UTC,12727,15,141,,275,0,0,0,0
2022-04-02 14:57:01 UTC,12728,10,151,,275,0,0,0,0
2022-04-02 15:57:01 UTC,12729,7,158,,275,0,0,0,0
2022-04-02 16:57:01 UTC,12730,7,165,,275,0,0,0,0
2022-04-02 17:57:01 UTC,12731,5,170,,275,0,0,0,0
2022-04-02 18:57:01 UTC,12732,6,176,,275,0,0,0,0
2022-04-02 19:57:01 UTC,12733,3,5201,,8,0,0,0,0
2022-04-02 20:57:01 UTC,12734,3,5204,,8,0,0,0,0
2022-04-02 21:57:01 UTC,12735,,,5204,,,,,
2022-04-02 22:57:01 UTC,12736,2,2,,5206,8,0,0,0
2022-04-02 23:57:01 UTC,12737,1,3,,5206,8,0,0,0
2022-04-03 00:57:01 UTC,12738,0,3,,5206,8,0,0,0
2022-04-03 01:57:01 UTC,12739,0,3,,5206,8,0,0,0
2022-04-03 02:57:01 UTC,12740,1,4,,5206,8,0,0,0
2022-04-03 03:57:01 UTC,12741,0,5,,5206,8,0,0,0
2022-04-03 04:57:01 UTC,12742,4,9,,5206,8,0,0,0
2022-04-03 05:57:01 UTC,12743,19,28,,5206,8,0,0,0
2022-04-03 06:57:01 UTC,12744,50,78,,5206,8,0,0,0
2022-04-03 07:57:01 UTC,12745,42,123,,5206,8,0,0,0
2022-04-03 08:57:01 UTC,12746,24,147,,5206,8,0,0,0
2022-04-03 09:57:01 UTC,12747,27,174,,5206,8,0,0,0
2022-04-03 10:57:01 UTC,12748,27,201,,5206,8,0,0,0
2022-04-03 11:57:01 UTC,12749,39,241,,5206,8,0,0,0
2022-04-03 12:57:01 UTC,12750,47,288,,5206,8,0,0,0
2022-04-03 13:57:01 UTC,12751,47,335,,5206,8,0,0,0
2022-04-03 14:57:01 UTC,12752,51,386,,5206,8,0,0,0
2022-04-03 15:57:01 UTC,12753,51,437,,5206,8,0,0,0
2022-04-03 16:57:01 UTC,12754,52,489,,5206,8,0,0,0
2022-04-03 17:57:01 UTC,12755,25,514,,5206,8,0,0,0
2022-04-03 18:57:01 UTC,12756,19,533,,5206,8,0,0,0
2022-04-03 19:57:01 UTC,12757,4,538,,5206,8,0,0,0
2022-04-03 20:57:01 UTC,12758,6,544,,5206,8,0,0,0
2022-04-03 21:57:01 UTC,12759,,,544,,,,,
2022-04-03 22:57:01 UTC,12760,5,5,,545,5206,8,0,0
2022-04-03 23:57:01 UTC,12761,1,6,,545,5206,8,0,0
2022-04-04 00:57:01 UTC,12762,0,6,,545,5206,8,0,0
2022-04-04 01:57:01 UTC,12763,0,6,,545,5206,8,0,0
2022-04-04 02:57:01 UTC,12764,3,9,,545,5206,8,0,0
2022-04-04 03:57:01 UTC,12765,2,11,,545,5206,8,0,0
2022-04-04 04:57:01 UTC,12766,8,19,,545,5206,8,0,0
2022-04-04 05:57:01 UTC,12767,24,43,,545,5206,8,0,0
2022-04-04 06:57:01 UTC,12768,86,129,,545,5206,8,0,0
2022-04-04 07:57:01 UTC,12769,66,202,,545,5206,8,0,0
2022-04-04 08:57:01 UTC,12770,55,257,,545,5206,8,0,0
2022-04-04 09:57:01 UTC,12771,54,311,,545,5206,8,0,0
2022-04-04 10:57:01 UTC,12772,46,357,,545,5206,8,0,0
2022-04-04 11:57:01 UTC,12773,43,400,,545,5206,8,0,0
2022-04-04 12:57:01 UTC,12774,43,443,,545,5206,8,0,0
2022-04-04 13:57:01 UTC,12775,61,504,,545,5206,8,0,0
2022-04-04 14:57:01 UTC,12776,59,563,,545,5206,8,0,0
2022-04-04 15:57:01 UTC,12777,50,613,,545,5206,8,0,0
2022-04-04 16:57:01 UTC,12778,45,658,,545,5206,8,0,0
2022-04-04 17:57:01 UTC,12779,31,689,,545,5206,8,0,0
2022-04-04 18:57:01 UTC,12780,26,715,,545,5206,8,0,0
2022-04-04 19:57:01 UTC,12781,13,728,,545,5206,8,0,0
2022-04-04 20:57:01 UTC,12782,8,736,,545,5206,8,0,0
2022-04-04 21:57:01 UTC,12783,,,736,,,,,
2022-04-04 22:57:01 UTC,12784,1,1,,742,545,5206,8,0
2022-04-04 23:57:01 UTC,12785,1,2,,742,545,5206,8,0
2022-04-05 00:57:01 UTC,12786,0,2,,742,545,5206,8,0
2022-04-05 01:57:01 UTC,12787,0,2,,742,545,5206,8,0
2022-04-05 02:57:01 UTC,12788,2,4,,742,545,5206,8,0
2022-04-05 03:57:01 UTC,12789,0,4,,742,545,5206,8,0
2022-04-05 04:57:01 UTC,12790,3,7,,742,545,5206,8,0
2022-04-05 05:57:01 UTC,12791,30,37,,742,545,5206,8,0
2022-04-05 06:57:01 UTC,12792,54,91,,742,545,5206,8,0
2022-04-05 07:57:01 UTC,12793,29,126,,742,545,5206,8,0
2022-04-05 08:57:01 UTC,12794,26,152,,742,545,5206,8,0
2022-04-05 09:57:01 UTC,12795,20,172,,742,545,5206,8,0
2022-04-05 10:57:01 UTC,12796,14,186,,742,545,5206,8,0
2022-04-05 11:57:01 UTC,12797,28,214,,742,545,5206,8,0
2022-04-05 12:57:01 UTC,12798,21,235,,742,545,5206,8,0
2022-04-05 13:57:01 UTC,12799,22,257,,742,545,5206,8,0
2022-04-05 14:57:01 UTC,12800,11,268,,742,545,5206,8,0
2022-04-05 15:57:01 UTC,12801,18,286,,742,545,5206,8,0
2022-04-05 16:57:01 UTC,12802,26,312,,742,545,5206,8,0
2022-04-05 17:57:01 UTC,12803,21,333,,742,545,5206,8,0
2022-04-05 18:57:01 UTC,12804,15,348,,742,545,5206,8,0
2022-04-05 19:57:01 UTC,12805,6,354,,742,545,5206,8,0
2022-04-05 20:57:01 UTC,12806,2,356,,742,545,5206,8,0
2022-04-05 21:57:01 UTC,12807,,,356,,,,,
2022-04-05 22:57:01 UTC,12808,1,1,,356,742,545,5206,8
2022-04-05 23:57:01 UTC,12809,0,1,,356,742,545,5206,8
2022-04-06 00:57:01 UTC,12810,0,1,,356,742,545,5206,8
2022-04-06 01:57:01 UTC,12811,0,1,,356,742,545,5206,8
2022-04-06 02:57:01 UTC,12812,3,4,,356,742,545,5206,8
2022-04-06 03:57:01 UTC,12813,0,4,,356,742,545,5206,8
2022-04-06 04:57:01 UTC,12814,3,7,,356,742,545,5206,8
2022-04-06 05:57:01 UTC,12815,26,33,,356,742,545,5206,8
2022-04-06 06:57:01 UTC,12816,77,110,,356,742,545,5206,8
2022-04-06 07:57:01 UTC,12817,66,182,,356,742,545,5206,8
2022-04-06 08:57:01 UTC,12818,41,223,,356,742,545,5206,8
2022-04-06 09:57:01 UTC,12819,24,247,,356,742,545,5206,8
2022-04-06 10:57:01 UTC,12820,48,295,,356,742,545,5206,8
2022-04-06 11:57:01 UTC,12821,38,333,,356,742,545,5206,8
2022-04-06 12:57:01 UTC,12822,32,365,,356,742,545,5206,8
2022-04-06 13:57:01 UTC,12823,47,412,,356,742,545,5206,8
2022-04-06 14:57:01 UTC,12824,37,449,,356,742,545,5206,8
2022-04-06 15:57:01 UTC,12825,38,487,,356,742,545,5206,8
2022-04-06 16:57:01 UTC,12826,58,545,,356,742,545,5206,8
2022-04-06 17:57:01 UTC,12827,42,587,,356,742,545,5206,8
2022-04-06 18:57:01 UTC,12828,22,609,,356,742,545,5206,8
2022-04-06 19:57:01 UTC,12829,3,612,,356,742,545,5206,8
2022-04-06 20:57:01 UTC,12830,11,623,,356,742,545,5206,8
2022-04-06 21:57:01 UTC,12831,,,623,,,,,
2022-04-06 22:57:01 UTC,12832,5,5,,626,356,742,545,5206
2022-04-06 23:57:01 UTC,12833,3,8,,626,356,742,545,5206
2022-04-07 00:57:01 UTC,12834,2,10,,626,356,742,545,5206
2022-04-07 01:57:01 UTC,12835,4,14,,626,356,742,545,5206
2022-04-07 02:57:01 UTC,12836,3,17,,626,356,742,545,5206
2022-04-07 03:57:01 UTC,12837,1,18,,626,356,742,545,5206
2022-04-07 04:57:01 UTC,12838,5,23,,626,356,742,545,5206
2022-04-07 05:57:01 UTC,12839,29,52,,626,356,742,545,5206
2022-04-07 06:57:01 UTC,12840,64,116,,626,356,742,545,5206
2022-04-07 07:57:01 UTC,12841,47,169,,626,356,742,545,5206
2022-04-07 08:57:01 UTC,12842,33,202,,626,356,742,545,5206
2022-04-07 09:57:01 UTC,12843,26,228,,626,356,742,545,5206
2022-04-07 10:57:01 UTC,12844,26,254,,626,356,742,545,5206
2022-04-07 11:57:01 UTC,12845,29,283,,626,356,742,545,5206
2022-04-07 12:57:01 UTC,12846,34,317,,626,356,742,545,5206
2022-04-07 13:57:01 UTC,12847,51,368,,626,356,742,545,5206
2022-04-07 14:57:01 UTC,12848,41,409,,626,356,742,545,5206
2022-04-07 15:57:01 UTC,12849,35,444,,626,356,742,545,5206
2022-04-07 16:57:01 UTC,12850,35,479,,626,356,742,545,5206
2022-04-07 17:57:01 UTC,12851,34,513,,626,356,742,545,5206
2022-04-07 18:57:01 UTC,12852,25,538,,626,356,742,545,5206
2022-04-07 19:57:01 UTC,12853,12,550,,626,356,742,545,5206
2022-04-07 20:57:01 UTC,12854,12,562,,626,356,742,545,5206
2022-04-07 21:57:01 UTC,12855,,,562,,,,,
2022-04-08 22:57:01 UTC,12856,8,8,,8,0,0,0,0
2022-04-08 23:57:01 UTC,12857,3,11,,8,0,0,0,0
2022-04-09 00:57:01 UTC,12858,5,16,,8,0,0,0,0
2022-04-09 01:57:01 UTC,12859,2,18,,8,0,0,0,0
2022-04-09 02:57:01 UTC,12860,4,22,,8,0,0,0,0
2022-04-09 03:57:01 UTC,12861,0,22,,8,0,0,0,0
2022-04-09 04:57:01 UTC,12862,3,25,,8,0,0,0,0
2022-04-09 05:57:01 UTC,12863,17,42,,8,0,0,0,0
2022-04-09 06:57:01 UTC,12864,16,58,,8,0,0,0,0
2022-04-09 07:57:01 UTC,12865,21,79,,8,0,0,0,0
2022-04-09 08:57:01 UTC,12866,38,117,,8,0,0,0,0
2022-04-09 09:57:01 UTC,12867,38,155,,8,0,0,0,0
2022-04-09 10:57:01 UTC,12868,24,179,,8,0,0,0,0
2022-04-09 11:57:01 UTC,12869,46,226,,8,0,0,0,0
2022-04-09 12:57:01 UTC,12870,45,271,,8,0,0,0,0
2022-04-09 13:57:01 UTC,12871,55,326,,8,0,0,0,0
2022-04-09 14:57:01 UTC,12872,39,365,,8,0,0,0,0
2022-04-09 15:57:01 UTC,12873,31,396,,8,0,0,0,0
2022-04-09 16:57:01 UTC,12874,31,427,,8,0,0,0,0
2022-04-09 17:57:01 UTC,12875,17,444,,8,0,0,0,0
2022-04-09 18:57:01 UTC,12876,6,450,,8,0,0,0,0
2022-04-09 19:57:01 UTC,12877,9,459,,8,0,0,0,0
2022-04-09 20:57:01 UTC,12878,6,465,,8,0,0,0,0
2022-04-09 21:57:01 UTC,12879,,,465,,,,,
2022-04-09 22:57:01 UTC,12880,3,3,,471,8,0,0,0
2022-04-09 23:57:01 UTC,12881,6,9,,471,8,0,0,0
2022-04-10 00:57:01 UTC,12882,3,12,,471,8,0,0,0
2022-04-10 01:57:01 UTC,12883,2,14,,471,8,0,0,0
2022-04-10 02:57:01 UTC,12884,1,15,,471,8,0,0,0
2022-04-10 03:57:01 UTC,12885,0,15,,471,8,0,0,0
2022-04-10 04:57:01 UTC,12886,0,15,,471,8,0,0,0
2022-04-10 05:57:01 UTC,12887,4,19,,471,8,0,0,0
2022-04-10 06:57:01 UTC,12888,34,53,,471,8,0,0,0
2022-04-10 07:57:01 UTC,12889,55,112,,471,8,0,0,0
2022-04-10 08:57:01 UTC,12890,92,204,,471,8,0,0,0
2022-04-10 09:57:01 UTC,12891,109,313,,471,8,0,0,0
2022-04-10 10:57:01 UTC,12892,68,381,,471,8,0,0,0
2022-04-10 11:57:01 UTC,12893,50,435,,471,8,0,0,0
2022-04-10 12:57:01 UTC,12894,66,501,,471,8,0,0,0
2022-04-10 13:57:01 UTC,12895,74,575,,471,8,0,0,0
2022-04-10 14:57:01 UTC,12896,57,632,,471,8,0,0,0
2022-04-10 15:57:01 UTC,12897,69,701,,471,8,0,0,0
2022-04-10 16:57:01 UTC,12898,38,739,,471,8,0,0,0
2022-04-10 17:57:01 UTC,12899,18,757,,471,8,0,0,0
2022-04-10 18:57:01 UTC,12900,10,767,,471,8,0,0,0
2022-04-10 19:57:01 UTC,12901,6,773,,471,8,0,0,0
2022-04-10 20:57:01 UTC,12902,4,777,,471,8,0,0,0
2022-04-10 21:57:01 UTC,12903,,,777,,,,,
2022-04-10 22:57:01 UTC,12904,3,3,,781,471,8,0,0
2022-04-10 23:57:01 UTC,12905,4,7,,781,471,8,0,0
2022-04-11 00:57:01 UTC,12906,0,7,,781,471,8,0,0
2022-04-11 01:57:01 UTC,12907,0,7,,781,471,8,0,0
2022-04-11 02:57:01 UTC,12908,2,9,,781,471,8,0,0
2022-04-11 03:57:01 UTC,12909,1,10,,781,471,8,0,0
2022-04-11 04:57:01 UTC,12910,6,16,,781,471,8,0,0
2022-04-11 05:57:01 UTC,12911,23,39,,781,471,8,0,0
2022-04-11 06:57:01 UTC,12912,68,107,,781,471,8,0,0
2022-04-11 07:57:01 UTC,12913,58,188,,781,471,8,0,0
2022-04-11 08:57:01 UTC,12914,41,229,,781,471,8,0,0
2022-04-11 09:57:01 UTC,12915,36,265,,781,471,8,0,0
2022-04-11 10:57:01 UTC,12916,17,282,,781,471,8,0,0
2022-04-11 11:57:01 UTC,12941,47,47,,0,0,0,0,0
2022-04-11 12:57:01 UTC,12942,52,99,,0,0,0,0,0
2022-04-11 13:57:01 UTC,12943,45,144,,0,0,0,0,0
2022-04-11 14:57:01 UTC,12944,51,195,,0,0,0,0,0
2022-04-11 15:57:01 UTC,12945,32,227,,0,0,0,0,0
2022-04-11 16:57:01 UTC,12946,43,270,,0,0,0,0,0
2022-04-11 17:57:01 UTC,12947,43,313,,0,0,0,0,0
2022-04-11 18:57:01 UTC,12948,16,329,,0,0,0,0,0
2022-04-11 19:57:01 UTC,12949,3,332,,0,0,0,0,0
2022-04-11 20:57:01 UTC,12950,4,336,,0,0,0,0,0
2022-04-11 21:57:01 UTC,12951,,,336,,,,,
