created_at,entry_id,field1,field2,field3,field4,field5,field6,field7,field8
2022-03-01 00:57:01 UTC,11730,2,3,,486,444,336,553,384
2022-03-01 01:57:01 UTC,11731,0,3,,486,444,336,553,384
2022-03-01 02:57:01 UTC,11732,0,3,,486,444,336,553,384
2022-03-01 03:57:01 UTC,11733,1,4,,486,444,336,553,384
2022-03-01 04:57:01 UTC,11734,1,5,,486,444,336,553,384
2022-03-01 05:57:01 UTC,11735,10,15,,486,444,336,553,384
2022-03-01 06:57:01 UTC,11736,22,37,,486,444,336,553,384
2022-03-01 07:57:01 UTC,11737,52,89,,486,444,336,553,384
2022-03-01 08:57:01 UTC,11738,44,137,,486,444,336,553,384
2022-03-01 09:57:01 UTC,11739,31,168,,486,444,336,553,384
2022-03-01 10:57:01 UTC,11740,37,205,,486,444,336,553,384
2022-03-01 11:57:01 UTC,11741,23,228,,486,444,336,553,384
2022-03-01 12:57:01 UTC,11742,36,264,,486,444,336,553,384
2022-03-01 13:57:01 UTC,11743,30,294,,486,444,336,553,384
2022-03-01 14:57:01 UTC,11744,32,326,,486,444,336,553,384
2022-03-01 15:57:01 UTC,11745,25,351,,486,444,336,553,384
2022-03-01 16:57:01 UTC,11746,23,374,,486,444,336,553,384
2022-03-01 17:57:01 UTC,11747,37,411,,486,444,336,553,384
2022-03-01 18:57:01 UTC,11748,17,428,,486,444,336,553,384
2022-03-01 19:57:01 UTC,11749,11,439,,486,444,336,553,384
2022-03-01 20:57:01 UTC,11750,9,448,,486,444,336,553,384
2022-03-01 21:57:01 UTC,11751,1,449,,486,444,336,553,384
2022-03-01 22:57:01 UTC,11752,,,449,,,,,
2022-03-01 23:57:01 UTC,11777,4,4,,5,0,0,0,0
2022-03-02 00:57:01 UTC,11778,0,4,,5,0,0,0,0
2022-03-02 01:57:01 UTC,11779,1,5,,5,0,0,0,0
2022-03-02 02:57:01 UTC,11780,0,5,,5,0,0,0,0
2022-03-02 03:57:01 UTC,11781,1,6,,5,0,0,0,0
2022-03-02 04:57:01 UTC,11782,1,7,,5,0,0,0,0
2022-03-02 05:57:01 UTC,11783,2,9,,5,0,0,0,0
2022-03-02 06:57:01 UTC,11784,25,34,,5,0,0,0,0
2022-03-02 07:57:01 UTC,11785,58,92,,5,0,0,0,0
2022-03-02 08:57:01 UTC,11786,41,136,,5,0,0,0,0
2022-03-02 09:57:01 UTC,11787,40,176,,5,0,0,0,0
2022-03-02 10:57:01 UTC,11788,36,212,,5,0,0,0,0
2022-03-02 11:57:01 UTC,11789,28,240,,5,0,0,0,0
2022-03-02 12:57:01 UTC,11790,41,281,,5,0,0,0,0
2022-03-02 13:57:01 UTC,11791,42,323,,5,0,0,0,0
2022-03-02 14:57:01 UTC,11792,42,365,,5,0,0,0,0
2022-03-02 15:57:01 UTC,11793,34,399,,5,0,0,0,0
2022-03-02 16:57:01 UTC,11794,26,425,,5,0,0,0,0
2022-03-02 17:57:01 UTC,11795,24,449,,5,0,0,0,0
2022-03-02 18:57:01 UTC,11796,32,481,,5,0,0,0,0
2022-03-02 19:57:01 UTC,11797,18,499,,5,0,0,0,0
2022-03-02 20:57:01 UTC,11798,6,505,,5,0,0,0,0
2022-03-02 21:57:01 UTC,11799,11,516,,5,0,0,0,0
2022-03-02 22:57:01 UTC,11800,,,516,,,,,
2022-03-02 23:57:01 UTC,11801,2,2,,518,5,0,0,0
2022-03-03 00:57:01 UTC,11802,1,3,,518,5,0,0,0
2022-03-03 01:57:01 UTC,11803,1,4,,518,5,0,0,0
2022-03-03 02:57:01 UTC,11804,0,4,,518,5,0,0,0
2022-03-03 03:57:01 UTC,11805,1,5,,518,5,0,0,0
2022-03-03 04:57:01 UTC,11830,0,0,,0,56,0,0,0
2022-03-03 05:57:01 UTC,11831,0,0,,0,56,0,0,0
2022-03-03 06:57:01 UTC,11832,0,0,,0,56,0,0,0
2022-03-03 07:57:01 UTC,11833,3,3,,0,56,0,0,0
2022-03-03 08:57:01 UTC,11834,29,32,,0,56,0,0,0
2022-03-03 09:57:01 UTC,11835,24,56,,0,56,0,0,0
2022-03-03 10:57:01 UTC,11836,29,85,,0,56,0,0,0
2022-03-03 11:57:01 UTC,11837,28,113,,0,56,0,0,0
2022-03-03 12:57:01 UTC,11838,39,152,,0,56,0,0,0
2022-03-03 13:57:01 UTC,11839,30,182,,0,56,0,0,0
2022-03-03 14:57:01 UTC,11840,43,225,,0,56,0,0,0
2022-03-03 15:57:01 UTC,11841,30,255,,0,56,0,0,0
2022-03-03 16:57:01 UTC,11842,23,278,,0,56,0,0,0
2022-03-03 17:57:01 UTC,11843,29,307,,0,56,0,0,0
2022-03-03 18:57:01 UTC,11844,21,328,,0,56,0,0,0
2022-03-03 19:57:01 UTC,11845,13,341,,0,56,0,0,0
2022-03-03 20:57:01 UTC,11846,8,349,,0,56,0,0,0
2022-03-03 21:57:01 UTC,11847,5,354,,0,56,0,0,0
2022-03-03 22:57:01 UTC,11848,,,354,,,,,
2022-03-03 23:57:01 UTC,11849,2,2,,358,0,56,0,0
2022-03-04 00:57:01 UTC,11850,0,2,,358,0,56,0,0
2022-03-04 01:57:01 UTC,11851,2,4,,358,0,56,0,0
2022-03-04 02:57:01 UTC,11852,1,5,,358,0,56,0,0
2022-03-04 03:57:01 UTC,11853,1,6,,358,0,56,0,0
2022-03-04 04:57:01 UTC,11854,2,9,,358,0,56,0,0
2022-03-04 05:57:01 UTC,11855,5,14,,358,0,56,0,0
2022-03-04 06:57:01 UTC,11856,27,41,,358,0,56,0,0
2022-03-04 07:57:01 UTC,11857,67,108,,358,0,56,0,0
2022-03-04 08:57:01 UTC,11858,41,153,,358,0,56,0,0
2022-03-04 09:57:01 UTC,11859,41,194,,358,0,56,0,0
2022-03-04 10:57:01 UTC,11860,40,234,,358,0,56,0,0
2022-03-04 11:57:01 UTC,11861,32,266,,358,0,56,0,0
2022-03-04 12:57:01 UTC,11862,47,313,,358,0,56,0,0
2022-03-04 13:57:01 UTC,11863,25,338,,358,0,56,0,0
2022-03-04 14:57:01 UTC,11864,27,365,,358,0,56,0,0
2022-03-04 15:57:01 UTC,11865,19,384,,358,0,56,0,0
2022-03-04 16:57:01 UTC,11866,14,398,,358,0,56,0,0
2022-03-04 17:57:01 UTC,11867,18,416,,358,0,56,0,0
2022-03-04 18:57:01 UTC,11868,14,430,,358,0,56,0,0
2022-03-04 19:57:01 UTC,11869,5,435,,358,0,56,0,0
2022-03-04 20:57:01 UTC,11870,5,440,,358,0,56,0,0
2022-03-04 21:57:01 UTC,11871,6,446,,358,0,56,0,0
2022-03-04 22:57:01 UTC,11872,,,446,,,,,
2022-03-04 23:57:01 UTC,11873,3,3,,450,358,0,56,0
2022-03-05 00:57:01 UTC,11874,1,4,,450,358,0,56,0
2022-03-05 01:57:01 UTC,11875,0,4,,450,358,0,56,0
2022-03-05 02:57:01 UTC,11876,0,4,,450,358,0,56,0
2022-03-05 03:57:01 UTC,11877,3,7,,450,358,0,56,0
2022-03-05 04:57:01 UTC,11878,1,8,,450,358,0,56,0
2022-03-05 05:57:01 UTC,11879,5,13,,450,358,0,56,0
2022-03-05 06:57:01 UTC,11880,4,17,,450,358,0,56,0
2022-03-05 07:57:01 UTC,11881,22,39,,450,358,0,56,0
2022-03-05 08:57:01 UTC,11882,27,66,,450,358,0,56,0
2022-03-05 09:57:01 UTC,11883,35,101,,450,358,0,56,0
2022-03-05 10:57:01 UTC,11884,42,143,,450,358,0,56,0
2022-03-05 11:57:01 UTC,11885,56,199,,450,358,0,56,0
2022-03-05 12:57:01 UTC,11886,49,248,,450,358,0,56,0
2022-03-05 13:57:01 UTC,11887,46,294,,450,358,0,56,0
2022-03-05 14:57:01 UTC,11888,55,349,,450,358,0,56,0
2022-03-05 15:57:01 UTC,11889,43,392,,450,358,0,56,0
2022-03-05 16:57:01 UTC,11890,11,403,,450,358,0,56,0
2022-03-05 17:57:01 UTC,11891,13,416,,450,358,0,56,0
2022-03-05 18:57:01 UTC,11892,13,429,,450,358,0,56,0
2022-03-05 19:57:01 UTC,11893,6,435,,450,358,0,56,0
2022-03-05 20:57:01 UTC,11894,10,446,,450,358,0,56,0
2022-03-05 21:57:01 UTC,11895,0,446,,450,358,0,56,0
2022-03-05 22:57:01 UTC,11896,,,446,,,,,
