created_at,entry_id,field1,field2,field3,field4,field5,field6,field7,field8
2022-01-01 00:57:01 UTC,10161,6,10,,479,15,0,0,0
2022-01-01 01:57:01 UTC,10162,3,13,,479,15,0,0,0
2022-01-01 02:57:01 UTC,10163,10,23,,479,15,0,0,0
2022-01-01 03:57:01 UTC,10164,4,27,,479,15,0,0,0
2022-01-01 04:57:01 UTC,10165,2,29,,479,15,0,0,0
2022-01-01 05:57:01 UTC,10166,6,35,,479,15,0,0,0
2022-01-01 06:57:01 UTC,10167,5,40,,479,15,0,0,0
2022-01-01 07:57:01 UTC,10168,6,46,,479,15,0,0,0
2022-01-01 08:57:01 UTC,10169,14,60,,479,15,0,0,0
2022-01-01 09:57:01 UTC,10170,31,91,,479,15,0,0,0
2022-01-01 10:57:01 UTC,10171,60,151,,479,15,0,0,0
2022-01-01 11:57:01 UTC,10172,63,214,,479,15,0,0,0
2022-01-01 12:57:01 UTC,10173,53,267,,479,15,0,0,0
2022-01-01 13:57:01 UTC,10174,37,304,,479,15,0,0,0
2022-01-01 14:57:01 UTC,10175,40,344,,479,15,0,0,0
2022-01-01 15:57:01 UTC,10176,40,384,,479,15,0,0,0
2022-01-01 16:57:01 UTC,10177,22,406,,479,15,0,0,0
2022-01-01 17:57:01 UTC,10178,14,420,,479,15,0,0,0
2022-01-01 18:57:01 UTC,10179,5,425,,479,15,0,0,0
2022-01-01 19:57:01 UTC,10180,1,426,,479,15,0,0,0
2022-01-01 20:57:01 UTC,10181,4,430,,479,15,0,0,0
2022-01-01 21:57:01 UTC,10182,3,433,,479,15,0,0,0
2022-01-01 22:57:01 UTC,10183,,,433,,,,,
2022-01-01 23:57:01 UTC,10184,2,2,,434,0,0,0,0
2022-01-02 00:57:01 UTC,10185,1,3,,434,0,0,0,0
2022-01-02 01:57:01 UTC,10186,0,3,,434,0,0,0,0
2022-01-02 02:57:01 UTC,10187,0,3,,434,0,0,0,0
2022-01-02 03:57:01 UTC,10188,2,5,,434,0,0,0,0
2022-01-02 04:57:01 UTC,10189,0,5,,434,0,0,0,0
2022-01-02 05:57:01 UTC,10190,1,6,,434,0,0,0,0
2022-01-02 06:57:01 UTC,10191,4,10,,434,0,0,0,0
2022-01-02 07:57:01 UTC,10192,12,22,,434,0,0,0,0
2022-01-02 08:57:01 UTC,10193,37,61,,434,0,0,0,0
2022-01-02 09:57:01 UTC,10194,99,160,,434,0,0,0,0
2022-01-02 10:57:01 UTC,10195,52,212,,434,0,0,0,0
2022-01-02 11:57:01 UTC,10196,51,263,,434,0,0,0,0
2022-01-02 12:57:01 UTC,10197,37,300,,434,0,0,0,0
2022-01-02 13:57:01 UTC,10198,26,326,,434,0,0,0,0
2022-01-02 14:57:01 UTC,10199,34,360,,434,0,0,0,0
2022-01-02 15:57:01 UTC,10200,34,394,,434,0,0,0,0
2022-01-02 16:57:01 UTC,10201,20,414,,434,0,0,0,0
2022-01-02 17:57:01 UTC,10202,20,434,,434,0,0,0,0
2022-01-02 18:57:01 UTC,10203,9,443,,434,0,0,0,0
2022-01-02 19:57:01 UTC,10204,6,449,,434,0,0,0,0
2022-01-02 20:57:01 UTC,10205,10,459,,434,0,0,0,0
2022-01-02 21:57:01 UTC,10206,2,461,,434,0,0,0,0
2022-01-02 22:57:01 UTC,10207,,,461,,,,,
2022-01-02 23:57:01 UTC,10208,5,5,,462,434,0,0,0
2022-01-03 00:57:01 UTC,10209,1,6,,462,434,0,0,0
2022-01-03 01:57:01 UTC,10210,1,7,,462,434,0,0,0
2022-01-03 02:57:01 UTC,10211,1,8,,462,434,0,0,0
2022-01-03 03:57:01 UTC,10212,2,10,,462,434,0,0,0
2022-01-03 04:57:01 UTC,10213,1,11,,462,434,0,0,0
2022-01-03 05:57:01 UTC,10214,3,14,,462,434,0,0,0
2022-01-03 06:57:01 UTC,10215,11,25,,462,434,0,0,0
2022-01-03 07:57:01 UTC,10216,30,55,,462,434,0,0,0
2022-01-03 08:57:01 UTC,10217,25,82,,462,434,0,0,0
2022-01-03 09:57:01 UTC,10218,22,104,,462,434,0,0,0
2022-01-03 10:57:01 UTC,10219,27,131,,462,434,0,0,0
2022-01-03 11:57:01 UTC,10220,22,153,,462,434,0,0,0
2022-01-03 12:57:01 UTC,10221,23,176,,462,434,0,0,0
2022-01-03 13:57:01 UTC,10222,16,192,,462,434,0,0,0
2022-01-03 14:57:01 UTC,10223,28,220,,462,434,0,0,0
2022-01-03 15:57:01 UTC,10224,20,240,,462,434,0,0,0
2022-01-03 16:57:01 UTC,10225,26,266,,462,434,0,0,0
2022-01-03 17:57:01 UTC,10226,27,293,,462,434,0,0,0
2022-01-03 18:57:01 UTC,10227,16,309,,462,434,0,0,0
2022-01-03 19:57:01 UTC,10228,14,323,,462,434,0,0,0
2022-01-03 20:57:01 UTC,10229,6,329,,462,434,0,0,0
2022-01-03 21:57:01 UTC,10230,6,335,,462,434,0,0,0
2022-01-03 22:57:01 UTC,10231,,,335,,,,,
2022-01-03 23:57:01 UTC,10232,3,3,,340,462,434,0,0
2022-01-04 00:57:01 UTC,10233,2,5,,340,462,434,0,0
2022-01-04 01:57:01 UTC,10234,0,5,,340,462,434,0,0
2022-01-04 02:57:01 UTC,10235,2,7,,340,462,434,0,0
2022-01-04 03:57:01 UTC,10236,2,9,,340,462,434,0,0
2022-01-04 04:57:01 UTC,10237,3,12,,340,462,434,0,0
2022-01-04 05:57:01 UTC,10238,2,14,,340,462,434,0,0
2022-01-04 06:57:01 UTC,10239,21,35,,340,462,434,0,0
2022-01-04 07:57:01 UTC,10240,32,67,,340,462,434,0,0
2022-01-04 08:57:01 UTC,10241,37,104,,340,462,434,0,0
2022-01-04 09:57:01 UTC,10242,36,140,,340,462,434,0,0
2022-01-04 10:57:01 UTC,10243,27,167,,340,462,434,0,0
2022-01-04 11:57:01 UTC,10244,21,188,,340,462,434,0,0
2022-01-04 12:57:01 UTC,10245,28,216,,340,462,434,0,0
2022-01-04 13:57:01 UTC,10246,24,240,,340,462,434,0,0
2022-01-04 14:57:01 UTC,10247,26,266,,340,462,434,0,0
2022-01-04 15:57:01 UTC,10248,28,294,,340,462,434,0,0
2022-01-04 16:57:01 UTC,10249,33,327,,340,462,434,0,0
2022-01-04 17:57:01 UTC,10250,31,358,,340,462,434,0,0
2022-01-04 18:57:01 UTC,10251,25,383,,340,462,434,0,0
2022-01-04 19:57:01 UTC,10252,13,396,,340,462,434,0,0
2022-01-04 20:57:01 UTC,10253,4,400,,340,462,434,0,0
2022-01-04 21:57:01 UTC,10254,11,411,,340,462,434,0,0
2022-01-04 22:57:01 UTC,10255,,,411,,,,,
2022-01-04 23:57:01 UTC,10256,5,5,,415,340,462,434,0
2022-01-05 00:57:01 UTC,10257,6,11,,415,340,462,434,0
2022-01-05 01:57:01 UTC,10258,2,13,,415,340,462,434,0
2022-01-05 02:57:01 UTC,10259,1,14,,415,340,462,434,0
2022-01-05 03:57:01 UTC,10260,1,15,,415,340,462,434,0
2022-01-05 04:57:01 UTC,10261,4,19,,415,340,462,434,0
2022-01-05 05:57:01 UTC,10262,7,26,,415,340,462,434,0
2022-01-05 06:57:01 UTC,10263,12,38,,415,340,462,434,0
2022-01-05 07:57:01 UTC,10264,35,73,,415,340,462,434,0
2022-01-05 08:57:01 UTC,10265,34,107,,415,340,462,434,0
2022-01-05 09:57:01 UTC,10266,22,129,,415,340,462,434,0
2022-01-05 10:57:01 UTC,10267,28,157,,415,340,462,434,0
2022-01-05 11:57:01 UTC,10268,20,177,,415,340,462,434,0
2022-01-05 12:57:01 UTC,10269,18,195,,415,340,462,434,0
2022-01-05 13:57:01 UTC,10270,16,211,,415,340,462,434,0
2022-01-05 14:57:01 UTC,10271,19,230,,415,340,462,434,0
2022-01-05 15:57:01 UTC,10272,23,253,,415,340,462,434,0
2022-01-05 16:57:01 UTC,10273,12,265,,415,340,462,434,0
2022-01-05 17:57:01 UTC,10274,17,282,,415,340,462,434,0
2022-01-05 18:57:01 UTC,10275,8,290,,415,340,462,434,0
2022-01-05 19:57:01 UTC,10276,9,299,,415,340,462,434,0
2022-01-05 20:57:01 UTC,10277,5,304,,415,340,462,434,0
2022-01-05 21:57:01 UTC,10278,5,309,,415,340,462,434,0
2022-01-05 22:57:01 UTC,10279,,,309,,,,,
2022-01-05 23:57:01 UTC,10280,3,3,,315,415,340,462,434
2022-01-06 00:57:01 UTC,10281,1,4,,315,415,340,462,434
2022-01-06 01:57:01 UTC,10282,1,5,,315,415,340,462,434
2022-01-06 02:57:01 UTC,10283,1,6,,315,415,340,462,434
2022-01-06 03:57:01 UTC,10284,4,10,,315,415,340,462,434
2022-01-06 04:57:01 UTC,10285,1,11,,315,415,340,462,434
2022-01-06 05:57:01 UTC,10286,2,13,,315,415,340,462,434
2022-01-06 06:57:01 UTC,10287,2,15,,315,415,340,462,434
2022-01-06 07:57:01 UTC,10288,11,26,,315,415,340,462,434
2022-01-06 08:57:01 UTC,10289,42,69,,315,415,340,462,434
2022-01-06 09:57:01 UTC,10290,26,95,,315,415,340,462,434
2022-01-06 10:57:01 UTC,10291,31,126,,315,415,340,462,434
2022-01-06 11:57:01 UTC,10292,27,153,,315,415,340,462,434
2022-01-06 12:57:01 UTC,10293,24,177,,315,415,340,462,434
2022-01-06 13:57:01 UTC,10294,14,191,,315,415,340,462,434
2022-01-06 14:57:01 UTC,10295,24,215,,315,415,340,462,434
2022-01-06 15:57:01 UTC,10296,23,238,,315,415,340,462,434
2022-01-06 16:57:01 UTC,10297,21,259,,315,415,340,462,434
2022-01-06 17:57:01 UTC,10298,12,271,,315,415,340,462,434
2022-01-06 18:57:01 UTC,10299,10,281,,315,415,340,462,434
2022-01-06 19:57:01 UTC,10300,9,290,,315,415,340,462,434
2022-01-06 20:57:01 UTC,10301,4,295,,315,415,340,462,434
2022-01-06 21:57:01 UTC,10302,5,300,,315,415,340,462,434
2022-01-06 22:57:01 UTC,10303,,,300,,,,,
2022-01-06 23:57:01 UTC,10304,5,5,,304,315,415,340,462
2022-01-07 00:57:01 UTC,10305,4,9,,304,315,415,340,462
2022-01-07 01:57:01 UTC,10306,1,10,,304,315,415,340,462
2022-01-07 02:57:01 UTC,10307,3,13,,304,315,415,340,462
2022-01-07 03:57:01 UTC,10308,1,14,,304,315,415,340,462
2022-01-07 04:57:01 UTC,10309,1,15,,304,315,415,340,462
2022-01-07 05:57:01 UTC,10310,3,18,,304,315,415,340,462
2022-01-07 06:57:01 UTC,10311,12,30,,304,315,415,340,462
2022-01-07 07:57:01 UTC,10312,19,49,,304,315,415,340,462
2022-01-07 08:57:01 UTC,10313,33,85,,304,315,415,340,462
2022-01-07 09:57:01 UTC,10314,39,124,,304,315,415,340,462
2022-01-07 10:57:01 UTC,10315,45,169,,304,315,415,340,462
2022-01-07 11:57:01 UTC,10316,32,201,,304,315,415,340,462
2022-01-07 12:57:01 UTC,10317,50,251,,304,315,415,340,462
2022-01-07 13:57:01 UTC,10318,28,279,,304,315,415,340,462
2022-01-07 14:57:01 UTC,10319,55,334,,304,315,415,340,462
2022-01-07 15:57:01 UTC,10320,30,364,,304,315,415,340,462
2022-01-07 16:57:01 UTC,10321,37,401,,304,315,415,340,462
2022-01-07 17:57:01 UTC,10322,22,423,,304,315,415,340,462
2022-01-07 18:57:01 UTC,10323,21,444,,304,315,415,340,462
2022-01-07 19:57:01 UTC,10324,12,456,,304,315,415,340,462
2022-01-07 20:57:01 UTC,10325,4,460,,304,315,415,340,462
2022-01-07 21:57:01 UTC,10326,4,464,,304,315,415,340,462
2022-01-07 22:57:01 UTC,10327,,,464,,,,,
2022-01-07 23:57:01 UTC,10328,5,5,,471,304,315,415,340
2022-01-08 00:57:01 UTC,10329,1,6,,471,304,315,415,340
2022-01-08 01:57:01 UTC,10330,0,6,,471,304,315,415,340
2022-01-08 02:57:01 UTC,10331,0,6,,471,304,315,415,340
2022-01-08 03:57:01 UTC,10332,1,7,,471,304,315,415,340
2022-01-08 04:57:01 UTC,10333,0,7,,471,304,315,415,340
2022-01-08 05:57:01 UTC,10334,2,9,,471,304,315,415,340
2022-01-08 06:57:01 UTC,10335,9,18,,471,304,315,415,340
2022-01-08 07:57:01 UTC,10336,15,33,,471,304,315,415,340
2022-01-08 08:57:01 UTC,10337,33,68,,471,304,315,415,340
2022-01-08 09:57:01 UTC,10338,45,113,,471,304,315,415,340
2022-01-08 10:57:01 UTC,10339,44,157,,471,304,315,415,340
2022-01-08 11:57:01 UTC,10340,60,217,,471,304,315,415,340
2022-01-08 12:57:01 UTC,10341,44,265,,471,304,315,415,340
2022-01-08 13:57:01 UTC,10342,31,296,,471,304,315,415,340
2022-01-08 14:57:01 UTC,10343,43,339,,471,304,315,415,340
2022-01-08 15:57:01 UTC,10344,33,372,,471,304,315,415,340
2022-01-08 16:57:01 UTC,10345,23,395,,471,304,315,415,340
2022-01-08 17:57:01 UTC,10346,8,403,,471,304,315,415,340
2022-01-08 18:57:01 UTC,10347,18,421,,471,304,315,415,340
2022-01-08 19:57:01 UTC,10348,6,427,,471,304,315,415,340
2022-01-08 20:57:01 UTC,10349,7,434,,471,304,315,415,340
2022-01-08 21:57:01 UTC,10350,3,437,,471,304,315,415,340
2022-01-08 22:57:01 UTC,10351,,,437,,,,,
2022-01-08 23:57:01 UTC,10352,2,2,,439,471,304,315,415
2022-01-09 00:57:01 UTC,10353,0,2,,439,471,304,315,415
2022-01-09 01:57:01 UTC,10354,1,3,,439,471,304,315,415
2022-01-09 02:57:01 UTC,10355,1,4,,439,471,304,315,415
2022-01-09 03:57:01 UTC,10356,2,6,,439,471,304,315,415
2022-01-09 04:57:01 UTC,10357,0,6,,439,471,304,315,415
2022-01-09 05:57:01 UTC,10358,0,6,,439,471,304,315,415
2022-01-09 06:57:01 UTC,10359,5,11,,439,471,304,315,415
2022-01-09 07:57:01 UTC,10360,17,28,,439,471,304,315,415
2022-01-09 08:57:01 UTC,10361,20,50,,439,471,304,315,415
2022-01-09 09:57:01 UTC,10362,20,70,,439,471,304,315,415
2022-01-09 10:57:01 UTC,10363,37,107,,439,471,304,315,415
2022-01-09 11:57:01 UTC,10364,8,115,,439,471,304,315,415
2022-01-09 12:57:01 UTC,10365,3,119,,439,471,304,315,415
2022-01-09 13:57:01 UTC,10366,3,122,,439,471,304,315,415
2022-01-09 14:57:01 UTC,10367,7,129,,439,471,304,315,415
2022-01-09 15:57:01 UTC,10368,4,133,,439,471,304,315,415
2022-01-09 16:57:01 UTC,10369,6,139,,439,471,304,315,415
2022-01-09 17:57:01 UTC,10370,6,145,,439,471,304,315,415
2022-01-09 18:57:01 UTC,10371,1,146,,439,471,304,315,415
2022-01-09 19:57:01 UTC,10372,0,146,,439,471,304,315,415
2022-01-09 20:57:01 UTC,10373,5,151,,439,471,304,315,415
2022-01-09 21:57:01 UTC,10374,0,151,,439,471,304,315,415
2022-01-09 22:57:01 UTC,10375,,,151,,,,,
2022-01-09 23:57:01 UTC,10376,1,1,,154,439,471,304,315
2022-01-10 00:57:01 UTC,10377,0,1,,154,439,471,304,315
2022-01-10 01:57:01 UTC,10378,0,1,,154,439,471,304,315
2022-01-10 02:57:01 UTC,10379,1,2,,154,439,471,304,315
2022-01-10 03:57:01 UTC,10380,1,3,,154,439,471,304,315
2022-01-10 04:57:01 UTC,10381,1,4,,154,439,471,304,315
2022-01-10 05:57:01 UTC,10382,9,13,,154,439,471,304,315
2022-01-10 06:57:01 UTC,10383,26,39,,154,439,471,304,315
2022-01-10 07:57:01 UTC,10384,51,90,,154,439,471,304,315
2022-01-10 08:57:01 UTC,10385,40,135,,154,439,471,304,315
2022-01-10 09:57:01 UTC,10386,19,154,,154,439,471,304,315
2022-01-10 10:57:01 UTC,10387,18,172,,154,439,471,304,315
2022-01-10 11:57:01 UTC,10388,19,191,,154,439,471,304,315
2022-01-10 12:57:01 UTC,10389,29,220,,154,439,471,304,315
2022-01-10 13:57:01 UTC,10390,15,235,,154,439,471,304,315
2022-01-10 14:57:01 UTC,10391,31,266,,154,439,471,304,315
2022-01-10 15:57:01 UTC,10392,27,293,,154,439,471,304,315
2022-01-10 16:57:01 UTC,10393,41,335,,154,439,471,304,315
2022-01-10 17:57:01 UTC,10394,31,366,,154,439,471,304,315
2022-01-10 18:57:01 UTC,10395,32,398,,154,439,471,304,315
2022-01-10 19:57:01 UTC,10396,15,413,,154,439,471,304,315
2022-01-10 20:57:01 UTC,10397,5,418,,154,439,471,304,315
2022-01-10 21:57:01 UTC,10398,6,424,,154,439,471,304,315
2022-01-10 22:57:01 UTC,10399,,,424,,,,,
