created_at,entry_id,field1,field2,field3,field4,field5,field6,field7,field8
2022-10-01 00:57:01 UTC,17353,2,16,,353,418,514,588,253
2022-10-01 01:57:01 UTC,17354,1,17,,353,418,514,588,253
2022-10-01 02:57:01 UTC,17355,3,20,,353,418,514,588,253
2022-10-01 03:57:01 UTC,17356,2,22,,353,418,514,588,253
2022-10-01 04:57:01 UTC,17357,2,24,,353,418,514,588,253
2022-10-01 05:57:01 UTC,17358,15,39,,353,418,514,588,253
2022-10-01 06:57:01 UTC,17359,17,56,,353,418,514,588,253
2022-10-01 07:57:01 UTC,17360,24,80,,353,418,514,588,253
2022-10-01 08:57:01 UTC,17361,39,119,,353,418,514,588,253
2022-10-01 09:57:01 UTC,17362,59,178,,353,418,514,588,253
2022-10-01 10:57:01 UTC,17363,38,216,,353,418,514,588,253
2022-10-01 11:57:01 UTC,17364,45,261,,353,418,514,588,253
2022-10-01 12:57:01 UTC,17365,39,300,,353,418,514,588,253
2022-10-01 13:57:01 UTC,17366,36,336,,353,418,514,588,253
2022-10-01 14:57:01 UTC,17367,30,366,,353,418,514,588,253
2022-10-01 15:57:01 UTC,17368,23,389,,353,418,514,588,253
2022-10-01 16:57:01 UTC,17369,17,406,,353,418,514,588,253
2022-10-01 17:57:01 UTC,17370,13,419,,353,418,514,588,253
2022-10-01 18:57:01 UTC,17371,10,429,,353,418,514,588,253
2022-10-01 19:57:01 UTC,17372,6,435,,353,418,514,588,253
2022-10-01 20:57:01 UTC,17373,7,442,,353,418,514,588,253
2022-10-01 21:57:01 UTC,17374,,,442,,,,,
2022-10-01 22:57:01 UTC,17375,8,8,,451,0,0,0,0
2022-10-01 23:57:01 UTC,17376,6,14,,451,0,0,0,0
2022-10-02 00:57:01 UTC,17377,1,15,,451,0,0,0,0
2022-10-02 01:57:01 UTC,17378,6,21,,451,0,0,0,0
2022-10-02 02:57:01 UTC,17379,6,27,,451,0,0,0,0
2022-10-02 03:57:01 UTC,17380,4,31,,451,0,0,0,0
2022-10-02 04:57:01 UTC,17381,0,31,,451,0,0,0,0
2022-10-02 05:57:01 UTC,17382,7,38,,451,0,0,0,0
2022-10-02 06:57:01 UTC,17383,21,59,,451,0,0,0,0
2022-10-02 07:57:01 UTC,17384,58,117,,451,0,0,0,0
2022-10-02 08:57:01 UTC,17385,66,183,,451,0,0,0,0
2022-10-02 09:57:01 UTC,17386,89,272,,451,0,0,0,0
2022-10-02 10:57:01 UTC,17387,85,357,,451,0,0,0,0
2022-10-02 11:57:01 UTC,17388,59,416,,451,0,0,0,0
2022-10-02 12:57:01 UTC,17389,49,465,,451,0,0,0,0
2022-10-02 13:57:01 UTC,17390,39,504,,451,0,0,0,0
2022-10-02 14:57:01 UTC,17391,47,551,,451,0,0,0,0
2022-10-02 15:57:01 UTC,17416,0,0,,0,0,0,0,0
2022-10-02 16:57:01 UTC,17417,0,0,,0,0,0,0,0
2022-10-02 17:57:01 UTC,17418,0,0,,0,0,0,0,0
2022-10-02 18:57:01 UTC,17419,0,0,,0,0,0,0,0
2022-10-02 19:57:01 UTC,17420,7,7,,0,0,0,0,0
2022-10-02 20:57:01 UTC,17421,9,17,,0,0,0,0,0
2022-10-02 21:57:01 UTC,17422,,,17,,,,,
2022-10-02 22:57:01 UTC,17423,15,15,,23,0,0,0,0
2022-10-02 23:57:01 UTC,17424,2,17,,23,0,0,0,0
2022-10-03 00:57:01 UTC,17425,2,19,,23,0,0,0,0
2022-10-03 01:57:01 UTC,17426,1,20,,23,0,0,0,0
2022-10-03 02:57:01 UTC,17427,1,21,,23,0,0,0,0
2022-10-03 03:57:01 UTC,17428,1,22,,23,0,0,0,0
2022-10-03 04:57:01 UTC,17429,7,29,,23,0,0,0,0
2022-10-03 05:57:01 UTC,17430,28,57,,23,0,0,0,0
2022-10-03 06:57:01 UTC,17431,63,120,,23,0,0,0,0
2022-10-03 07:57:01 UTC,17432,51,172,,23,0,0,0,0
2022-10-03 08:57:01 UTC,17433,44,216,,23,0,0,0,0
2022-10-03 09:57:01 UTC,17434,40,256,,23,0,0,0,0
2022-10-03 10:57:01 UTC,17435,30,286,,23,0,0,0,0
2022-10-03 11:57:01 UTC,17436,45,331,,23,0,0,0,0
2022-10-03 12:57:01 UTC,17437,46,377,,23,0,0,0,0
2022-10-03 13:57:01 UTC,17438,42,419,,23,0,0,0,0
2022-10-03 14:57:01 UTC,17439,56,475,,23,0,0,0,0
2022-10-03 15:57:01 UTC,17440,53,528,,23,0,0,0,0
2022-10-03 16:57:01 UTC,17441,86,614,,23,0,0,0,0
2022-10-03 17:57:01 UTC,17442,48,662,,23,0,0,0,0
2022-10-03 18:57:01 UTC,17443,30,692,,23,0,0,0,0
2022-10-03 19:57:01 UTC,17444,8,700,,23,0,0,0,0
2022-10-03 20:57:01 UTC,17445,9,709,,23,0,0,0,0
2022-10-03 21:57:01 UTC,17446,,,709,,,,,
2022-10-03 22:57:01 UTC,17447,7,7,,718,23,0,0,0
2022-10-03 23:57:01 UTC,17448,5,12,,718,23,0,0,0
2022-10-04 00:57:01 UTC,17449,1,13,,718,23,0,0,0
2022-10-04 01:57:01 UTC,17450,0,13,,718,23,0,0,0
2022-10-04 02:57:01 UTC,17451,1,14,,718,23,0,0,0
2022-10-04 03:57:01 UTC,17452,2,16,,718,23,0,0,0
2022-10-04 04:57:01 UTC,17453,12,28,,718,23,0,0,0
2022-10-04 05:57:01 UTC,17454,25,53,,718,23,0,0,0
2022-10-04 06:57:01 UTC,17455,54,107,,718,23,0,0,0
2022-10-04 07:57:01 UTC,17456,52,163,,718,23,0,0,0
2022-10-04 08:57:01 UTC,17457,40,203,,718,23,0,0,0
2022-10-04 09:57:01 UTC,17458,45,248,,718,23,0,0,0
2022-10-04 10:57:01 UTC,17459,36,284,,718,23,0,0,0
2022-10-04 11:57:01 UTC,17460,42,326,,718,23,0,0,0
2022-10-04 12:57:01 UTC,17461,49,375,,718,23,0,0,0
2022-10-04 13:57:01 UTC,17462,47,422,,718,23,0,0,0
2022-10-04 14:57:01 UTC,17463,50,472,,718,23,0,0,0
2022-10-04 15:57:01 UTC,17464,49,521,,718,23,0,0,0
2022-10-04 16:57:01 UTC,17465,77,598,,718,23,0,0,0
2022-10-04 17:57:01 UTC,17466,51,649,,718,23,0,0,0
2022-10-04 18:57:01 UTC,17467,19,668,,718,23,0,0,0
2022-10-04 19:57:01 UTC,17468,13,681,,718,23,0,0,0
2022-10-04 20:57:01 UTC,17469,6,687,,718,23,0,0,0
2022-10-04 21:57:01 UTC,17470,,,687,,,,,
2022-10-04 22:57:01 UTC,17471,5,5,,693,718,23,0,0
2022-10-04 23:57:01 UTC,17472,3,8,,693,718,23,0,0
2022-10-05 00:57:01 UTC,17473,2,10,,693,718,23,0,0
2022-10-05 01:57:01 UTC,17474,2,12,,693,718,23,0,0
2022-10-05 02:57:01 UTC,17475,1,13,,693,718,23,0,0
2022-10-05 03:57:01 UTC,17476,2,15,,693,718,23,0,0
2022-10-05 04:57:01 UTC,17477,6,21,,693,718,23,0,0
2022-10-05 05:57:01 UTC,17478,22,43,,693,718,23,0,0
2022-10-05 06:57:01 UTC,17479,62,105,,693,718,23,0,0
2022-10-05 07:57:01 UTC,17480,55,165,,693,718,23,0,0
2022-10-05 08:57:01 UTC,17481,46,211,,693,718,23,0,0
2022-10-05 09:57:01 UTC,17482,41,252,,693,718,23,0,0
2022-10-05 10:57:01 UTC,17483,32,284,,693,718,23,0,0
2022-10-05 11:57:01 UTC,17484,45,331,,693,718,23,0,0
2022-10-05 12:57:01 UTC,17485,50,381,,693,718,23,0,0
2022-10-05 13:57:01 UTC,17486,50,431,,693,718,23,0,0
2022-10-05 14:57:01 UTC,17487,70,501,,693,718,23,0,0
2022-10-05 15:57:01 UTC,17488,45,546,,693,718,23,0,0
2022-10-05 16:57:01 UTC,17489,66,612,,693,718,23,0,0
2022-10-05 17:57:01 UTC,17490,39,651,,693,718,23,0,0
2022-10-05 18:57:01 UTC,17491,27,678,,693,718,23,0,0
2022-10-05 19:57:01 UTC,17492,9,687,,693,718,23,0,0
2022-10-05 20:57:01 UTC,17493,8,695,,693,718,23,0,0
2022-10-05 21:57:01 UTC,17494,,,695,,,,,
2022-10-05 22:57:01 UTC,17495,4,4,,703,693,718,23,0
2022-10-05 23:57:01 UTC,17496,1,5,,703,693,718,23,0
2022-10-06 00:57:01 UTC,17497,1,6,,703,693,718,23,0
2022-10-06 01:57:01 UTC,17498,0,6,,703,693,718,23,0
2022-10-06 02:57:01 UTC,17499,0,6,,703,693,718,23,0
2022-10-06 03:57:01 UTC,17500,1,7,,703,693,718,23,0
2022-10-06 04:57:01 UTC,17501,4,11,,703,693,718,23,0
2022-10-06 05:57:01 UTC,17502,24,35,,703,693,718,23,0
2022-10-06 06:57:01 UTC,17503,52,87,,703,693,718,23,0
2022-10-06 07:57:01 UTC,17504,57,148,,703,693,718,23,0
2022-10-06 08:57:01 UTC,17505,47,195,,703,693,718,23,0
2022-10-06 09:57:01 UTC,17506,33,228,,703,693,718,23,0
2022-10-06 10:57:01 UTC,17507,27,255,,703,693,718,23,0
2022-10-06 11:57:01 UTC,17508,64,321,,703,693,718,23,0
2022-10-06 12:57:01 UTC,17509,58,379,,703,693,718,23,0
2022-10-06 13:57:01 UTC,17510,50,429,,703,693,718,23,0
2022-10-06 14:57:01 UTC,17511,54,483,,703,693,718,23,0
2022-10-06 15:57:01 UTC,17512,63,546,,703,693,718,23,0
2022-10-06 16:57:01 UTC,17513,60,606,,703,693,718,23,0
2022-10-06 17:57:01 UTC,17514,51,657,,703,693,718,23,0
2022-10-06 18:57:01 UTC,17515,20,677,,703,693,718,23,0
2022-10-06 19:57:01 UTC,17516,7,684,,703,693,718,23,0
2022-10-06 20:57:01 UTC,17517,11,695,,703,693,718,23,0
2022-10-06 21:57:01 UTC,17518,,,695,,,,,
2022-10-06 22:57:01 UTC,17519,2,2,,704,703,693,718,23
2022-10-06 23:57:01 UTC,17520,0,2,,704,703,693,718,23
2022-10-07 00:57:01 UTC,17521,1,3,,704,703,693,718,23
2022-10-07 01:57:01 UTC,17522,0,3,,704,703,693,718,23
2022-10-07 02:57:01 UTC,17523,0,3,,704,703,693,718,23
2022-10-07 03:57:01 UTC,17524,0,3,,704,703,693,718,23
2022-10-07 04:57:01 UTC,17525,5,8,,704,703,693,718,23
2022-10-07 05:57:01 UTC,17526,24,32,,704,703,693,718,23
2022-10-07 06:57:01 UTC,17527,38,70,,704,703,693,718,23
2022-10-07 07:57:01 UTC,17528,33,108,,704,703,693,718,23
2022-10-07 08:57:01 UTC,17529,30,138,,704,703,693,718,23
2022-10-07 09:57:01 UTC,17530,30,168,,704,703,693,718,23
2022-10-07 10:57:01 UTC,17531,27,195,,704,703,693,718,23
2022-10-07 11:57:01 UTC,17532,39,234,,704,703,693,718,23
2022-10-07 12:57:01 UTC,17533,39,273,,704,703,693,718,23
2022-10-07 13:57:01 UTC,17534,51,324,,704,703,693,718,23
2022-10-07 14:57:01 UTC,17535,56,380,,704,703,693,718,23
2022-10-07 15:57:01 UTC,17536,55,435,,704,703,693,718,23
2022-10-07 16:57:01 UTC,17537,45,480,,704,703,693,718,23
2022-10-07 17:57:01 UTC,17538,24,504,,704,703,693,718,23
2022-10-07 18:57:01 UTC,17539,14,518,,704,703,693,718,23
2022-10-07 19:57:01 UTC,17540,6,525,,704,703,693,718,23
2022-10-07 20:57:01 UTC,17541,8,533,,704,703,693,718,23
2022-10-07 21:57:01 UTC,17542,,,533,,,,,
2022-10-07 22:57:01 UTC,17543,10,10,,541,704,703,693,718
2022-10-07 23:57:01 UTC,17544,5,15,,541,704,703,693,718
2022-10-08 00:57:01 UTC,17545,3,18,,541,704,703,693,718
2022-10-08 01:57:01 UTC,17546,2,20,,541,704,703,693,718
2022-10-08 02:57:01 UTC,17547,2,22,,541,704,703,693,718
2022-10-08 03:57:01 UTC,17548,2,24,,541,704,703,693,718
2022-10-08 04:57:01 UTC,17549,4,28,,541,704,703,693,718
2022-10-08 05:57:01 UTC,17550,8,36,,541,704,703,693,718
2022-10-08 06:57:01 UTC,17551,23,59,,541,704,703,693,718
2022-10-08 07:57:01 UTC,17552,30,92,,541,704,703,693,718
2022-10-08 08:57:01 UTC,17553,59,151,,541,704,703,693,718
2022-10-08 09:57:01 UTC,17554,39,190,,541,704,703,693,718
2022-10-08 10:57:01 UTC,17555,44,234,,541,704,703,693,718
2022-10-08 11:57:01 UTC,17556,37,271,,541,704,703,693,718
2022-10-08 12:57:01 UTC,17557,41,312,,541,704,703,693,718
2022-10-08 13:57:01 UTC,17558,41,353,,541,704,703,693,718
2022-10-08 14:57:01 UTC,17559,40,393,,541,704,703,693,718
2022-10-08 15:57:01 UTC,17560,20,413,,541,704,703,693,718
2022-10-08 16:57:01 UTC,17561,20,433,,541,704,703,693,718
2022-10-08 17:57:01 UTC,17562,16,449,,541,704,703,693,718
2022-10-08 18:57:01 UTC,17563,5,454,,541,704,703,693,718
2022-10-08 19:57:01 UTC,17564,10,464,,541,704,703,693,718
2022-10-08 20:57:01 UTC,17565,3,467,,541,704,703,693,718
2022-10-08 21:57:01 UTC,17566,,,467,,,,,
2022-10-08 22:57:01 UTC,17567,5,5,,473,541,704,703,693
2022-10-08 23:57:01 UTC,17568,4,9,,473,541,704,703,693
2022-10-09 00:57:01 UTC,17569,3,12,,473,541,704,703,693
2022-10-09 01:57:01 UTC,17570,4,16,,473,541,704,703,693
2022-10-09 02:57:01 UTC,17571,2,18,,473,541,704,703,693
2022-10-09 03:57:01 UTC,17572,1,19,,473,541,704,703,693
2022-10-09 04:57:01 UTC,17573,6,25,,473,541,704,703,693
2022-10-09 05:57:01 UTC,17574,7,32,,473,541,704,703,693
2022-10-09 06:57:01 UTC,17575,19,51,,473,541,704,703,693
2022-10-09 07:57:01 UTC,17576,33,87,,473,541,704,703,693
2022-10-09 08:57:01 UTC,17577,76,163,,473,541,704,703,693
2022-10-09 09:57:01 UTC,17578,62,225,,473,541,704,703,693
2022-10-09 10:57:01 UTC,17579,58,283,,473,541,704,703,693
2022-10-09 11:57:01 UTC,17580,49,333,,473,541,704,703,693
2022-10-09 12:57:01 UTC,17581,42,375,,473,541,704,703,693
2022-10-09 13:57:01 UTC,17582,39,414,,473,541,704,703,693
2022-10-09 14:57:01 UTC,17583,53,467,,473,541,704,703,693
2022-10-09 15:57:01 UTC,17584,28,495,,473,541,704,703,693
2022-10-09 16:57:01 UTC,17585,21,516,,473,541,704,703,693
2022-10-09 17:57:01 UTC,17586,9,525,,473,541,704,703,693
2022-10-09 18:57:01 UTC,17587,5,530,,473,541,704,703,693
2022-10-09 19:57:01 UTC,17588,9,539,,473,541,704,703,693
2022-10-09 20:57:01 UTC,17589,8,547,,473,541,704,703,693
2022-10-09 21:57:01 UTC,17590,,,547,,,,,
2022-10-09 22:57:01 UTC,17591,2,2,,549,473,541,704,703
2022-10-09 23:57:01 UTC,17592,3,5,,549,473,541,704,703
2022-10-10 00:57:01 UTC,17593,0,5,,549,473,541,704,703
2022-10-10 01:57:01 UTC,17594,0,5,,549,473,541,704,703
2022-10-10 02:57:01 UTC,17595,1,6,,549,473,541,704,703
2022-10-10 03:57:01 UTC,17596,1,7,,549,473,541,704,703
2022-10-10 04:57:01 UTC,17597,12,19,,549,473,541,704,703
2022-10-10 05:57:01 UTC,17598,22,41,,549,473,541,704,703
2022-10-10 06:57:01 UTC,17599,48,89,,549,473,541,704,703
2022-10-10 07:57:01 UTC,17600,28,122,,549,473,541,704,703
2022-10-10 08:57:01 UTC,17601,41,163,,549,473,541,704,703
2022-10-10 09:57:01 UTC,17602,29,192,,549,473,541,704,703
2022-10-10 10:57:01 UTC,17603,26,218,,549,473,541,704,703
2022-10-10 11:57:01 UTC,17604,54,273,,549,473,541,704,703
2022-10-10 12:57:01 UTC,17605,42,315,,549,473,541,704,703
2022-10-10 13:57:01 UTC,17606,40,355,,549,473,541,704,703
2022-10-10 14:57:01 UTC,17607,42,397,,549,473,541,704,703
2022-10-10 15:57:01 UTC,17608,28,425,,549,473,541,704,703
2022-10-10 16:57:01 UTC,17609,45,470,,549,473,541,704,703
2022-10-10 17:57:01 UTC,17610,26,496,,549,473,541,704,703
2022-10-10 18:57:01 UTC,17611,9,505,,549,473,541,704,703
2022-10-10 19:57:01 UTC,17612,3,508,,549,473,541,704,703
2022-10-10 20:57:01 UTC,17613,2,510,,549,473,541,704,703
2022-10-10 21:57:01 UTC,17614,,,510,,,,,
2022-10-10 22:57:01 UTC,17615,3,3,,519,549,473,541,704
2022-10-10 23:57:01 UTC,17616,3,6,,519,549,473,541,704
2022-10-11 00:57:01 UTC,17617,0,6,,519,549,473,541,704
2022-10-11 01:57:01 UTC,17618,0,6,,519,549,473,541,704
2022-10-11 02:57:01 UTC,17619,2,8,,519,549,473,541,704
2022-10-11 03:57:01 UTC,17620,2,10,,519,549,473,541,704
2022-10-11 04:57:01 UTC,17621,8,18,,519,549,473,541,704
2022-10-11 05:57:01 UTC,17622,23,41,,519,549,473,541,704
2022-10-11 06:57:01 UTC,17623,53,94,,519,549,473,541,704
2022-10-11 07:57:01 UTC,17624,47,150,,519,549,473,541,704
2022-10-11 08:57:01 UTC,17625,45,195,,519,549,473,541,704
2022-10-11 09:57:01 UTC,17626,42,237,,519,549,473,541,704
2022-10-11 10:57:01 UTC,17627,35,272,,519,549,473,541,704
2022-10-11 11:57:01 UTC,17628,59,333,,519,549,473,541,704
2022-10-11 12:57:01 UTC,17629,46,379,,519,549,473,541,704
2022-10-11 13:57:01 UTC,17630,60,439,,519,549,473,541,704
2022-10-11 14:57:01 UTC,17631,57,496,,519,549,473,541,704
2022-10-11 15:57:01 UTC,17632,51,547,,519,549,473,541,704
2022-10-11 16:57:01 UTC,17633,67,614,,519,549,473,541,704
2022-10-11 17:57:01 UTC,17634,40,654,,519,549,473,541,704
2022-10-11 18:57:01 UTC,17635,14,668,,519,549,473,541,704
2022-10-11 19:57:01 UTC,17636,6,674,,519,549,473,541,704
2022-10-11 20:57:01 UTC,17637,5,679,,519,549,473,541,704
2022-10-11 21:57:01 UTC,17638,,,679,,,,,
2022-10-11 22:57:01 UTC,17639,5,5,,680,519,549,473,541
2022-10-11 23:57:01 UTC,17640,2,7,,680,519,549,473,541
2022-10-12 00:57:01 UTC,17641,0,7,,680,519,549,473,541
2022-10-12 01:57:01 UTC,17642,0,7,,680,519,549,473,541
2022-10-12 02:57:01 UTC,17643,0,7,,680,519,549,473,541
2022-10-12 03:57:01 UTC,17644,0,7,,680,519,549,473,541
2022-10-12 04:57:01 UTC,17645,5,12,,680,519,549,473,541
2022-10-12 05:57:01 UTC,17646,16,28,,680,519,549,473,541
2022-10-12 06:57:01 UTC,17647,54,82,,680,519,549,473,541
2022-10-12 07:57:01 UTC,17648,58,142,,680,519,549,473,541
2022-10-12 08:57:01 UTC,17649,39,181,,680,519,549,473,541
2022-10-12 09:57:01 UTC,17650,36,217,,680,519,549,473,541
2022-10-12 10:57:01 UTC,17651,41,258,,680,519,549,473,541
2022-10-12 11:57:01 UTC,17652,46,304,,680,519,549,473,541
2022-10-12 12:57:01 UTC,17653,30,334,,680,519,549,473,541
2022-10-12 13:57:01 UTC,17654,47,381,,680,519,549,473,541
2022-10-12 14:57:01 UTC,17655,45,426,,680,519,549,473,541
2022-10-12 15:57:01 UTC,17656,27,453,,680,519,549,473,541
2022-10-12 16:57:01 UTC,17657,23,476,,680,519,549,473,541
2022-10-12 17:57:01 UTC,17658,25,501,,680,519,549,473,541
2022-10-12 18:57:01 UTC,17659,10,511,,680,519,549,473,541
2022-10-12 19:57:01 UTC,17660,8,519,,680,519,549,473,541
2022-10-12 20:57:01 UTC,17661,6,525,,680,519,549,473,541
2022-10-12 21:57:01 UTC,17662,,,525,,,,,
2022-10-12 22:57:01 UTC,17663,2,2,,532,680,519,549,473
2022-10-12 23:57:01 UTC,17664,3,5,,532,680,519,549,473
2022-10-13 00:57:01 UTC,17665,0,5,,532,680,519,549,473
2022-10-13 01:57:01 UTC,17666,0,5,,532,680,519,549,473
2022-10-13 02:57:01 UTC,17667,1,6,,532,680,519,549,473
2022-10-13 03:57:01 UTC,17668,1,7,,532,680,519,549,473
2022-10-13 04:57:01 UTC,17669,5,12,,532,680,519,549,473
2022-10-13 05:57:01 UTC,17670,7,19,,532,680,519,549,473
2022-10-13 06:57:01 UTC,17671,12,31,,532,680,519,549,473
2022-10-13 07:57:01 UTC,17672,9,40,,532,680,519,549,473
2022-10-13 08:57:01 UTC,17673,5,45,,532,680,519,549,473
2022-10-13 09:57:01 UTC,17674,2,47,,532,680,519,549,473
2022-10-13 10:57:01 UTC,17675,8,55,,532,680,519,549,473
2022-10-13 11:57:01 UTC,17676,10,66,,532,680,519,549,473
2022-10-13 12:57:01 UTC,17677,10,76,,532,680,519,549,473
2022-10-13 13:57:01 UTC,17678,13,89,,532,680,519,549,473
2022-10-13 14:57:01 UTC,17679,12,101,,532,680,519,549,473
2022-10-13 15:57:01 UTC,17680,19,120,,532,680,519,549,473
2022-10-13 16:57:01 UTC,17681,25,145,,532,680,519,549,473
2022-10-13 17:57:01 UTC,17682,28,173,,532,680,519,549,473
2022-10-13 18:57:01 UTC,17683,11,184,,532,680,519,549,473
2022-10-13 19:57:01 UTC,17684,4,189,,532,680,519,549,473
2022-10-13 20:57:01 UTC,17685,7,196,,532,680,519,549,473
2022-10-13 21:57:01 UTC,17686,,,196,,,,,
