created_at,entry_id,field1,field2,field3,field4,field5,field6,field7,field8
2021-08-01 00:57:01 UTC,5698,1,4,,696,439,683,545,360
2021-08-01 01:57:01 UTC,5699,0,4,,696,439,683,545,360
2021-08-01 02:57:01 UTC,5700,0,4,,696,439,683,545,360
2021-08-01 03:57:01 UTC,5701,1,5,,696,439,683,545,360
2021-08-01 04:57:01 UTC,5702,1,6,,696,439,683,545,360
2021-08-01 05:57:01 UTC,5703,4,10,,696,439,683,545,360
2021-08-01 06:57:01 UTC,5704,7,17,,696,439,683,545,360
2021-08-01 07:57:01 UTC,5729,10,10,,0,0,0,0,0
2021-08-01 08:57:01 UTC,5730,34,44,,0,0,0,0,0
2021-08-01 09:57:01 UTC,5731,24,68,,0,0,0,0,0
2021-08-01 10:57:01 UTC,5732,14,82,,0,0,0,0,0
2021-08-01 11:57:01 UTC,5733,17,101,,0,0,0,0,0
2021-08-01 12:57:01 UTC,5734,35,136,,0,0,0,0,0
2021-08-01 13:57:01 UTC,5735,46,182,,0,0,0,0,0
2021-08-01 14:57:01 UTC,5736,39,221,,0,0,0,0,0
2021-08-01 15:57:01 UTC,5737,20,241,,0,0,0,0,0
2021-08-01 16:57:01 UTC,5738,16,257,,0,0,0,0,0
2021-08-01 17:57:01 UTC,5739,29,286,,0,0,0,0,0
2021-08-01 18:57:01 UTC,5740,22,308,,0,0,0,0,0
2021-08-01 19:57:01 UTC,5741,10,318,,0,0,0,0,0
2021-08-01 20:57:01 UTC,5742,3,321,,0,0,0,0,0
2021-08-01 21:57:01 UTC,5743,,,321,,,,,
2021-08-01 22:57:01 UTC,5744,4,4,,329,0,0,0,0
2021-08-01 23:57:01 UTC,5745,3,7,,329,0,0,0,0
2021-08-02 00:57:01 UTC,5746,0,7,,329,0,0,0,0
2021-08-02 01:57:01 UTC,5747,1,8,,329,0,0,0,0
2021-08-02 02:57:01 UTC,5748,1,9,,329,0,0,0,0
2021-08-02 03:57:01 UTC,5749,6,15,,329,0,0,0,0
2021-08-02 04:57:01 UTC,5750,7,22,,329,0,0,0,0
2021-08-02 05:57:01 UTC,5751,13,35,,329,0,0,0,0
2021-08-02 06:57:01 UTC,5752,41,76,,329,0,0,0,0
2021-08-02 07:57:01 UTC,5753,20,100,,329,0,0,0,0
2021-08-02 08:57:01 UTC,5754,19,119,,329,0,0,0,0
2021-08-02 09:57:01 UTC,5755,14,133,,329,0,0,0,0
2021-08-02 10:57:01 UTC,5756,12,145,,329,0,0,0,0
2021-08-02 11:57:01 UTC,5757,23,168,,329,0,0,0,0
2021-08-02 12:57:01 UTC,5758,73,241,,329,0,0,0,0
2021-08-02 13:57:01 UTC,5759,75,316,,329,0,0,0,0
2021-08-02 14:57:01 UTC,5760,57,373,,329,0,0,0,0
2021-08-02 15:57:01 UTC,5761,32,407,,329,0,0,0,0
2021-08-02 16:57:01 UTC,5762,55,462,,329,0,0,0,0
2021-08-02 17:57:01 UTC,5763,41,503,,329,0,0,0,0
2021-08-02 18:57:01 UTC,5764,28,531,,329,0,0,0,0
2021-08-02 19:57:01 UTC,5765,13,545,,329,0,0,0,0
2021-08-02 20:57:01 UTC,5766,10,555,,329,0,0,0,0
2021-08-02 21:57:01 UTC,5767,,,555,,,,,
