created_at,entry_id,field1,field2,field3,field4,field5,field6,field7,field8
2021-06-01 00:57:01 UTC,1874,0,3,,0,0,0,0,771
2021-06-01 01:57:01 UTC,1875,0,3,,0,0,0,0,771
2021-06-01 02:57:01 UTC,1876,0,3,,3.9,0,0,0,771
2021-06-01 03:57:01 UTC,1877,3,6,,0,0,0,0,771
2021-06-01 04:57:01 UTC,1878,8,14,,0,0,0,0,771
2021-06-01 05:57:01 UTC,1879,12,26,,0,0,0,0,771
2021-06-01 06:57:01 UTC,1880,33,59,,3.9,0,0,0,771
2021-06-01 07:57:01 UTC,1881,43,104,,0,0,0,0,771
2021-06-01 08:57:01 UTC,1882,51,155,,0,0,0,0,771
2021-06-01 09:57:01 UTC,1883,88,243,,0,0,0,0,771
2021-06-01 10:57:01 UTC,1884,74,317,,0,0,0,0,771
2021-06-01 11:57:01 UTC,1885,85,402,,0,0,0,0,771
2021-06-01 12:57:01 UTC,1886,62,464,,0,0,0,0,771
2021-06-01 13:57:01 UTC,1887,87,551,,0,0,0,0,771
2021-06-01 14:57:01 UTC,1888,145,696,,0,0,0,0,771
2021-06-01 15:57:01 UTC,1889,166,862,,0,0,0,0,771
2021-06-01 16:57:01 UTC,1890,113,975,,0,0,0,0,771
2021-06-01 17:57:01 UTC,1891,134,1109,,0,0,0,0,771
2021-06-01 18:57:01 UTC,1892,44,1153,,0,0,0,0,771
2021-06-01 19:57:01 UTC,1893,10,1163,,0,0,0,0,771
2021-06-01 20:57:01 UTC,1894,6,1169,,3.9,0,0,0,771
2021-06-01 21:57:01 UTC,1895,,,1169,,,,,
2021-06-01 22:57:01 UTC,1896,1,1,,0,0,0,0,1178
2021-06-01 23:57:01 UTC,1897,0,1,,0,0,0,0,1178
2021-06-02 00:57:01 UTC,1898,0,1,,0,0,0,0,1178
2021-06-02 01:57:01 UTC,1899,0,1,,0,0,0,0,1178
2021-06-02 02:57:01 UTC,1900,0,1,,3.9,0,0,0,1178
2021-06-02 03:57:01 UTC,1901,5,6,,0,0,0,0,1178
2021-06-02 04:57:01 UTC,1902,3,9,,0,0,0,0,1178
2021-06-02 05:57:01 UTC,1903,5,14,,0,0,0,0,1178
2021-06-02 06:57:01 UTC,1904,10,24,,4,0,0,0,1178
2021-06-02 07:57:01 UTC,1905,19,44,,0,0,0,0,1178
2021-06-02 08:57:01 UTC,1906,39,83,,0,0,0,0,1178
2021-06-02 09:57:01 UTC,1907,37,120,,0,0,0,0,1178
2021-06-02 10:57:01 UTC,1908,68,188,,0,0,0,0,1178
2021-06-02 11:57:01 UTC,1909,26,214,,0,0,0,0,1178
2021-06-02 12:57:01 UTC,1910,22,236,,0,0,0,0,1178
2021-06-02 13:57:01 UTC,1911,14,250,,0,0,0,0,1178
2021-06-02 14:57:01 UTC,1912,25,275,,0,0,0,0,1178
2021-06-02 15:57:01 UTC,1913,40,315,,0,0,0,0,1178
2021-06-02 16:57:01 UTC,1914,39,354,,0,0,0,0,1178
2021-06-02 17:57:01 UTC,1915,35,389,,0,0,0,0,1178
2021-06-02 18:57:01 UTC,1916,20,409,,0,0,0,0,1178
2021-06-02 19:57:01 UTC,1917,11,420,,0,0,0,0,1178
2021-06-02 20:57:01 UTC,1918,12,432,,3.9,0,0,0,1178
2021-06-02 21:57:01 UTC,1919,,,432,,,,,
2021-06-02 22:57:01 UTC,1920,6,6,,0,0,0,0,450
2021-06-02 23:57:01 UTC,1921,0,6,,0,0,0,0,450
2021-06-03 00:57:01 UTC,1922,0,6,,0,0,0,0,450
2021-06-03 01:57:01 UTC,1923,0,6,,0,0,0,0,450
2021-06-03 02:57:01 UTC,1924,0,6,,3.9,0,0,0,450
2021-06-03 03:57:01 UTC,1925,0,6,,0,0,0,0,450
2021-06-03 04:57:01 UTC,1926,3,9,,0,0,0,0,450
2021-06-03 05:57:01 UTC,1927,7,16,,0,0,0,0,450
2021-06-03 06:57:01 UTC,1928,15,31,,3.9,0,0,0,450
2021-06-03 07:57:01 UTC,1929,28,59,,0,0,0,0,450
2021-06-03 08:57:01 UTC,1930,40,99,,0,0,0,0,450
2021-06-03 09:57:01 UTC,1931,68,167,,0,0,0,0,450
2021-06-03 10:57:01 UTC,1932,58,225,,0,0,0,0,450
2021-06-03 11:57:01 UTC,1933,79,304,,0,0,0,0,450
2021-06-03 12:57:01 UTC,1934,247,551,,0,0,0,0,450
2021-06-03 13:57:01 UTC,1935,297,848,,0,0,0,0,450
2021-06-03 14:57:01 UTC,1936,141,989,,0,0,0,0,450
2021-06-03 15:57:01 UTC,1937,138,1127,,0,0,0,1,450
2021-06-03 16:57:01 UTC,1938,71,1198,,0,0,0,1,450
2021-06-03 17:57:01 UTC,1939,93,1291,,0,0,0,1,450
2021-06-03 18:57:01 UTC,1940,30,1321,,0,0,0,1,450
2021-06-03 19:57:01 UTC,1941,18,1339,,0,0,0,1,450
2021-06-03 20:57:01 UTC,1942,7,1346,,3.9,0,0,1,450
2021-06-03 21:57:01 UTC,1943,,,1346,,,,,
2021-06-03 22:57:01 UTC,1944,2,2,,0,0,0,0,1354
2021-06-03 23:57:01 UTC,1945,0,2,,0,0,0,0,1354
2021-06-04 00:57:01 UTC,1946,0,2,,0,0,0,0,1354
2021-06-04 01:57:01 UTC,1947,0,2,,0,0,0,0,1354
2021-06-04 02:57:01 UTC,1948,1,3,,3.9,0,0,0,1354
2021-06-04 03:57:01 UTC,1949,5,8,,0,0,0,0,1354
2021-06-04 04:57:01 UTC,1950,5,13,,0,0,0,0,1354
2021-06-04 05:57:01 UTC,1951,8,21,,0,0,0,0,1354
2021-06-04 06:57:01 UTC,1952,19,40,,3.9,0,0,0,1354
2021-06-04 07:57:01 UTC,1953,29,71,,0,0,0,0,1354
2021-06-04 08:57:01 UTC,1954,43,114,,0,0,0,0,1354
2021-06-04 09:57:01 UTC,1955,117,231,,0,0,0,0,1354
2021-06-04 10:57:01 UTC,1956,150,381,,0,0,0,0,1354
2021-06-04 11:57:01 UTC,1957,205,586,,0,0,0,0,1354
2021-06-04 12:57:01 UTC,1958,148,734,,0,0,0,0,1354
2021-06-04 13:57:01 UTC,1959,114,848,,0,0,0,0,1354
2021-06-04 14:57:01 UTC,1960,71,919,,0,0,0,0,1354
2021-06-04 15:57:01 UTC,1961,44,963,,0,0,0,0,1354
2021-06-04 16:57:01 UTC,1962,40,1003,,0,0,0,0,1354
2021-06-04 17:57:01 UTC,1963,71,1074,,0,0,0,0,1354
2021-06-04 18:57:01 UTC,1964,29,1103,,0,0,0,0,1354
2021-06-04 19:57:01 UTC,1965,18,1121,,0,0,0,0,1354
2021-06-04 20:57:01 UTC,1966,9,1130,,3.9,0,0,0,1354
2021-06-04 21:57:01 UTC,1967,,,1130,,,,,
2021-06-04 22:57:01 UTC,1968,4,4,,0,0,0,0,1152
2021-06-04 23:57:01 UTC,1969,2,6,,0,0,0,0,1152
2021-06-05 00:57:01 UTC,1970,0,6,,0,0,0,0,1152
2021-06-05 01:57:01 UTC,1971,0,6,,0,0,0,0,1152
2021-06-05 02:57:01 UTC,1972,2,8,,3.9,0,0,0,1152
2021-06-05 03:57:01 UTC,1973,0,8,,0,0,0,0,1152
2021-06-05 04:57:01 UTC,1974,1,9,,0,0,0,0,1152
2021-06-05 05:57:01 UTC,1975,3,12,,0,0,0,0,1152
2021-06-05 06:57:01 UTC,1976,6,18,,3.9,0,0,0,1152
2021-06-05 07:57:01 UTC,1977,13,31,,0,0,0,0,1152
2021-06-05 08:57:01 UTC,1978,15,46,,0,0,0,0,1152
2021-06-05 09:57:01 UTC,1979,14,60,,0,0,0,0,1152
2021-06-05 10:57:01 UTC,1980,29,89,,0,0,0,0,1152
2021-06-05 11:57:01 UTC,1981,33,122,,0,0,0,0,1152
2021-06-05 12:57:01 UTC,1982,15,137,,0,0,0,0,1152
2021-06-05 13:57:01 UTC,1983,23,160,,0,0,0,0,1152
2021-06-05 14:57:01 UTC,1984,19,179,,0,0,0,0,1152
2021-06-05 15:57:01 UTC,1985,29,208,,0,0,0,0,1152
2021-06-05 16:57:01 UTC,1986,17,225,,0,0,0,0,1152
2021-06-05 17:57:01 UTC,1987,36,261,,0,0,0,0,1152
2021-06-05 18:57:01 UTC,1988,19,280,,0,0,0,0,1152
2021-06-05 19:57:01 UTC,1989,11,291,,0,0,0,0,1152
2021-06-05 20:57:01 UTC,1990,7,298,,3.9,0,0,0,1152
2021-06-05 21:57:01 UTC,1991,,,298,,,,,
2021-06-05 22:57:01 UTC,1992,4,4,,0,0,0,0,305
2021-06-05 23:57:01 UTC,1993,3,7,,0,0,0,0,305
2021-06-06 00:57:01 UTC,1994,1,8,,0,0,0,0,305
2021-06-06 01:57:01 UTC,1995,1,9,,0,0,0,0,305
2021-06-06 02:57:01 UTC,1996,0,9,,3.9,0,0,0,305
2021-06-06 03:57:01 UTC,1997,0,9,,0,0,0,0,305
2021-06-06 04:57:01 UTC,1998,2,11,,0,0,0,0,305
2021-06-06 05:57:01 UTC,1999,4,15,,0,0,0,0,305
2021-06-06 06:57:01 UTC,2000,10,25,,4,0,0,0,305
2021-06-06 07:57:01 UTC,2001,10,35,,0,0,0,0,305
2021-06-06 08:57:01 UTC,2002,29,64,,0,0,0,0,305
2021-06-06 09:57:01 UTC,2003,30,94,,0,0,0,0,305
2021-06-06 10:57:01 UTC,2004,34,128,,0,0,0,0,305
2021-06-06 11:57:01 UTC,2005,17,145,,0,0,0,0,305
2021-06-06 12:57:01 UTC,2006,71,216,,0,0,0,0,305
2021-06-06 13:57:01 UTC,2007,41,257,,0,0,0,0,305
2021-06-06 14:57:01 UTC,2008,22,279,,0,0,0,0,305
2021-06-06 15:57:01 UTC,2009,18,297,,0,0,0,0,305
2021-06-06 16:57:01 UTC,2010,5,302,,0,0,0,0,305
2021-06-06 17:57:01 UTC,2011,7,309,,0,0,0,0,305
2021-06-06 18:57:01 UTC,2012,14,323,,3.9,0,0,0,305
2021-06-06 19:57:01 UTC,2013,6,329,,0,0,0,0,305
2021-06-06 20:57:01 UTC,2014,1,330,,4,0,0,0,305
2021-06-06 21:57:01 UTC,2015,,,330,,,,,
2021-06-06 22:57:01 UTC,2016,1,1,,0,0,0,0,333
2021-06-06 23:57:01 UTC,2017,0,1,,0,0,0,0,333
2021-06-07 00:57:01 UTC,2018,0,1,,0,0,0,0,333
2021-06-07 01:57:01 UTC,2019,0,1,,0,0,0,0,333
2021-06-07 02:57:01 UTC,2020,0,1,,3.9,0,0,0,333
2021-06-07 03:57:01 UTC,2021,2,3,,0,0,0,0,333
2021-06-07 04:57:01 UTC,2022,3,6,,0,0,0,0,333
2021-06-07 05:57:01 UTC,2023,7,13,,0,0,0,0,333
2021-06-07 06:57:01 UTC,2024,34,47,,3.9,0,0,0,333
2021-06-07 07:57:01 UTC,2025,41,90,,0,0,0,0,333
2021-06-07 08:57:01 UTC,2026,71,161,,0,0,0,0,333
2021-06-07 09:57:01 UTC,2027,53,214,,0,0,0,0,333
2021-06-07 10:57:01 UTC,2028,40,254,,0,0,0,0,333
2021-06-07 11:57:01 UTC,2029,43,297,,0,0,0,0,333
2021-06-07 12:57:01 UTC,2030,52,349,,0,0,0,0,333
2021-06-07 13:57:01 UTC,2031,36,385,,0,0,0,0,333
2021-06-07 14:57:01 UTC,2032,75,460,,0,0,0,0,333
2021-06-07 15:57:01 UTC,2033,49,509,,0,0,1,0,333
2021-06-07 16:57:01 UTC,2034,85,594,,0,0,1,0,333
2021-06-07 17:57:01 UTC,2035,85,679,,0,0,1,0,333
2021-06-07 18:57:01 UTC,2036,35,714,,0,0,1,0,333
2021-06-07 19:57:01 UTC,2037,12,726,,0,0,1,0,333
2021-06-07 20:57:01 UTC,2038,8,734,,3.9,0,1,0,333
2021-06-07 21:57:01 UTC,2039,,,734,,,,,
