created_at,entry_id,field1,field2,field3,field4,field5,field6,field7,field8
2021-04-01 00:57:01 UTC,410,0,3,,0,0,0,0,878
2021-04-01 01:57:01 UTC,411,0,3,,0,0,0,0,878
2021-04-01 02:57:01 UTC,412,0,3,,3.9,0,0,0,878
2021-04-01 03:57:01 UTC,413,0,3,,0,0,0,0,878
2021-04-01 04:57:01 UTC,414,4,7,,0,0,0,0,878
2021-04-01 05:57:01 UTC,415,9,16,,0,0,0,0,878
2021-04-01 06:57:01 UTC,416,19,35,,3.9,0,0,0,878
2021-04-01 07:57:01 UTC,417,31,66,,0,0,1,0,878
2021-04-01 08:57:01 UTC,418,51,117,,0,0,1,0,878
2021-04-01 09:57:01 UTC,419,52,169,,0,0,1,0,878
2021-04-01 10:57:01 UTC,420,56,225,,0,0,1,0,878
2021-04-01 11:57:01 UTC,421,73,298,,0,0,1,0,878
2021-04-01 12:57:01 UTC,422,80,378,,0,0,1,0,878
2021-04-01 13:57:01 UTC,423,54,432,,0,0,1,0,878
2021-04-01 14:57:01 UTC,424,90,522,,0,0,1,0,878
2021-04-01 15:57:01 UTC,425,80,602,,0,0,1,0,878
2021-04-01 16:57:01 UTC,426,81,683,,0,0,1,0,878
2021-04-01 17:57:01 UTC,427,168,851,,0,0,1,0,878
2021-04-01 18:57:01 UTC,428,38,889,,3.9,0,1,0,878
2021-04-01 19:57:01 UTC,429,13,902,,0,0,1,0,878
2021-04-01 20:57:01 UTC,430,5,907,,3.9,0,1,0,878
2021-04-01 21:57:01 UTC,431,,,907,,,,,
2021-04-01 22:57:01 UTC,432,0,0,,0,0,0,0,909
2021-04-01 23:57:01 UTC,433,0,0,,0,0,0,0,909
2021-04-02 00:57:01 UTC,434,0,0,,0,0,0,0,909
2021-04-02 01:57:01 UTC,435,0,0,,0,0,0,0,909
2021-04-02 02:57:01 UTC,436,0,0,,3.9,0,0,0,909
2021-04-02 03:57:01 UTC,437,0,0,,0,0,0,0,909
2021-04-02 04:57:01 UTC,438,4,4,,0,0,0,0,909
2021-04-02 05:57:01 UTC,439,4,8,,0,0,0,0,909
2021-04-02 06:57:01 UTC,440,20,28,,3.9,0,0,0,909
2021-04-02 07:57:01 UTC,441,67,96,,0,0,1,0,909
2021-04-02 08:57:01 UTC,442,45,141,,0,0,1,0,909
2021-04-02 09:57:01 UTC,443,69,210,,0,0,1,0,909
2021-04-02 10:57:01 UTC,444,66,276,,3.9,0,1,0,909
2021-04-02 11:57:01 UTC,445,55,331,,0,0,1,0,909
2021-04-02 12:57:01 UTC,446,51,382,,0,0,1,0,909
2021-04-02 13:57:01 UTC,447,40,422,,0,0,1,0,909
2021-04-02 14:57:01 UTC,448,90,512,,0,0,1,0,909
2021-04-02 15:57:01 UTC,449,84,596,,0,0,2,0,909
2021-04-02 16:57:01 UTC,450,60,656,,0,0,2,0,909
2021-04-02 17:57:01 UTC,451,60,716,,0,0,2,0,909
2021-04-02 18:57:01 UTC,452,26,742,,3.9,0,2,0,909
2021-04-02 19:57:01 UTC,453,15,758,,0,0,2,0,909
2021-04-02 20:57:01 UTC,454,6,764,,3.9,0,2,0,909
2021-04-02 21:57:01 UTC,455,,,764,,,,,
2021-04-02 22:57:01 UTC,456,0,0,,0,0,0,0,764
2021-04-02 23:57:01 UTC,457,0,0,,0,0,0,0,764
2021-04-03 00:57:01 UTC,458,0,0,,0,0,0,0,764
2021-04-03 01:57:01 UTC,459,0,0,,0,0,0,0,764
2021-04-03 02:57:01 UTC,460,0,0,,3.9,0,0,0,764
2021-04-03 03:57:01 UTC,461,0,0,,0,0,0,0,764
2021-04-03 04:57:01 UTC,462,0,0,,0,0,0,0,764
2021-04-03 05:57:01 UTC,463,5,5,,0,0,0,0,764
2021-04-03 06:57:01 UTC,464,14,19,,3.9,0,0,0,764
2021-04-03 07:57:01 UTC,465,19,39,,0,0,0,0,764
2021-04-03 08:57:01 UTC,466,40,79,,0,0,0,0,764
2021-04-03 09:57:01 UTC,467,43,122,,0,0,0,0,764
2021-04-03 10:57:01 UTC,468,87,209,,4,0,0,0,764
2021-04-03 11:57:01 UTC,469,50,259,,0,0,0,0,764
2021-04-03 12:57:01 UTC,470,37,296,,0,0,0,0,764
2021-04-03 13:57:01 UTC,471,32,328,,0,0,0,0,764
2021-04-03 14:57:01 UTC,472,27,355,,3.9,0,0,0,764
2021-04-03 15:57:01 UTC,473,31,386,,0,0,0,0,764
2021-04-03 16:57:01 UTC,474,23,409,,0,0,0,0,764
2021-04-03 17:57:01 UTC,475,35,444,,0,0,0,0,764
2021-04-03 18:57:01 UTC,476,16,460,,3.9,0,0,0,764
2021-04-03 19:57:01 UTC,477,7,467,,0,0,0,0,764
2021-04-03 20:57:01 UTC,478,0,467,,3.9,0,0,0,764
2021-04-03 21:57:01 UTC,479,,,467,,,,,
2021-04-03 22:57:01 UTC,480,0,0,,0,0,0,0,467
2021-04-03 23:57:01 UTC,481,0,0,,0,0,0,0,467
2021-04-04 00:57:01 UTC,482,0,0,,0,0,0,0,467
2021-04-04 01:57:01 UTC,483,0,0,,0,0,0,0,467
2021-04-04 02:57:01 UTC,484,0,0,,3.9,0,0,0,467
2021-04-04 03:57:01 UTC,485,0,0,,0,0,0,0,467
2021-04-04 04:57:01 UTC,486,1,1,,0,0,0,0,467
2021-04-04 05:57:01 UTC,487,6,7,,0,0,0,0,467
2021-04-04 06:57:01 UTC,488,8,15,,3.9,0,0,0,467
2021-04-04 07:57:01 UTC,489,21,36,,0,0,0,0,467
2021-04-04 08:57:01 UTC,490,43,79,,0,0,0,0,467
2021-04-04 09:57:01 UTC,491,29,108,,0,0,0,0,467
2021-04-04 10:57:01 UTC,492,152,260,,4,0,0,0,467
2021-04-04 11:57:01 UTC,493,156,416,,0,0,0,0,467
2021-04-04 12:57:01 UTC,494,53,469,,0,0,0,0,467
2021-04-04 13:57:01 UTC,495,20,489,,0,0,0,0,467
2021-04-04 14:57:01 UTC,496,30,519,,0,0,0,0,467
2021-04-04 15:57:01 UTC,497,27,546,,0,0,0,0,467
2021-04-04 16:57:01 UTC,498,42,588,,0,0,0,0,467
2021-04-04 17:57:01 UTC,499,41,629,,0,0,0,0,467
2021-04-04 18:57:01 UTC,500,21,650,,3.9,0,0,0,467
2021-04-04 19:57:01 UTC,501,8,660,,0,0,0,0,467
2021-04-04 20:57:01 UTC,502,5,665,,3.9,0,0,0,467
2021-04-04 21:57:01 UTC,503,,,665,,,,,
2021-04-04 22:57:01 UTC,504,0,0,,0,0,0,0,666
2021-04-04 23:57:01 UTC,505,0,0,,0,0,0,0,666
2021-04-05 00:57:01 UTC,506,0,0,,0,0,0,0,666
2021-04-05 01:57:01 UTC,507,0,0,,0,0,0,0,666
2021-04-05 02:57:01 UTC,508,0,0,,3.9,0,0,0,666
2021-04-05 03:57:01 UTC,509,2,2,,0,0,0,0,666
2021-04-05 04:57:01 UTC,510,0,2,,0,0,0,0,666
2021-04-05 05:57:01 UTC,511,5,7,,0,0,0,0,666
2021-04-05 06:57:01 UTC,512,11,18,,3.9,0,0,0,666
2021-04-05 07:57:01 UTC,513,17,36,,0,0,0,0,666
2021-04-05 08:57:01 UTC,514,51,87,,0,0,0,0,666
2021-04-05 09:57:01 UTC,515,73,160,,0,0,0,0,666
2021-04-05 10:57:01 UTC,516,90,250,,3.9,0,0,0,666
2021-04-05 11:57:01 UTC,517,43,297,,0,0,0,0,666
2021-04-05 12:57:01 UTC,518,40,337,,0,0,0,0,666
2021-04-05 13:57:01 UTC,519,28,365,,0,0,0,0,666
2021-04-05 14:57:01 UTC,520,33,398,,3.9,0,0,0,666
2021-04-05 15:57:01 UTC,521,36,434,,0,0,0,0,666
2021-04-05 16:57:01 UTC,522,30,464,,0,0,0,0,666
2021-04-05 17:57:01 UTC,523,26,490,,0,0,0,0,666
2021-04-05 18:57:01 UTC,524,15,505,,3.9,0,0,0,666
2021-04-05 19:57:01 UTC,525,9,514,,0,0,0,0,666
2021-04-05 20:57:01 UTC,526,1,515,,3.9,0,0,0,666
2021-04-05 21:57:01 UTC,527,,,515,,,,,
2021-04-05 22:57:01 UTC,528,0,0,,0,0,0,0,519
2021-04-05 23:57:01 UTC,529,0,0,,0,0,0,0,519
2021-04-06 00:57:01 UTC,530,0,0,,0,0,0,0,519
2021-04-06 01:57:01 UTC,531,0,0,,0,0,0,0,519
2021-04-06 02:57:01 UTC,532,0,0,,3.9,0,0,0,519
2021-04-06 03:57:01 UTC,533,1,1,,0,0,0,0,519
2021-04-06 04:57:01 UTC,534,7,8,,0,0,0,0,519
2021-04-06 05:57:01 UTC,535,5,13,,0,0,0,0,519
2021-04-06 06:57:01 UTC,536,14,27,,3.9,0,0,0,519
2021-04-06 07:57:01 UTC,537,33,64,,0,0,0,0,519
2021-04-06 08:57:01 UTC,538,36,100,,0,0,0,0,519
2021-04-06 09:57:01 UTC,539,26,126,,0,0,0,0,519
2021-04-06 10:57:01 UTC,540,36,162,,3.9,0,0,0,519
2021-04-06 11:57:01 UTC,541,26,190,,0,0,0,0,519
2021-04-06 12:57:01 UTC,542,32,222,,0,0,0,0,519
2021-04-06 13:57:01 UTC,543,26,248,,0,0,0,0,519
2021-04-06 14:57:01 UTC,544,29,277,,4,0,0,0,519
2021-04-06 15:57:01 UTC,545,40,317,,0,0,0,0,519
2021-04-06 16:57:01 UTC,546,41,358,,0,0,0,0,519
2021-04-06 17:57:01 UTC,547,23,381,,0,0,0,0,519
2021-04-06 18:57:01 UTC,548,13,394,,3.9,0,0,0,519
2021-04-06 19:57:01 UTC,549,11,405,,0,0,0,0,519
2021-04-06 20:57:01 UTC,550,6,411,,3.9,0,0,0,519
2021-04-06 21:57:01 UTC,551,,,411,,,,,
2021-04-06 22:57:01 UTC,552,0,0,,0,0,0,0,415
2021-04-06 23:57:01 UTC,553,0,0,,0,0,0,0,415
2021-04-07 00:57:01 UTC,554,0,0,,0,0,0,0,415
2021-04-07 01:57:01 UTC,555,0,0,,0,0,0,0,415
2021-04-07 02:57:01 UTC,556,0,0,,3.9,0,0,0,415
2021-04-07 03:57:01 UTC,557,3,3,,0,0,0,0,415
2021-04-07 04:57:01 UTC,558,4,7,,0,0,0,0,415
2021-04-07 05:57:01 UTC,559,15,22,,0,0,0,0,415
2021-04-07 06:57:01 UTC,560,14,36,,3.9,0,0,0,415
2021-04-07 07:57:01 UTC,561,28,66,,0,0,0,0,415
2021-04-07 08:57:01 UTC,562,62,128,,0,0,0,0,415
2021-04-07 09:57:01 UTC,563,55,183,,0,0,0,0,415
2021-04-07 10:57:01 UTC,564,75,258,,3.9,0,0,0,415
2021-04-07 11:57:01 UTC,565,53,311,,0,0,0,0,415
2021-04-07 12:57:01 UTC,566,31,342,,0,0,0,0,415
2021-04-07 13:57:01 UTC,567,19,361,,0,0,0,0,415
2021-04-07 14:57:01 UTC,568,33,394,,3.9,0,0,0,415
2021-04-07 15:57:01 UTC,569,28,422,,0,0,0,0,415
2021-04-07 16:57:01 UTC,570,49,471,,0,0,0,0,415
2021-04-07 17:57:01 UTC,571,35,506,,0,0,0,0,415
2021-04-07 18:57:01 UTC,572,26,532,,3.9,0,0,0,415
2021-04-07 19:57:01 UTC,573,7,539,,0,0,0,0,415
2021-04-07 20:57:01 UTC,574,2,541,,3.9,0,0,0,415
2021-04-07 21:57:01 UTC,575,,,541,,,,,
2021-04-07 22:57:01 UTC,576,1,1,,0,0,0,0,544
2021-04-07 23:57:01 UTC,577,0,1,,0,0,0,0,544
2021-04-08 00:57:01 UTC,578,0,1,,0,0,0,0,544
2021-04-08 01:57:01 UTC,579,0,1,,0,0,0,0,544
2021-04-08 02:57:01 UTC,580,0,1,,3.9,0,0,0,544
2021-04-08 03:57:01 UTC,581,1,2,,0,0,0,0,544
2021-04-08 04:57:01 UTC,582,2,4,,0,0,0,0,544
2021-04-08 05:57:01 UTC,583,7,11,,0,0,0,0,544
2021-04-08 06:57:01 UTC,584,29,40,,3.9,0,0,0,544
2021-04-08 07:57:01 UTC,585,25,66,,0,0,0,0,544
2021-04-08 08:57:01 UTC,586,51,117,,0,0,0,0,544
2021-04-08 09:57:01 UTC,587,54,171,,0,0,0,0,544
2021-04-08 10:57:01 UTC,588,66,237,,3.9,0,0,0,544
2021-04-08 11:57:01 UTC,589,52,297,,0,0,0,0,544
2021-04-08 12:57:01 UTC,590,147,444,,0,0,0,0,544
2021-04-08 13:57:01 UTC,591,100,544,,0,0,0,0,544
2021-04-08 14:57:01 UTC,592,59,603,,3.9,0,0,0,544
2021-04-08 15:57:01 UTC,593,62,665,,0,0,0,0,544
2021-04-08 16:57:01 UTC,594,71,736,,0,0,0,0,544
2021-04-08 17:57:01 UTC,595,67,803,,0,0,0,0,544
2021-04-08 18:57:01 UTC,596,29,832,,3.9,0,0,0,544
2021-04-08 19:57:01 UTC,597,7,839,,0,0,0,0,544
2021-04-08 20:57:01 UTC,598,5,844,,3.9,0,0,0,544
2021-04-08 21:57:01 UTC,599,,,844,,,,,
2021-04-08 22:57:01 UTC,600,0,0,,0,0,0,0,844
2021-04-08 23:57:01 UTC,601,0,0,,0,0,0,0,844
2021-04-09 00:57:01 UTC,602,0,0,,0,0,0,0,844
2021-04-09 01:57:01 UTC,603,0,0,,0,0,0,0,844
2021-04-09 02:57:01 UTC,604,0,0,,3.9,0,0,0,844
2021-04-09 03:57:01 UTC,605,2,2,,0,0,0,0,844
2021-04-09 04:57:01 UTC,606,2,4,,0,0,0,0,844
2021-04-09 05:57:01 UTC,607,6,10,,0,0,0,0,844
2021-04-09 06:57:01 UTC,608,18,28,,3.9,0,0,0,844
2021-04-09 07:57:01 UTC,609,34,65,,0,0,0,0,844
2021-04-09 08:57:01 UTC,610,25,90,,0,0,0,0,844
2021-04-09 09:57:01 UTC,611,138,228,,0,0,0,0,844
2021-04-09 10:57:01 UTC,612,180,408,,4,0,0,0,844
2021-04-09 11:57:01 UTC,613,92,507,,0,0,0,0,844
2021-04-09 12:57:01 UTC,614,146,653,,0,0,0,0,844
2021-04-09 13:57:01 UTC,615,88,741,,0,0,0,0,844
2021-04-09 14:57:01 UTC,616,64,805,,4,0,0,0,844
2021-04-09 15:57:01 UTC,617,71,876,,0,0,1,0,844
2021-04-09 16:57:01 UTC,618,78,954,,0,0,1,0,844
2021-04-09 17:57:01 UTC,619,81,1035,,0,0,1,0,844
2021-04-09 18:57:01 UTC,620,24,1059,,3.9,0,1,0,844
2021-04-09 19:57:01 UTC,621,16,1075,,0,0,1,0,844
2021-04-09 20:57:01 UTC,622,3,1078,,3.9,0,1,0,844
2021-04-09 21:57:01 UTC,623,,,1078,,,,,
2021-04-09 22:57:01 UTC,624,0,0,,0,0,0,0,1082
2021-04-09 23:57:01 UTC,625,0,0,,0,0,0,0,1082
2021-04-10 00:57:01 UTC,626,0,0,,0,0,0,0,1082
2021-04-10 01:57:01 UTC,627,0,0,,0,0,0,0,1082
2021-04-10 02:57:01 UTC,628,0,0,,3.9,0,0,0,1082
2021-04-10 03:57:01 UTC,629,0,0,,0,0,0,0,1082
2021-04-10 04:57:01 UTC,630,2,2,,0,0,0,0,1082
2021-04-10 05:57:01 UTC,631,4,6,,0,0,0,0,1082
2021-04-10 06:57:01 UTC,632,5,11,,3.9,0,0,0,1082
2021-04-10 07:57:01 UTC,633,15,26,,0,0,0,0,1082
2021-04-10 08:57:01 UTC,634,25,51,,0,0,0,0,1082
2021-04-10 09:57:01 UTC,635,26,77,,0,0,0,0,1082
2021-04-10 10:57:01 UTC,636,38,115,,3.9,0,0,0,1082
2021-04-10 11:57:01 UTC,637,33,149,,0,0,0,0,1082
2021-04-10 12:57:01 UTC,638,9,158,,0,0,0,0,1082
2021-04-10 13:57:01 UTC,639,11,169,,0,0,0,0,1082
2021-04-10 14:57:01 UTC,640,20,189,,3.9,0,0,0,1082
2021-04-10 15:57:01 UTC,641,37,226,,0,0,0,0,1082
2021-04-10 16:57:01 UTC,642,27,253,,0,0,0,0,1082
2021-04-10 17:57:01 UTC,643,17,270,,0,0,0,0,1082
2021-04-10 18:57:01 UTC,644,13,283,,3.9,0,0,0,1082
2021-04-10 19:57:01 UTC,645,6,290,,0,0,0,0,1082
2021-04-10 20:57:01 UTC,646,3,293,,3.9,0,0,0,1082
2021-04-10 21:57:01 UTC,647,,,293,,,,,
2021-04-10 22:57:01 UTC,648,0,0,,0,0,0,0,297
2021-04-10 23:57:01 UTC,649,0,0,,0,0,0,0,297
2021-04-11 00:57:01 UTC,650,0,0,,0,0,0,0,297
2021-04-11 01:57:01 UTC,651,0,0,,0,0,0,0,297
2021-04-11 02:57:01 UTC,652,0,0,,3.9,0,0,0,297
2021-04-11 03:57:01 UTC,653,0,0,,0,0,0,0,297
2021-04-11 04:57:01 UTC,654,1,1,,0,0,0,0,297
2021-04-11 05:57:01 UTC,655,4,5,,0,0,0,0,297
2021-04-11 06:57:01 UTC,656,4,9,,3.9,0,0,0,297
2021-04-11 07:57:01 UTC,657,4,14,,0,0,0,0,297
2021-04-11 08:57:01 UTC,658,16,30,,0,0,0,0,297
2021-04-11 09:57:01 UTC,659,26,56,,0,0,0,0,297
2021-04-11 10:57:01 UTC,660,23,79,,3.9,0,0,0,297
2021-04-11 11:57:01 UTC,661,10,90,,0,0,0,0,297
2021-04-11 12:57:01 UTC,662,13,103,,0,0,0,0,297
2021-04-11 13:57:01 UTC,663,9,112,,0,0,0,0,297
2021-04-11 14:57:01 UTC,664,7,119,,4,0,0,0,297
2021-04-11 15:57:01 UTC,665,16,135,,0,0,0,0,297
2021-04-11 16:57:01 UTC,666,20,155,,0,0,0,0,297
2021-04-11 17:57:01 UTC,667,24,179,,0,0,0,0,297
2021-04-11 18:57:01 UTC,668,11,190,,3.9,0,0,0,297
2021-04-11 19:57:01 UTC,669,9,199,,0,0,0,0,297
2021-04-11 20:57:01 UTC,670,1,200,,3.9,0,0,0,297
2021-04-11 21:57:01 UTC,671,,,200,,,,,
2021-04-11 22:57:01 UTC,672,1,1,,0,0,0,0,201
2021-04-11 23:57:01 UTC,673,0,1,,0,0,0,0,201
2021-04-12 00:57:01 UTC,674,0,1,,0,0,0,0,201
2021-04-12 01:57:01 UTC,675,0,1,,0,0,0,0,201
2021-04-12 02:57:01 UTC,676,0,1,,3.9,0,0,0,201
2021-04-12 03:57:01 UTC,677,4,5,,0,0,0,0,201
2021-04-12 04:57:01 UTC,678,0,5,,0,0,0,0,201
2021-04-12 05:57:01 UTC,679,3,8,,0,0,0,0,201
2021-04-12 06:57:01 UTC,680,15,23,,3.9,0,0,0,201
2021-04-12 07:57:01 UTC,681,62,85,,0,0,0,0,201
2021-04-12 08:57:01 UTC,682,35,120,,0,0,0,0,201
2021-04-12 09:57:01 UTC,683,15,135,,0,0,0,0,201
2021-04-12 10:57:01 UTC,684,30,165,,4,0,0,0,201
2021-04-12 11:57:01 UTC,685,11,177,,0,0,0,0,201
2021-04-12 12:57:01 UTC,686,8,185,,0,0,0,0,201
2021-04-12 13:57:01 UTC,687,5,190,,0,0,0,0,201
2021-04-12 14:57:01 UTC,688,8,198,,3.9,0,0,0,201
2021-04-12 15:57:01 UTC,689,5,203,,0,0,2,0,201
2021-04-12 16:57:01 UTC,690,18,221,,0,0,2,0,201
2021-04-12 17:57:01 UTC,691,4,225,,0,0,2,0,201
2021-04-12 18:57:01 UTC,692,3,228,,3.6,0,2,0,201
2021-04-12 19:57:01 UTC,693,3,232,,0,0,2,0,201
2021-04-12 20:57:01 UTC,694,0,232,,3.9,0,2,0,201
2021-04-12 21:57:01 UTC,695,,,232,,,,,
2021-04-12 22:57:01 UTC,696,4,4,,0,0,0,0,234
2021-04-12 23:57:01 UTC,697,0,4,,0,0,0,0,234
2021-04-13 00:57:01 UTC,698,0,4,,0,0,0,0,234
2021-04-13 01:57:01 UTC,699,0,4,,0,0,0,0,234
2021-04-13 02:57:01 UTC,700,0,4,,3.9,0,0,0,234
2021-04-13 03:57:01 UTC,701,1,5,,0,0,0,0,234
2021-04-13 04:57:01 UTC,702,2,7,,0,0,0,0,234
2021-04-13 05:57:01 UTC,703,6,13,,0,0,0,0,234
2021-04-13 06:57:01 UTC,704,9,22,,3.9,0,0,0,234
2021-04-13 07:57:01 UTC,705,23,47,,0,0,0,0,234
2021-04-13 08:57:01 UTC,706,35,82,,0,0,0,0,234
2021-04-13 09:57:01 UTC,707,30,112,,0,0,0,0,234
2021-04-13 10:57:01 UTC,708,36,148,,3.9,0,0,0,234
2021-04-13 11:57:01 UTC,709,35,185,,0,0,0,0,234
2021-04-13 12:57:01 UTC,710,30,215,,0,0,0,0,234
2021-04-13 13:57:01 UTC,711,17,232,,0,0,0,0,234
2021-04-13 14:57:01 UTC,712,24,256,,4,0,0,0,234
2021-04-13 15:57:01 UTC,713,49,305,,0,0,0,0,234
2021-04-13 16:57:01 UTC,714,62,367,,0,0,0,0,234
2021-04-13 17:57:01 UTC,715,42,409,,0,0,0,0,234
2021-04-13 18:57:01 UTC,716,17,426,,3.9,0,0,0,234
