created_at,entry_id,field1,field2,field3,field4,field5,field6,field7,field8
2021-07-01 00:57:01 UTC,483,0,0,,0,0,0,0,30
2021-07-01 01:57:01 UTC,484,0,0,,0,0,0,0,30
2021-07-01 02:57:01 UTC,485,0,0,,3.9,0,0,0,30
2021-07-01 03:57:01 UTC,486,0,0,,0,0,0,0,30
2021-07-01 04:57:01 UTC,487,0,0,,0,0,0,0,30
2021-07-01 05:57:01 UTC,488,0,0,,0,0,0,0,30
2021-07-01 06:57:01 UTC,489,0,0,,3.9,0,0,0,30
2021-07-01 07:57:01 UTC,490,0,0,,0,0,0,0,30
2021-07-01 08:57:01 UTC,491,0,0,,0,0,0,0,30
2021-07-01 09:57:01 UTC,492,5,5,,0,0,0,0,30
2021-07-01 10:57:01 UTC,493,4,9,,3.9,0,0,0,30
2021-07-01 11:57:01 UTC,494,1,10,,0,0,0,0,30
2021-07-01 12:57:01 UTC,495,0,10,,0,0,0,0,30
2021-07-01 13:57:01 UTC,496,0,10,,0,0,0,0,30
2021-07-01 14:57:01 UTC,497,0,10,,3.9,0,0,0,30
2021-07-01 15:57:01 UTC,498,1,11,,0,0,0,0,30
2021-07-01 16:57:01 UTC,499,8,19,,0,0,0,0,30
2021-07-01 17:57:01 UTC,500,0,19,,0,0,0,0,30
2021-07-01 18:57:01 UTC,501,0,19,,3.8,0,0,0,30
2021-07-01 19:57:01 UTC,502,0,19,,0,0,0,0,30
2021-07-01 20:57:01 UTC,503,0,19,,3.8,0,0,0,30
2021-07-01 21:57:01 UTC,504,,,19,,,,,
2021-07-01 22:57:01 UTC,505,0,0,,0,0,0,0,19
2021-07-01 23:57:01 UTC,506,0,0,,0,0,0,0,19
2021-07-02 00:57:01 UTC,507,0,0,,0,0,0,0,19
2021-07-02 01:57:01 UTC,508,0,0,,0,0,0,0,19
2021-07-02 02:57:01 UTC,509,0,0,,3.8,0,0,0,19
2021-07-02 03:57:01 UTC,510,0,0,,0,0,0,0,19
2021-07-02 04:57:01 UTC,511,0,0,,0,0,0,0,19
2021-07-02 05:57:01 UTC,512,0,0,,0,0,0,0,19
2021-07-02 06:57:01 UTC,513,3,3,,3.8,0,0,0,19
2021-07-02 07:57:01 UTC,514,1,4,,0,0,0,0,19
2021-07-02 08:57:01 UTC,515,16,20,,0,0,0,0,19
2021-07-02 09:57:01 UTC,516,4,24,,0,0,0,0,19
2021-07-02 10:57:01 UTC,517,19,43,,3.8,0,0,0,19
2021-07-02 11:57:01 UTC,518,28,72,,0,0,0,0,19
2021-07-02 12:57:01 UTC,519,21,93,,0,0,0,0,19
2021-07-02 13:57:01 UTC,520,18,111,,0,0,0,0,19
2021-07-02 14:57:01 UTC,521,17,128,,3.8,0,0,0,19
2021-07-02 15:57:01 UTC,522,5,133,,0,0,0,0,19
2021-07-02 16:57:01 UTC,523,0,133,,0,0,0,0,19
2021-07-02 17:57:01 UTC,524,0,133,,0,0,0,0,19
2021-07-02 18:57:01 UTC,525,0,133,,3.8,0,0,0,19
2021-07-02 19:57:01 UTC,526,0,133,,0,0,0,0,19
2021-07-02 20:57:01 UTC,527,0,133,,3.8,0,0,0,19
2021-07-02 21:57:01 UTC,528,,,133,,,,,
2021-07-02 22:57:01 UTC,529,0,0,,0,0,0,0,133
2021-07-02 23:57:01 UTC,530,0,0,,0,0,0,0,133
2021-07-03 00:57:01 UTC,531,0,0,,0,0,0,0,133
2021-07-03 01:57:01 UTC,532,0,0,,0,0,0,0,133
2021-07-03 02:57:01 UTC,533,0,0,,3.8,0,0,0,133
2021-07-03 03:57:01 UTC,534,0,0,,0,0,0,0,133
2021-07-03 04:57:01 UTC,535,0,0,,0,0,0,0,133
2021-07-03 05:57:01 UTC,536,0,0,,0,0,0,0,133
2021-07-03 06:57:01 UTC,537,0,0,,3.8,0,0,0,133
2021-07-03 07:57:01 UTC,538,0,0,,0,0,0,0,133
2021-07-03 08:57:01 UTC,539,0,0,,0,0,0,0,133
2021-07-03 09:57:01 UTC,540,0,0,,0,0,0,0,133
2021-07-03 10:57:01 UTC,541,10,10,,3.8,0,0,0,133
2021-07-03 11:57:01 UTC,542,7,17,,0,0,0,0,133
2021-07-03 12:57:01 UTC,543,10,27,,0,0,0,0,133
2021-07-03 13:57:01 UTC,544,10,37,,0,0,0,0,133
2021-07-03 14:57:01 UTC,545,4,41,,3.8,0,0,0,133
2021-07-03 15:57:01 UTC,546,2,43,,0,0,0,0,133
2021-07-03 16:57:01 UTC,547,0,43,,0,0,0,0,133
2021-07-03 17:57:01 UTC,548,0,43,,0,0,0,0,133
2021-07-03 18:57:01 UTC,549,0,43,,3.8,0,0,0,133
2021-07-03 19:57:01 UTC,550,0,43,,0,0,0,0,133
2021-07-03 20:57:01 UTC,551,0,43,,3.8,0,0,0,133
2021-07-03 21:57:01 UTC,552,,,43,,,,,
