created_at,entry_id,field1,field2,field3,field4,field5,field6,field7,field8
2021-12-01 00:57:01 UTC,8022,0,0,,0,0,0,0,794
2021-12-01 01:57:01 UTC,8023,0,0,,0,0,0,0,794
2021-12-01 02:57:01 UTC,8024,0,0,,0,0,0,0,794
2021-12-01 03:57:01 UTC,8025,0,0,,3.9,0,0,0,794
2021-12-01 04:57:01 UTC,8026,0,0,,0,0,0,0,794
2021-12-01 05:57:01 UTC,8027,4,4,,0,0,0,0,794
2021-12-01 06:57:01 UTC,8028,12,16,,0,0,0,0,794
2021-12-01 07:57:01 UTC,8029,12,28,,3.9,0,0,0,794
2021-12-01 08:57:01 UTC,8030,21,51,,0,0,0,0,794
2021-12-01 09:57:01 UTC,8031,12,63,,0,0,0,0,794
2021-12-01 10:57:01 UTC,8032,13,76,,0,0,0,0,794
2021-12-01 11:57:01 UTC,8033,10,86,,4,0,0,0,794
2021-12-01 12:57:01 UTC,8034,9,96,,0,0,0,0,794
2021-12-01 13:57:01 UTC,8035,14,110,,0,0,0,0,794
2021-12-01 14:57:01 UTC,8036,4,114,,0,0,0,0,794
2021-12-01 15:57:01 UTC,8037,2,116,,3.9,0,0,0,794
2021-12-01 16:57:01 UTC,8038,4,120,,0,0,0,0,794
2021-12-01 17:57:01 UTC,8039,8,128,,0,0,0,0,794
2021-12-01 18:57:01 UTC,8040,2,130,,0,0,0,0,794
2021-12-01 19:57:01 UTC,8041,0,130,,3.9,0,0,0,794
2021-12-01 20:57:01 UTC,8042,0,130,,0,0,0,0,794
2021-12-01 21:57:01 UTC,8043,0,130,,3.9,0,0,0,794
2021-12-01 22:57:01 UTC,8044,,,130,,,,,
2021-12-01 23:57:01 UTC,8045,0,0,,0,0,0,0,130
2021-12-02 00:57:01 UTC,8046,0,0,,0,0,0,0,130
2021-12-02 01:57:01 UTC,8047,0,0,,0,0,0,0,130
2021-12-02 02:57:01 UTC,8048,0,0,,0,0,0,0,130
2021-12-02 03:57:01 UTC,8049,0,0,,3.9,0,0,0,130
2021-12-02 04:57:01 UTC,8050,0,0,,0,0,0,0,130
2021-12-02 05:57:01 UTC,8051,4,4,,0,0,0,0,130
2021-12-02 06:57:01 UTC,8052,5,9,,0,0,0,0,130
2021-12-02 07:57:01 UTC,8053,11,20,,3.9,0,0,0,130
2021-12-02 08:57:01 UTC,8054,18,39,,0,0,1,0,130
2021-12-02 09:57:01 UTC,8055,14,53,,0,0,1,0,130
2021-12-02 10:57:01 UTC,8056,3,56,,0,0,1,0,130
2021-12-02 11:57:01 UTC,8057,0,56,,4,0,1,0,130
2021-12-02 12:57:01 UTC,8058,0,56,,0,0,1,0,130
2021-12-02 13:57:01 UTC,8059,0,56,,0,0,1,0,130
2021-12-02 14:57:01 UTC,8060,1,57,,0,0,1,0,130
2021-12-02 15:57:01 UTC,8061,2,59,,3.9,0,1,0,130
2021-12-02 16:57:01 UTC,8062,1,60,,0,0,1,0,130
2021-12-02 17:57:01 UTC,8063,2,62,,0,0,1,0,130
2021-12-02 18:57:01 UTC,8064,8,70,,0,0,1,0,130
2021-12-02 19:57:01 UTC,8065,2,72,,3.9,0,1,0,130
2021-12-02 20:57:01 UTC,8066,0,72,,0,0,1,0,130
2021-12-02 21:57:01 UTC,8067,3,75,,3.9,0,1,0,130
2021-12-02 22:57:01 UTC,8068,,,75,,,,,
2021-12-02 23:57:01 UTC,8069,0,0,,0,0,0,0,75
2021-12-03 00:57:01 UTC,8070,0,0,,0,0,0,0,75
2021-12-03 01:57:01 UTC,8071,0,0,,0,0,0,0,75
2021-12-03 02:57:01 UTC,8072,0,0,,0,0,0,0,75
2021-12-03 03:57:01 UTC,8073,0,0,,3.9,0,0,0,75
2021-12-03 04:57:01 UTC,8074,1,1,,0,0,0,0,75
2021-12-03 05:57:01 UTC,8075,1,2,,0,0,0,0,75
2021-12-03 06:57:01 UTC,8076,11,13,,0,0,0,0,75
2021-12-03 07:57:01 UTC,8077,24,37,,3.9,0,0,0,75
2021-12-03 08:57:01 UTC,8078,24,69,,0,0,0,0,75
2021-12-03 09:57:01 UTC,8079,33,102,,0,0,0,0,75
2021-12-03 10:57:01 UTC,8080,47,149,,0,0,0,0,75
2021-12-03 11:57:01 UTC,8081,68,217,,3.9,0,0,0,75
2021-12-03 12:57:01 UTC,8082,96,324,,0,0,1,0,75
2021-12-03 13:57:01 UTC,8083,67,391,,0,0,1,0,75
2021-12-03 14:57:01 UTC,8084,66,457,,0,0,1,0,75
2021-12-03 15:57:01 UTC,8085,47,504,,3.9,0,1,0,75
2021-12-03 16:57:01 UTC,8086,43,549,,0,0,1,0,75
2021-12-03 17:57:01 UTC,8087,18,567,,0,0,1,0,75
2021-12-03 18:57:01 UTC,8088,6,573,,0,0,1,0,75
2021-12-03 19:57:01 UTC,8089,2,575,,3.9,0,1,0,75
2021-12-03 20:57:01 UTC,8090,1,576,,0,0,1,0,75
2021-12-03 21:57:01 UTC,8091,1,577,,3.9,0,1,0,75
2021-12-03 22:57:01 UTC,8092,,,577,,,,,
2021-12-03 23:57:01 UTC,8093,0,0,,0,0,0,0,580
2021-12-04 00:57:01 UTC,8094,0,0,,0,0,0,0,580
2021-12-04 01:57:01 UTC,8095,0,0,,0,0,0,0,580
2021-12-04 02:57:01 UTC,8096,1,1,,0,0,0,0,580
2021-12-04 03:57:01 UTC,8097,0,1,,3.9,0,0,0,580
2021-12-04 04:57:01 UTC,8098,0,1,,0,0,0,0,580
2021-12-04 05:57:01 UTC,8099,0,1,,0,0,0,0,580
2021-12-04 06:57:01 UTC,8100,12,13,,0,0,0,0,580
2021-12-04 07:57:01 UTC,8101,41,54,,3.9,0,0,0,580
2021-12-04 08:57:01 UTC,8102,104,170,,0,0,0,0,580
2021-12-04 09:57:01 UTC,8103,175,345,,0,0,0,0,580
2021-12-04 10:57:01 UTC,8104,221,566,,0,0,0,0,580
2021-12-04 11:57:01 UTC,8105,185,751,,3.9,0,0,0,580
2021-12-04 12:57:01 UTC,8106,91,855,,0,0,0,0,580
2021-12-04 13:57:01 UTC,8107,50,905,,0,0,0,0,580
2021-12-04 14:57:01 UTC,8108,44,949,,0,0,0,0,580
2021-12-04 15:57:01 UTC,8109,48,997,,3.9,0,0,0,580
2021-12-04 16:57:01 UTC,8110,4,1002,,0,0,0,0,580
2021-12-04 17:57:01 UTC,8111,1,1003,,0,0,0,0,580
2021-12-04 18:57:01 UTC,8112,3,1006,,0,0,0,0,580
2021-12-04 19:57:01 UTC,8113,0,1006,,3.9,0,0,0,580
2021-12-04 20:57:01 UTC,8114,1,1007,,0,0,0,0,580
2021-12-04 21:57:01 UTC,8115,0,1007,,3.9,0,0,0,580
2021-12-04 22:57:01 UTC,8116,,,1007,,,,,
2021-12-04 23:57:01 UTC,8117,0,0,,0,0,0,0,1007
2021-12-05 00:57:01 UTC,8118,0,0,,0,0,0,0,1007
2021-12-05 01:57:01 UTC,8119,0,0,,0,0,0,0,1007
2021-12-05 02:57:01 UTC,8120,0,0,,0,0,0,0,1007
2021-12-05 03:57:01 UTC,8121,0,0,,3.9,0,0,0,1007
2021-12-05 04:57:01 UTC,8122,0,0,,0,0,0,0,1007
2021-12-05 05:57:01 UTC,8123,1,1,,0,0,0,0,1007
2021-12-05 06:57:01 UTC,8124,11,12,,0,0,0,0,1007
2021-12-05 07:57:01 UTC,8125,52,64,,4,0,0,0,1007
2021-12-05 08:57:01 UTC,8126,107,179,,0,0,0,0,1007
2021-12-05 09:57:01 UTC,8127,128,307,,0,0,0,0,1007
2021-12-05 10:57:01 UTC,8128,121,428,,0,0,0,0,1007
2021-12-05 11:57:01 UTC,8129,145,573,,3.9,0,0,0,1007
2021-12-05 12:57:01 UTC,8130,121,703,,0,0,0,0,1007
2021-12-05 13:57:01 UTC,8131,59,762,,0,0,0,0,1007
2021-12-05 14:57:01 UTC,8132,33,795,,0,0,0,0,1007
2021-12-05 15:57:01 UTC,8133,24,819,,3.9,0,0,0,1007
2021-12-05 16:57:01 UTC,8134,7,829,,0,0,0,0,1007
2021-12-05 17:57:01 UTC,8135,3,832,,0,0,0,0,1007
2021-12-05 18:57:01 UTC,8136,3,835,,0,0,0,0,1007
2021-12-05 19:57:01 UTC,8137,0,835,,3.9,0,0,0,1007
2021-12-05 20:57:01 UTC,8138,0,835,,0,0,0,0,1007
2021-12-05 21:57:01 UTC,8139,1,836,,3.9,0,0,0,1007
2021-12-05 22:57:01 UTC,8140,,,836,,,,,
2021-12-05 23:57:01 UTC,8141,0,0,,0,0,0,0,836
2021-12-06 00:57:01 UTC,8142,0,0,,0,0,0,0,836
2021-12-06 01:57:01 UTC,8143,0,0,,0,0,0,0,836
2021-12-06 02:57:01 UTC,8144,1,1,,0,0,0,0,836
2021-12-06 03:57:01 UTC,8145,0,1,,3.9,0,0,0,836
2021-12-06 04:57:01 UTC,8146,0,1,,0,0,0,0,836
2021-12-06 05:57:01 UTC,8147,2,3,,0,0,0,0,836
2021-12-06 06:57:01 UTC,8148,5,8,,0,0,0,0,836
2021-12-06 07:57:01 UTC,8149,15,23,,3.9,0,0,0,836
2021-12-06 08:57:01 UTC,8150,19,44,,0,0,0,0,836
2021-12-06 09:57:01 UTC,8151,22,66,,0,0,0,0,836
2021-12-06 10:57:01 UTC,8152,16,82,,0,0,0,0,836
2021-12-06 11:57:01 UTC,8153,15,97,,3.9,0,0,0,836
2021-12-06 12:57:01 UTC,8154,27,131,,0,0,0,0,836
2021-12-06 13:57:01 UTC,8155,11,142,,0,0,0,0,836
2021-12-06 14:57:01 UTC,8156,30,172,,0,0,0,0,836
2021-12-06 15:57:01 UTC,8157,28,200,,3.9,0,0,0,836
2021-12-06 16:57:01 UTC,8158,14,217,,0,0,0,0,836
2021-12-06 17:57:01 UTC,8159,3,220,,0,0,0,0,836
2021-12-06 18:57:01 UTC,8160,7,227,,0,0,0,0,836
2021-12-06 19:57:01 UTC,8161,1,228,,3.9,0,0,0,836
2021-12-06 20:57:01 UTC,8162,1,229,,0,0,0,0,836
2021-12-06 21:57:01 UTC,8163,0,229,,3.9,0,0,0,836
2021-12-06 22:57:01 UTC,8164,,,229,,,,,
2021-12-06 23:57:01 UTC,8165,0,0,,0,0,0,0,230
2021-12-07 00:57:01 UTC,8166,0,0,,0,0,0,0,230
2021-12-07 01:57:01 UTC,8167,0,0,,0,0,0,0,230
2021-12-07 02:57:01 UTC,8168,0,0,,0,0,0,0,230
2021-12-07 03:57:01 UTC,8169,0,0,,3.9,0,0,0,230
2021-12-07 04:57:01 UTC,8170,1,1,,0,0,0,0,230
2021-12-07 05:57:01 UTC,8171,10,11,,0,0,0,0,230
2021-12-07 06:57:01 UTC,8172,6,17,,0,0,0,0,230
2021-12-07 07:57:01 UTC,8173,18,35,,3.9,0,0,0,230
2021-12-07 08:57:01 UTC,8174,43,80,,0,0,0,0,230
2021-12-07 09:57:01 UTC,8175,69,149,,0,0,0,0,230
2021-12-07 10:57:01 UTC,8176,97,246,,0,0,0,0,230
2021-12-07 11:57:01 UTC,8177,100,346,,3.9,0,0,0,230
2021-12-07 12:57:01 UTC,8178,92,447,,0,0,0,1,230
2021-12-07 13:57:01 UTC,8179,76,523,,0,0,0,1,230
2021-12-07 14:57:01 UTC,8180,57,580,,0,0,0,1,230
2021-12-07 15:57:01 UTC,8181,54,634,,3.9,0,0,1,230
2021-12-07 16:57:01 UTC,8182,29,670,,0,0,0,1,230
2021-12-07 17:57:01 UTC,8183,14,684,,0,0,0,1,230
2021-12-07 18:57:01 UTC,8184,9,693,,0,0,0,1,230
2021-12-07 19:57:01 UTC,8185,5,698,,3.9,0,0,1,230
2021-12-07 20:57:01 UTC,8186,0,699,,0,0,0,1,230
2021-12-07 21:57:01 UTC,8187,2,701,,3.9,0,0,1,230
2021-12-07 22:57:01 UTC,8188,,,701,,,,,
2021-12-07 23:57:01 UTC,8189,0,0,,0,0,0,0,701
2021-12-08 00:57:01 UTC,8190,0,0,,0,0,0,0,701
2021-12-08 01:57:01 UTC,8191,0,0,,0,0,0,0,701
2021-12-08 02:57:01 UTC,8192,0,0,,0,0,0,0,701
2021-12-08 03:57:01 UTC,8193,1,1,,3.9,0,0,0,701
2021-12-08 04:57:01 UTC,8194,0,1,,0,0,0,0,701
2021-12-08 05:57:01 UTC,8195,2,3,,0,0,0,0,701
2021-12-08 06:57:01 UTC,8196,7,10,,0,0,0,0,701
2021-12-08 07:57:01 UTC,8197,25,35,,3.9,0,0,0,701
2021-12-08 08:57:01 UTC,8198,68,117,,0,0,0,0,701
2021-12-08 09:57:01 UTC,8199,70,187,,0,0,0,0,701
2021-12-08 10:57:01 UTC,8200,76,263,,0,0,0,0,701
2021-12-08 11:57:01 UTC,8201,53,316,,3.9,0,0,0,701
2021-12-08 12:57:01 UTC,8202,10,327,,0,0,0,0,701
2021-12-08 13:57:01 UTC,8203,1,328,,0,0,0,0,701
2021-12-08 14:57:01 UTC,8204,4,332,,0,0,0,0,701
2021-12-08 15:57:01 UTC,8205,1,333,,3.9,0,0,0,701
2021-12-08 16:57:01 UTC,8206,0,333,,0,0,0,0,701
2021-12-08 17:57:01 UTC,8207,2,335,,0,0,0,0,701
2021-12-08 18:57:01 UTC,8208,0,335,,0,0,0,0,701
2021-12-08 19:57:01 UTC,8209,1,336,,3.9,0,0,0,701
2021-12-08 20:57:01 UTC,8210,0,336,,0,0,0,0,701
2021-12-08 21:57:01 UTC,8211,0,336,,3.9,0,0,0,701
2021-12-08 22:57:01 UTC,8212,,,336,,,,,
2021-12-08 23:57:01 UTC,8213,0,0,,0,0,0,0,336
2021-12-09 00:57:01 UTC,8214,0,0,,0,0,0,0,336
2021-12-09 01:57:01 UTC,8215,0,0,,0,0,0,0,336
2021-12-09 02:57:01 UTC,8216,0,0,,0,0,0,0,336
2021-12-09 03:57:01 UTC,8217,0,0,,3.9,0,0,0,336
2021-12-09 04:57:01 UTC,8218,0,0,,0,0,1,0,336
2021-12-09 05:57:01 UTC,8219,1,1,,0,0,1,0,336
2021-12-09 06:57:01 UTC,8220,5,6,,0,0,1,0,336
2021-12-09 07:57:01 UTC,8221,10,16,,3.9,0,1,0,336
2021-12-09 08:57:01 UTC,8222,18,38,,0,0,1,0,336
2021-12-09 09:57:01 UTC,8223,11,49,,0,0,1,0,336
2021-12-09 10:57:01 UTC,8224,14,63,,0,0,1,0,336
2021-12-09 11:57:01 UTC,8225,14,77,,3.9,0,1,0,336
2021-12-09 12:57:01 UTC,8226,25,103,,0,0,1,0,336
2021-12-09 13:57:01 UTC,8227,26,129,,0,0,1,0,336
2021-12-09 14:57:01 UTC,8228,20,149,,0,0,1,0,336
2021-12-09 15:57:01 UTC,8229,20,169,,3.9,0,1,0,336
2021-12-09 16:57:01 UTC,8230,10,182,,0,0,2,0,336
2021-12-09 17:57:01 UTC,8231,3,185,,0,0,2,0,336
2021-12-09 18:57:01 UTC,8232,2,187,,0,0,2,0,336
2021-12-09 19:57:01 UTC,8233,10,197,,3.9,0,2,0,336
2021-12-09 20:57:01 UTC,8234,0,198,,0,0,2,0,336
2021-12-09 21:57:01 UTC,8235,0,198,,3.9,0,2,0,336
2021-12-09 22:57:01 UTC,8236,,,198,,,,,
