created_at,entry_id,field1,field2,field3,field4,field5,field6,field7,field8
2021-11-01 00:57:01 UTC,7302,0,0,,0,0,0,0,710
2021-11-01 01:57:01 UTC,7303,0,0,,0,0,0,0,710
2021-11-01 02:57:01 UTC,7304,0,0,,0,0,0,0,710
2021-11-01 03:57:01 UTC,7305,0,0,,4,0,0,0,710
2021-11-01 04:57:01 UTC,7306,0,0,,0,0,0,0,710
2021-11-01 05:57:01 UTC,7307,1,1,,0,0,0,0,710
2021-11-01 06:57:01 UTC,7308,5,6,,0,0,0,0,710
2021-11-01 07:57:01 UTC,7309,17,23,,3.9,0,0,0,710
2021-11-01 08:57:01 UTC,7310,41,66,,0,0,0,0,710
2021-11-01 09:57:01 UTC,7311,27,93,,0,0,0,0,710
2021-11-01 10:57:01 UTC,7312,27,120,,0,0,0,0,710
2021-11-01 11:57:01 UTC,7313,17,137,,3.9,0,0,0,710
2021-11-01 12:57:01 UTC,7314,7,144,,0,0,0,0,710
2021-11-01 13:57:01 UTC,7315,7,151,,0,0,0,0,710
2021-11-01 14:57:01 UTC,7316,9,160,,0,0,0,0,710
2021-11-01 15:57:01 UTC,7317,7,167,,4,0,0,0,710
2021-11-01 16:57:01 UTC,7318,1,168,,0,0,0,0,710
2021-11-01 17:57:01 UTC,7319,0,168,,0,0,0,0,710
2021-11-01 18:57:01 UTC,7320,4,172,,0,0,0,0,710
2021-11-01 19:57:01 UTC,7321,0,172,,4,0,0,0,710
2021-11-01 20:57:01 UTC,7322,0,172,,0,0,0,0,710
2021-11-01 21:57:01 UTC,7323,0,172,,4,0,0,0,710
2021-11-01 22:57:01 UTC,7324,,,172,,,,,
2021-11-01 23:57:01 UTC,7325,0,0,,0,0,0,0,172
2021-11-02 00:57:01 UTC,7326,0,0,,0,0,0,0,172
2021-11-02 01:57:01 UTC,7327,1,1,,0,0,0,0,172
2021-11-02 02:57:01 UTC,7328,0,1,,0,0,0,0,172
2021-11-02 03:57:01 UTC,7329,0,1,,3.9,0,0,0,172
2021-11-02 04:57:01 UTC,7330,1,2,,0,0,0,0,172
2021-11-02 05:57:01 UTC,7331,9,11,,0,0,0,0,172
2021-11-02 06:57:01 UTC,7332,10,21,,0,0,0,0,172
2021-11-02 07:57:01 UTC,7333,18,39,,4,0,0,0,172
2021-11-02 08:57:01 UTC,7334,39,84,,0,0,0,0,172
2021-11-02 09:57:01 UTC,7335,87,171,,0,0,0,0,172
2021-11-02 10:57:01 UTC,7336,122,293,,0,0,0,0,172
2021-11-02 11:57:01 UTC,7337,91,384,,3.9,0,0,0,172
2021-11-02 12:57:01 UTC,7338,115,503,,0,0,0,0,172
2021-11-02 13:57:01 UTC,7339,89,592,,0,0,0,0,172
2021-11-02 14:57:01 UTC,7340,72,664,,0,0,0,0,172
2021-11-02 15:57:01 UTC,7341,63,727,,3.9,0,0,0,172
2021-11-02 16:57:01 UTC,7342,46,778,,0,0,0,0,172
2021-11-02 17:57:01 UTC,7343,24,802,,0,0,0,0,172
2021-11-02 18:57:01 UTC,7344,9,811,,0,0,0,0,172
2021-11-02 19:57:01 UTC,7345,2,813,,3.9,0,0,0,172
2021-11-02 20:57:01 UTC,7346,3,816,,0,0,0,0,172
2021-11-02 21:57:01 UTC,7347,1,817,,3.9,0,0,0,172
2021-11-02 22:57:01 UTC,7348,,,817,,,,,
2021-11-02 23:57:01 UTC,7349,0,0,,0,0,0,0,817
2021-11-03 00:57:01 UTC,7350,0,0,,0,0,0,0,817
2021-11-03 01:57:01 UTC,7351,0,0,,0,0,0,0,817
2021-11-03 02:57:01 UTC,7352,0,0,,0,0,0,0,817
2021-11-03 03:57:01 UTC,7353,0,0,,3.9,0,0,0,817
2021-11-03 04:57:01 UTC,7354,0,0,,0,0,0,0,817
2021-11-03 05:57:01 UTC,7355,3,3,,0,0,0,0,817
2021-11-03 06:57:01 UTC,7356,12,15,,0,0,0,0,817
2021-11-03 07:57:01 UTC,7357,12,27,,3.9,0,0,0,817
2021-11-03 08:57:01 UTC,7358,6,34,,0,0,0,0,817
2021-11-03 09:57:01 UTC,7359,4,38,,0,0,0,0,817
2021-11-03 10:57:01 UTC,7360,1,39,,0,0,0,0,817
2021-11-03 11:57:01 UTC,7361,5,44,,4,0,0,0,817
2021-11-03 12:57:01 UTC,7362,5,49,,0,0,0,0,817
2021-11-03 13:57:01 UTC,7363,0,49,,0,0,0,0,817
2021-11-03 14:57:01 UTC,7364,2,51,,0,0,0,0,817
2021-11-03 15:57:01 UTC,7365,3,54,,3.9,0,0,0,817
2021-11-03 16:57:01 UTC,7366,3,57,,0,0,0,0,817
2021-11-03 17:57:01 UTC,7367,7,64,,0,0,0,0,817
2021-11-03 18:57:01 UTC,7368,4,68,,0,0,0,0,817
2021-11-03 19:57:01 UTC,7369,0,68,,4,0,0,0,817
2021-11-03 20:57:01 UTC,7370,0,68,,0,0,0,0,817
2021-11-03 21:57:01 UTC,7371,0,68,,4,0,0,0,817
2021-11-03 22:57:01 UTC,7372,,,68,,,,,
2021-11-03 23:57:01 UTC,7373,0,0,,0,0,0,0,68
2021-11-04 00:57:01 UTC,7374,0,0,,0,0,0,0,68
2021-11-04 01:57:01 UTC,7375,0,0,,0,0,0,0,68
2021-11-04 02:57:01 UTC,7376,0,0,,0,0,0,0,68
2021-11-04 03:57:01 UTC,7377,0,0,,3.9,0,0,0,68
2021-11-04 04:57:01 UTC,7378,1,1,,0,0,0,0,68
2021-11-04 05:57:01 UTC,7379,10,11,,0,0,0,0,68
2021-11-04 06:57:01 UTC,7380,10,21,,0,0,0,0,68
2021-11-04 07:57:01 UTC,7381,21,42,,4,0,0,0,68
2021-11-04 08:57:01 UTC,7382,27,69,,0,0,0,0,68
2021-11-04 09:57:01 UTC,7383,36,105,,0,0,0,0,68
2021-11-04 10:57:01 UTC,7384,24,129,,0,0,0,0,68
2021-11-04 11:57:01 UTC,7385,13,142,,4,0,0,0,68
2021-11-04 12:57:01 UTC,7386,39,188,,0,0,0,0,68
2021-11-04 13:57:01 UTC,7387,47,235,,0,0,0,0,68
2021-11-04 14:57:01 UTC,7388,43,278,,0,0,0,0,68
2021-11-04 15:57:01 UTC,7389,41,319,,4,0,0,0,68
2021-11-04 16:57:01 UTC,7390,38,358,,0,0,0,0,68
2021-11-04 17:57:01 UTC,7391,20,378,,0,0,0,0,68
2021-11-04 18:57:01 UTC,7392,13,391,,0,0,0,0,68
2021-11-04 19:57:01 UTC,7393,4,395,,4,0,0,0,68
2021-11-04 20:57:01 UTC,7394,1,396,,0,0,0,0,68
2021-11-04 21:57:01 UTC,7395,1,397,,3.9,0,0,0,68
2021-11-04 22:57:01 UTC,7396,,,397,,,,,
2021-11-04 23:57:01 UTC,7397,0,0,,0,0,0,0,399
2021-11-05 00:57:01 UTC,7398,0,0,,0,0,0,0,399
2021-11-05 01:57:01 UTC,7399,1,1,,0,0,0,0,399
2021-11-05 02:57:01 UTC,7400,0,1,,0,0,0,0,399
2021-11-05 03:57:01 UTC,7401,0,1,,3.9,0,0,0,399
2021-11-05 04:57:01 UTC,7402,0,1,,0,0,1,0,399
2021-11-05 05:57:01 UTC,7403,5,6,,0,0,1,0,399
2021-11-05 06:57:01 UTC,7404,14,20,,0,0,1,0,399
2021-11-05 07:57:01 UTC,7405,32,52,,3.9,0,1,0,399
2021-11-05 08:57:01 UTC,7406,23,80,,0,0,1,0,399
2021-11-05 09:57:01 UTC,7407,39,119,,0,0,1,0,399
2021-11-05 10:57:01 UTC,7408,57,176,,0,0,1,0,399
2021-11-05 11:57:01 UTC,7409,36,212,,4,0,1,0,399
2021-11-05 12:57:01 UTC,7410,29,242,,0,0,1,0,399
2021-11-05 13:57:01 UTC,7411,25,267,,0,0,1,0,399
2021-11-05 14:57:01 UTC,7412,22,289,,0,0,1,0,399
2021-11-05 15:57:01 UTC,7413,28,317,,3.9,0,1,0,399
2021-11-05 16:57:01 UTC,7414,24,344,,0,0,1,0,399
2021-11-05 17:57:01 UTC,7415,27,371,,0,0,1,0,399
2021-11-05 18:57:01 UTC,7416,14,385,,0,0,1,0,399
2021-11-05 19:57:01 UTC,7417,3,388,,3.9,0,1,0,399
2021-11-05 20:57:01 UTC,7418,0,388,,0,0,1,0,399
2021-11-05 21:57:01 UTC,7419,0,388,,3.9,0,1,0,399
2021-11-05 22:57:01 UTC,7420,,,388,,,,,
2021-11-05 23:57:01 UTC,7421,0,0,,0,0,0,0,388
2021-11-06 00:57:01 UTC,7422,0,0,,0,0,0,0,388
2021-11-06 01:57:01 UTC,7423,0,0,,0,0,0,0,388
2021-11-06 02:57:01 UTC,7424,0,0,,0,0,0,0,388
2021-11-06 03:57:01 UTC,7425,0,0,,3.9,0,0,0,388
2021-11-06 04:57:01 UTC,7426,0,0,,0,0,0,0,388
2021-11-06 05:57:01 UTC,7427,3,3,,0,0,0,0,388
2021-11-06 06:57:01 UTC,7428,20,23,,0,0,0,0,388
2021-11-06 07:57:01 UTC,7429,38,61,,3.9,0,0,0,388
2021-11-06 08:57:01 UTC,7430,70,141,,0,0,0,0,388
2021-11-06 09:57:01 UTC,7431,87,228,,0,0,0,0,388
2021-11-06 10:57:01 UTC,7432,92,320,,0,0,0,0,388
2021-11-06 11:57:01 UTC,7433,94,414,,3.9,0,0,0,388
2021-11-06 12:57:01 UTC,7434,71,491,,0,0,0,0,388
2021-11-06 13:57:01 UTC,7435,51,542,,0,0,0,0,388
2021-11-06 14:57:01 UTC,7436,24,566,,0,0,0,0,388
2021-11-06 15:57:01 UTC,7437,15,581,,3.9,0,0,0,388
2021-11-06 16:57:01 UTC,7438,7,588,,0,0,0,0,388
2021-11-06 17:57:01 UTC,7439,0,588,,0,0,0,0,388
2021-11-06 18:57:01 UTC,7440,2,590,,0,0,0,0,388
2021-11-06 19:57:01 UTC,7441,0,590,,3.9,0,0,0,388
2021-11-06 20:57:01 UTC,7442,0,590,,0,0,0,0,388
2021-11-06 21:57:01 UTC,7443,0,590,,3.9,0,0,0,388
2021-11-06 22:57:01 UTC,7444,,,590,,,,,
2021-11-06 23:57:01 UTC,7445,0,0,,0,0,0,0,590
2021-11-07 00:57:01 UTC,7446,0,0,,0,0,0,0,590
2021-11-07 01:57:01 UTC,7447,0,0,,0,0,0,0,590
2021-11-07 02:57:01 UTC,7448,0,0,,0,0,0,0,590
2021-11-07 03:57:01 UTC,7449,0,0,,3.9,0,0,0,590
2021-11-07 04:57:01 UTC,7450,0,0,,0,0,0,0,590
2021-11-07 05:57:01 UTC,7451,3,3,,0,0,0,0,590
2021-11-07 06:57:01 UTC,7452,16,19,,0,0,0,0,590
2021-11-07 07:57:01 UTC,7453,69,88,,3.9,0,0,0,590
2021-11-07 08:57:01 UTC,7454,136,237,,0,0,0,0,590
2021-11-07 09:57:01 UTC,7455,131,368,,0,0,0,0,590
2021-11-07 10:57:01 UTC,7456,165,533,,0,0,0,0,590
2021-11-07 11:57:01 UTC,7457,192,725,,4,0,0,0,590
2021-11-07 12:57:01 UTC,7458,162,895,,0,0,1,0,590
2021-11-07 13:57:01 UTC,7459,124,1019,,0,0,1,0,590
2021-11-07 14:57:01 UTC,7460,71,1090,,0,0,1,0,590
2021-11-07 15:57:01 UTC,7461,46,1136,,4,0,1,0,590
2021-11-07 16:57:01 UTC,7462,22,1158,,0,0,1,0,590
2021-11-07 17:57:01 UTC,7463,6,1164,,0,0,1,0,590
2021-11-07 18:57:01 UTC,7464,4,1168,,0,0,1,0,590
2021-11-07 19:57:01 UTC,7465,2,1170,,3.9,0,1,0,590
2021-11-07 20:57:01 UTC,7466,1,1171,,0,0,1,0,590
2021-11-07 21:57:01 UTC,7467,0,1171,,3.9,0,1,0,590
2021-11-07 22:57:01 UTC,7468,,,1171,,,,,
2021-11-07 23:57:01 UTC,7469,0,0,,0,0,0,0,1171
2021-11-08 00:57:01 UTC,7470,0,0,,0,0,0,0,1171
2021-11-08 01:57:01 UTC,7471,1,1,,0,0,0,0,1171
2021-11-08 02:57:01 UTC,7472,0,1,,0,0,0,0,1171
2021-11-08 03:57:01 UTC,7473,0,1,,3.9,0,0,0,1171
2021-11-08 04:57:01 UTC,7474,0,1,,0,0,0,0,1171
2021-11-08 05:57:01 UTC,7475,4,5,,0,0,0,0,1171
2021-11-08 06:57:01 UTC,7476,9,14,,0,0,0,0,1171
2021-11-08 07:57:01 UTC,7477,21,35,,3.9,0,0,0,1171
2021-11-08 08:57:01 UTC,7478,26,63,,0,0,0,0,1171
2021-11-08 09:57:01 UTC,7479,54,117,,0,0,0,0,1171
2021-11-08 10:57:01 UTC,7480,51,168,,0,0,0,0,1171
2021-11-08 11:57:01 UTC,7481,38,206,,3.9,0,0,0,1171
2021-11-08 12:57:01 UTC,7482,5,211,,0,0,0,0,1171
2021-11-08 13:57:01 UTC,7483,6,217,,0,0,0,0,1171
2021-11-08 14:57:01 UTC,7484,1,218,,0,0,0,0,1171
2021-11-08 15:57:01 UTC,7485,3,221,,3.9,0,0,0,1171
2021-11-08 16:57:01 UTC,7486,12,235,,0,0,0,0,1171
2021-11-08 17:57:01 UTC,7487,2,237,,0,0,0,0,1171
2021-11-08 18:57:01 UTC,7488,4,241,,0,0,0,0,1171
2021-11-08 19:57:01 UTC,7489,4,245,,3.9,0,0,0,1171
2021-11-08 20:57:01 UTC,7490,0,246,,0,0,0,0,1171
2021-11-08 21:57:01 UTC,7491,0,246,,3.9,0,0,0,1171
2021-11-08 22:57:01 UTC,7492,,,246,,,,,
2021-11-08 23:57:01 UTC,7493,1,1,,0,0,0,0,246
2021-11-09 00:57:01 UTC,7494,0,1,,0,0,0,0,246
2021-11-09 01:57:01 UTC,7495,0,1,,0,0,0,0,246
2021-11-09 02:57:01 UTC,7496,0,1,,0,0,0,0,246
2021-11-09 03:57:01 UTC,7497,0,1,,3.9,0,0,0,246
2021-11-09 04:57:01 UTC,7498,1,2,,0,0,0,0,246
2021-11-09 05:57:01 UTC,7499,3,5,,0,0,0,0,246
2021-11-09 06:57:01 UTC,7500,18,23,,0,0,0,0,246
2021-11-09 07:57:01 UTC,7501,18,41,,3.9,0,0,0,246
2021-11-09 08:57:01 UTC,7502,16,60,,0,0,0,0,246
2021-11-09 09:57:01 UTC,7503,19,79,,0,0,0,0,246
2021-11-09 10:57:01 UTC,7504,21,100,,0,0,0,0,246
2021-11-09 11:57:01 UTC,7505,19,119,,4,0,0,0,246
2021-11-09 12:57:01 UTC,7506,24,145,,0,0,0,0,246
2021-11-09 13:57:01 UTC,7507,20,165,,0,0,0,0,246
2021-11-09 14:57:01 UTC,7508,23,188,,0,0,0,0,246
2021-11-09 15:57:01 UTC,7509,27,215,,3.9,0,0,0,246
2021-11-09 16:57:01 UTC,7510,36,252,,0,0,0,0,246
2021-11-09 17:57:01 UTC,7511,21,273,,0,0,0,0,246
2021-11-09 18:57:01 UTC,7512,11,284,,0,0,0,0,246
2021-11-09 19:57:01 UTC,7513,2,286,,3.9,0,0,0,246
2021-11-09 20:57:01 UTC,7514,0,286,,0,0,0,0,246
2021-11-09 21:57:01 UTC,7515,1,287,,3.9,0,0,0,246
2021-11-09 22:57:01 UTC,7516,,,287,,,,,
2021-11-09 23:57:01 UTC,7517,0,0,,0,0,0,0,287
2021-11-10 00:57:01 UTC,7518,0,0,,0,0,0,0,287
2021-11-10 01:57:01 UTC,7519,0,0,,0,0,0,0,287
2021-11-10 02:57:01 UTC,7520,0,0,,0,0,0,0,287
2021-11-10 03:57:01 UTC,7521,0,0,,3.9,0,0,0,287
2021-11-10 04:57:01 UTC,7522,0,0,,0,0,0,0,287
2021-11-10 05:57:01 UTC,7523,10,10,,0,0,0,0,287
2021-11-10 06:57:01 UTC,7524,22,32,,0,0,0,0,287
2021-11-10 07:57:01 UTC,7525,29,61,,4,0,0,0,287
2021-11-10 08:57:01 UTC,7526,35,98,,0,0,0,0,287
2021-11-10 09:57:01 UTC,7527,43,141,,0,0,0,0,287
2021-11-10 10:57:01 UTC,7528,72,213,,0,0,0,0,287
2021-11-10 11:57:01 UTC,7529,88,301,,3.9,0,0,0,287
2021-11-10 12:57:01 UTC,7530,49,351,,0,0,0,0,287
2021-11-10 13:57:01 UTC,7531,30,381,,0,0,0,0,287
2021-11-10 14:57:01 UTC,7532,23,404,,0,0,0,0,287
2021-11-10 15:57:01 UTC,7533,30,434,,3.9,0,0,0,287
2021-11-10 16:57:01 UTC,7534,4,438,,0,0,0,0,287
2021-11-10 17:57:01 UTC,7535,0,438,,0,0,0,0,287
2021-11-10 18:57:01 UTC,7536,2,440,,0,0,0,0,287
2021-11-10 19:57:01 UTC,7537,5,445,,4,0,0,0,287
2021-11-10 20:57:01 UTC,7538,0,445,,0,0,0,0,287
2021-11-10 21:57:01 UTC,7539,0,445,,3.9,0,0,0,287
2021-11-10 22:57:01 UTC,7540,,,445,,,,,
