created_at,entry_id,field1,field2,field3,field4,field5,field6,field7,field8
2021-06-01 00:57:01 UTC,4071,0,0,,0,0,0,0,2394
2021-06-01 01:57:01 UTC,4072,0,0,,0,0,0,0,2394
2021-06-01 02:57:01 UTC,4073,0,0,,0,0,0,0,2394
2021-06-01 03:57:01 UTC,4074,2,2,,0,0,0,0,2394
2021-06-01 04:57:01 UTC,4075,33,35,,0,0,0,0,2394
2021-06-01 05:57:01 UTC,4076,199,234,,0,0,0,0,2394
2021-06-01 06:57:01 UTC,4077,199,433,,0,0,0,0,2394
2021-06-01 07:57:01 UTC,4078,233,666,,0,0,0,0,2394
2021-06-01 08:57:01 UTC,4079,358,1024,,0,0,0,0,2394
2021-06-01 09:57:01 UTC,4080,242,1266,,0,0,0,0,2394
2021-06-01 10:57:01 UTC,4081,128,1394,,0,0,0,0,2394
2021-06-01 11:57:01 UTC,4082,129,1523,,0,0,0,0,2394
2021-06-01 12:57:01 UTC,4083,116,1639,,0,0,0,0,2394
2021-06-01 13:57:01 UTC,4084,82,1721,,0,0,0,0,2394
2021-06-01 14:57:01 UTC,4085,101,1822,,0,0,0,0,2394
2021-06-01 15:57:01 UTC,4086,117,1939,,0,0,0,0,2394
2021-06-01 16:57:01 UTC,4087,198,2137,,0,0,0,0,2394
2021-06-01 17:57:01 UTC,4088,149,2286,,0,0,0,0,2394
2021-06-01 18:57:01 UTC,4089,31,2317,,0,0,0,0,2394
2021-06-01 19:57:01 UTC,4090,6,2323,,0,0,0,0,2394
2021-06-01 20:57:01 UTC,4091,3,2326,,0,0,0,0,2394
2021-06-01 21:57:01 UTC,4092,,,2326,,,,,
2021-06-01 22:57:01 UTC,4093,0,0,,0,0,0,0,2327
2021-06-01 23:57:01 UTC,4094,0,0,,0,0,0,0,2327
2021-06-02 00:57:01 UTC,4095,0,0,,0,0,0,0,2327
2021-06-02 01:57:01 UTC,4096,0,0,,0,0,0,0,2327
2021-06-02 02:57:01 UTC,4097,0,0,,0,0,0,0,2327
2021-06-02 03:57:01 UTC,4098,0,0,,0,0,0,0,2327
2021-06-02 04:57:01 UTC,4099,16,16,,0,0,0,0,2327
2021-06-02 05:57:01 UTC,4100,63,79,,0,0,0,0,2327
2021-06-02 06:57:01 UTC,4101,170,249,,0,0,0,0,2327
2021-06-02 07:57:01 UTC,4102,295,544,,0,0,0,0,2327
2021-06-02 08:57:01 UTC,4103,360,904,,0,0,0,0,2327
2021-06-02 09:57:01 UTC,4104,394,1298,,0,0,0,0,2327
2021-06-02 10:57:01 UTC,4105,331,1629,,0,0,0,0,2327
2021-06-02 11:57:01 UTC,4106,228,1857,,0,0,0,0,2327
2021-06-02 12:57:01 UTC,4107,175,2032,,0,0,0,0,2327
2021-06-02 13:57:01 UTC,4108,146,2178,,0,0,0,0,2327
2021-06-02 14:57:01 UTC,4109,149,2327,,0,0,0,0,2327
2021-06-02 15:57:01 UTC,4110,194,2521,,0,0,0,0,2327
2021-06-02 16:57:01 UTC,4111,172,2693,,0,0,0,0,2327
2021-06-02 17:57:01 UTC,4112,95,2788,,0,0,0,0,2327
2021-06-02 18:57:01 UTC,4113,29,2817,,0,0,0,0,2327
2021-06-02 19:57:01 UTC,4114,3,2820,,0,0,0,0,2327
2021-06-02 20:57:01 UTC,4115,2,2822,,0,0,0,0,2327
2021-06-02 21:57:01 UTC,4116,,,2822,,,,,
2021-06-02 22:57:01 UTC,4117,0,0,,0,0,0,0,2823
2021-06-02 23:57:01 UTC,4118,0,0,,0,0,0,0,2823
2021-06-03 00:57:01 UTC,4119,0,0,,0,0,0,0,2823
2021-06-03 01:57:01 UTC,4120,0,0,,0,0,0,0,2823
2021-06-03 02:57:01 UTC,4121,0,0,,0,0,0,0,2823
2021-06-03 03:57:01 UTC,4122,12,12,,0,0,0,0,2823
2021-06-03 04:57:01 UTC,4123,24,36,,0,0,0,0,2823
2021-06-03 05:57:01 UTC,4124,172,208,,0,0,0,0,2823
2021-06-03 06:57:01 UTC,4125,88,296,,0,0,0,0,2823
2021-06-03 07:57:01 UTC,4126,136,432,,0,0,0,0,2823
2021-06-03 08:57:01 UTC,4127,323,755,,0,0,0,0,2823
2021-06-03 09:57:01 UTC,4128,353,1108,,0,0,0,0,2823
2021-06-03 10:57:01 UTC,4129,92,1200,,0,0,0,0,2823
2021-06-03 11:57:01 UTC,4130,103,1303,,0,0,0,0,2823
2021-06-03 12:57:01 UTC,4131,79,1382,,0,0,0,0,2823
2021-06-03 13:57:01 UTC,4132,75,1457,,0,0,0,0,2823
2021-06-03 14:57:01 UTC,4133,99,1556,,0,0,0,0,2823
2021-06-03 15:57:01 UTC,4134,115,1671,,0,0,0,0,2823
2021-06-03 16:57:01 UTC,4135,184,1855,,0,0,0,0,2823
2021-06-03 17:57:01 UTC,4136,154,2009,,0,0,0,0,2823
2021-06-03 18:57:01 UTC,4137,57,2066,,0,0,0,0,2823
2021-06-03 19:57:01 UTC,4138,21,2087,,0,0,0,0,2823
2021-06-03 20:57:01 UTC,4139,5,2092,,0,0,0,0,2823
2021-06-03 21:57:01 UTC,4140,,,2092,,,,,
2021-06-03 22:57:01 UTC,4141,0,0,,0,0,0,0,2094
2021-06-03 23:57:01 UTC,4142,0,0,,0,0,0,0,2094
2021-06-04 00:57:01 UTC,4143,0,0,,0,0,0,0,2094
2021-06-04 01:57:01 UTC,4144,0,0,,0,0,0,0,2094
2021-06-04 02:57:01 UTC,4145,0,0,,0,0,0,0,2094
2021-06-04 03:57:01 UTC,4146,3,3,,0,0,0,0,2094
2021-06-04 04:57:01 UTC,4147,20,23,,0,0,0,0,2094
2021-06-04 05:57:01 UTC,4148,155,178,,0,0,0,0,2094
2021-06-04 06:57:01 UTC,4149,222,400,,0,0,0,0,2094
2021-06-04 07:57:01 UTC,4150,273,673,,0,0,0,0,2094
2021-06-04 08:57:01 UTC,4151,387,1060,,0,0,0,0,2094
2021-06-04 09:57:01 UTC,4152,238,1298,,0,0,0,0,2094
2021-06-04 10:57:01 UTC,4153,98,1396,,0,0,0,0,2094
2021-06-04 11:57:01 UTC,4154,119,1515,,0,0,0,0,2094
2021-06-04 12:57:01 UTC,4155,92,1607,,0,0,0,0,2094
2021-06-04 13:57:01 UTC,4156,110,1717,,0,0,0,0,2094
2021-06-04 14:57:01 UTC,4157,94,1811,,0,0,0,0,2094
2021-06-04 15:57:01 UTC,4158,129,1940,,0,0,0,0,2094
2021-06-04 16:57:01 UTC,4159,166,2106,,0,0,0,0,2094
2021-06-04 17:57:01 UTC,4160,145,2251,,0,0,0,0,2094
2021-06-04 18:57:01 UTC,4161,58,2309,,0,0,0,0,2094
2021-06-04 19:57:01 UTC,4162,6,2315,,0,0,0,0,2094
2021-06-04 20:57:01 UTC,4163,1,2316,,0,0,0,0,2094
2021-06-04 21:57:01 UTC,4164,,,2316,,,,,
2021-06-04 22:57:01 UTC,4165,0,0,,0,0,0,0,2316
2021-06-04 23:57:01 UTC,4166,0,0,,0,0,0,0,2316
2021-06-05 00:57:01 UTC,4167,0,0,,0,0,0,0,2316
2021-06-05 01:57:01 UTC,4168,0,0,,0,0,0,0,2316
2021-06-05 02:57:01 UTC,4169,0,0,,0,0,0,0,2316
2021-06-05 03:57:01 UTC,4170,2,2,,0,0,0,0,2316
2021-06-05 04:57:01 UTC,4171,22,24,,0,0,0,0,2316
2021-06-05 05:57:01 UTC,4172,34,58,,0,0,0,0,2316
2021-06-05 06:57:01 UTC,4173,100,158,,0,0,0,0,2316
2021-06-05 07:57:01 UTC,4174,147,305,,0,0,0,0,2316
2021-06-05 08:57:01 UTC,4175,193,498,,0,0,0,0,2316
2021-06-05 09:57:01 UTC,4176,229,727,,0,0,0,0,2316
2021-06-05 10:57:01 UTC,4177,163,890,,0,0,0,0,2316
2021-06-05 11:57:01 UTC,4178,115,1005,,0,0,0,0,2316
2021-06-05 12:57:01 UTC,4179,62,1067,,0,0,0,0,2316
2021-06-05 13:57:01 UTC,4180,106,1173,,0,0,0,0,2316
2021-06-05 14:57:01 UTC,4181,142,1315,,0,0,0,0,2316
2021-06-05 15:57:01 UTC,4182,136,1451,,0,0,1,0,2316
2021-06-05 16:57:01 UTC,4183,124,1575,,0,0,1,0,2316
2021-06-05 17:57:01 UTC,4184,77,1652,,0,0,1,0,2316
2021-06-05 18:57:01 UTC,4185,24,1676,,0,0,1,0,2316
2021-06-05 19:57:01 UTC,4186,1,1677,,0,0,1,0,2316
2021-06-05 20:57:01 UTC,4187,3,1680,,0,0,1,0,2316
2021-06-05 21:57:01 UTC,4188,,,1680,,,,,
2021-06-05 22:57:01 UTC,4189,1,1,,0,0,0,0,1681
2021-06-05 23:57:01 UTC,4190,0,1,,0,0,0,0,1681
2021-06-06 00:57:01 UTC,4191,0,1,,0,0,0,0,1681
2021-06-06 01:57:01 UTC,4192,0,1,,0,0,0,0,1681
2021-06-06 02:57:01 UTC,4193,0,1,,0,0,0,0,1681
2021-06-06 03:57:01 UTC,4194,1,2,,0,0,0,0,1681
2021-06-06 04:57:01 UTC,4195,10,12,,0,0,0,0,1681
2021-06-06 05:57:01 UTC,4196,56,68,,0,0,0,0,1681
2021-06-06 06:57:01 UTC,4197,114,182,,0,0,0,0,1681
2021-06-06 07:57:01 UTC,4198,185,367,,0,0,0,0,1681
2021-06-06 08:57:01 UTC,4199,301,668,,0,0,0,0,1681
2021-06-06 09:57:01 UTC,4200,314,982,,0,0,0,0,1681
2021-06-06 10:57:01 UTC,4201,218,1200,,0,0,0,0,1681
2021-06-06 11:57:01 UTC,4202,141,1341,,0,0,0,0,1681
2021-06-06 12:57:01 UTC,4203,137,1478,,0,0,0,0,1681
2021-06-06 13:57:01 UTC,4204,129,1607,,0,0,0,0,1681
2021-06-06 14:57:01 UTC,4205,132,1739,,0,0,0,0,1681
2021-06-06 15:57:01 UTC,4206,105,1844,,0,0,0,0,1681
2021-06-06 16:57:01 UTC,4207,41,1885,,0,0,0,0,1681
2021-06-06 17:57:01 UTC,4208,9,1894,,0,0,0,0,1681
2021-06-06 18:57:01 UTC,4209,11,1905,,0,0,0,0,1681
2021-06-06 19:57:01 UTC,4210,3,1908,,0,0,0,0,1681
2021-06-06 20:57:01 UTC,4211,0,1908,,0,0,0,0,1681
2021-06-06 21:57:01 UTC,4212,,,1908,,,,,
2021-06-06 22:57:01 UTC,4213,0,0,,0,0,0,0,1908
2021-06-06 23:57:01 UTC,4214,0,0,,0,0,0,0,1908
2021-06-07 00:57:01 UTC,4215,0,0,,0,0,0,0,1908
2021-06-07 01:57:01 UTC,4216,0,0,,0,0,0,0,1908
2021-06-07 02:57:01 UTC,4217,0,0,,0,0,0,0,1908
2021-06-07 03:57:01 UTC,4218,1,1,,0,0,0,0,1908
2021-06-07 04:57:01 UTC,4219,16,17,,0,0,0,0,1908
2021-06-07 05:57:01 UTC,4220,50,67,,0,0,0,0,1908
2021-06-07 06:57:01 UTC,4221,431,498,,0,0,0,0,1908
2021-06-07 07:57:01 UTC,4222,303,801,,0,0,0,0,1908
2021-06-07 08:57:01 UTC,4223,123,924,,0,0,0,0,1908
2021-06-07 09:57:01 UTC,4224,138,1062,,0,0,0,0,1908
2021-06-07 10:57:01 UTC,4225,112,1174,,0,0,0,0,1908
2021-06-07 11:57:01 UTC,4226,91,1265,,0,0,0,0,1908
2021-06-07 12:57:01 UTC,4227,62,1327,,0,0,0,0,1908
2021-06-07 13:57:01 UTC,4228,66,1393,,0,0,0,0,1908
2021-06-07 14:57:01 UTC,4229,87,1480,,0,0,0,0,1908
2021-06-07 15:57:01 UTC,4230,117,1597,,0,0,0,0,1908
2021-06-07 16:57:01 UTC,4231,167,1764,,0,0,0,0,1908
2021-06-07 17:57:01 UTC,4232,167,1931,,0,0,0,0,1908
2021-06-07 18:57:01 UTC,4233,47,1978,,0,0,0,0,1908
2021-06-07 19:57:01 UTC,4234,10,1988,,0,0,0,0,1908
2021-06-07 20:57:01 UTC,4235,3,1991,,0,0,0,0,1908
2021-06-07 21:57:01 UTC,4236,,,1991,,,,,
2021-06-07 22:57:01 UTC,4237,0,0,,0,0,0,0,1992
2021-06-07 23:57:01 UTC,4238,0,0,,0,0,0,0,1992
2021-06-08 00:57:01 UTC,4239,0,0,,0,0,0,0,1992
2021-06-08 01:57:01 UTC,4240,0,0,,0,0,0,0,1992
2021-06-08 02:57:01 UTC,4241,1,1,,0,0,0,0,1992
2021-06-08 03:57:01 UTC,4242,0,1,,0,0,0,0,1992
2021-06-08 04:57:01 UTC,4243,26,27,,0,0,0,0,1992
2021-06-08 05:57:01 UTC,4244,44,71,,0,0,0,0,1992
2021-06-08 06:57:01 UTC,4245,66,137,,0,0,0,0,1992
2021-06-08 07:57:01 UTC,4246,143,280,,0,0,0,0,1992
2021-06-08 08:57:01 UTC,4247,151,431,,0,0,0,0,1992
2021-06-08 09:57:01 UTC,4248,127,558,,0,0,0,0,1992
2021-06-08 10:57:01 UTC,4249,66,624,,0,0,0,0,1992
2021-06-08 11:57:01 UTC,4250,5,629,,0,0,0,0,1992
2021-06-08 12:57:01 UTC,4251,2,631,,0,0,0,0,1992
2021-06-08 13:57:01 UTC,4252,7,638,,0,0,0,0,1992
2021-06-08 14:57:01 UTC,4253,4,642,,0,0,0,0,1992
2021-06-08 15:57:01 UTC,4254,8,650,,0,0,0,0,1992
2021-06-08 16:57:01 UTC,4255,18,668,,0,0,0,0,1992
2021-06-08 17:57:01 UTC,4256,20,688,,0,0,0,0,1992
2021-06-08 18:57:01 UTC,4257,20,708,,0,0,0,0,1992
2021-06-08 19:57:01 UTC,4258,2,710,,0,0,0,0,1992
2021-06-08 20:57:01 UTC,4259,1,711,,0,0,0,0,1992
2021-06-08 21:57:01 UTC,4260,,,711,,,,,
2021-06-08 22:57:01 UTC,4261,0,0,,0,0,0,0,712
2021-06-08 23:57:01 UTC,4262,0,0,,0,0,0,0,712
2021-06-09 00:57:01 UTC,4263,0,0,,0,0,0,0,712
2021-06-09 01:57:01 UTC,4264,0,0,,0,0,0,0,712
2021-06-09 02:57:01 UTC,4265,0,0,,0,0,0,0,712
2021-06-09 03:57:01 UTC,4266,0,0,,0,0,0,0,712
2021-06-09 04:57:01 UTC,4267,8,8,,0,0,0,0,712
2021-06-09 05:57:01 UTC,4268,39,47,,0,0,0,0,712
2021-06-09 06:57:01 UTC,4269,88,135,,0,0,0,0,712
2021-06-09 07:57:01 UTC,4270,103,238,,0,0,0,0,712
2021-06-09 08:57:01 UTC,4271,145,383,,0,0,0,0,712
2021-06-09 09:57:01 UTC,4272,126,509,,0,0,0,0,712
2021-06-09 10:57:01 UTC,4273,120,629,,0,0,0,0,712
2021-06-09 11:57:01 UTC,4274,114,743,,0,0,0,0,712
2021-06-09 12:57:01 UTC,4275,103,846,,0,0,0,0,712
2021-06-09 13:57:01 UTC,4276,80,926,,0,0,0,0,712
2021-06-09 14:57:01 UTC,4277,110,1036,,0,0,0,0,712
2021-06-09 15:57:01 UTC,4278,16,1052,,0,0,0,0,712
2021-06-09 16:57:01 UTC,4279,18,1070,,0,0,0,0,712
2021-06-09 17:57:01 UTC,4280,4,1074,,0,0,0,0,712
2021-06-09 18:57:01 UTC,4281,7,1081,,0,0,0,0,712
2021-06-09 19:57:01 UTC,4282,6,1087,,0,0,0,0,712
2021-06-09 20:57:01 UTC,4283,0,1087,,0,0,0,0,712
2021-06-09 21:57:01 UTC,4284,,,1087,,,,,
2021-06-09 22:57:01 UTC,4285,0,0,,0,0,0,0,1087
2021-06-09 23:57:01 UTC,4286,0,0,,0,0,0,0,1087
2021-06-10 00:57:01 UTC,4287,0,0,,0,0,0,0,1087
2021-06-10 01:57:01 UTC,4288,0,0,,0,0,0,0,1087
2021-06-10 02:57:01 UTC,4289,0,0,,0,0,0,0,1087
2021-06-10 03:57:01 UTC,4290,0,0,,0,0,0,0,1087
2021-06-10 04:57:01 UTC,4291,27,27,,0,0,0,0,1087
2021-06-10 05:57:01 UTC,4292,59,86,,0,0,0,0,1087
2021-06-10 06:57:01 UTC,4293,82,168,,0,0,0,0,1087
2021-06-10 07:57:01 UTC,4294,117,285,,0,0,1,0,1087
2021-06-10 08:57:01 UTC,4295,173,458,,0,0,1,0,1087
2021-06-10 09:57:01 UTC,4296,181,639,,0,0,1,0,1087
2021-06-10 10:57:01 UTC,4297,118,757,,0,0,1,0,1087
2021-06-10 11:57:01 UTC,4298,110,867,,0,0,1,0,1087
2021-06-10 12:57:01 UTC,4299,106,973,,0,0,1,0,1087
2021-06-10 13:57:01 UTC,4300,64,1037,,0,0,1,0,1087
2021-06-10 14:57:01 UTC,4301,58,1095,,0,0,1,0,1087
2021-06-10 15:57:01 UTC,4302,73,1168,,0,0,1,0,1087
2021-06-10 16:57:01 UTC,4303,98,1266,,0,0,1,0,1087
2021-06-10 17:57:01 UTC,4304,33,1299,,0,0,1,0,1087
2021-06-10 18:57:01 UTC,4305,7,1306,,0,0,1,0,1087
2021-06-10 19:57:01 UTC,4306,2,1308,,0,0,1,0,1087
2021-06-10 20:57:01 UTC,4307,0,1308,,0,0,1,0,1087
2021-06-10 21:57:01 UTC,4308,,,1308,,,,,
2021-06-10 22:57:01 UTC,4309,0,0,,0,0,0,0,1308
2021-06-10 23:57:01 UTC,4310,0,0,,0,0,0,0,1308
2021-06-11 00:57:01 UTC,4311,0,0,,0,0,0,0,1308
2021-06-11 01:57:01 UTC,4312,0,0,,0,0,0,0,1308
2021-06-11 02:57:01 UTC,4313,0,0,,0,0,0,0,1308
2021-06-11 03:57:01 UTC,4314,2,2,,0,0,0,0,1308
2021-06-11 04:57:01 UTC,4315,35,37,,0,0,0,0,1308
2021-06-11 05:57:01 UTC,4316,67,104,,0,0,0,0,1308
2021-06-11 06:57:01 UTC,4317,113,217,,0,0,0,0,1308
2021-06-11 07:57:01 UTC,4318,141,358,,0,0,0,0,1308
2021-06-11 08:57:01 UTC,4319,162,520,,0,0,0,0,1308
2021-06-11 09:57:01 UTC,4320,146,666,,0,0,0,0,1308
2021-06-11 10:57:01 UTC,4321,99,765,,0,0,0,0,1308
2021-06-11 11:57:01 UTC,4322,92,857,,0,0,0,0,1308
2021-06-11 12:57:01 UTC,4323,104,961,,0,0,0,0,1308
2021-06-11 13:57:01 UTC,4324,109,1070,,0,0,0,0,1308
2021-06-11 14:57:01 UTC,4325,101,1171,,0,0,0,0,1308
2021-06-11 15:57:01 UTC,4326,125,1296,,0,0,0,0,1308
2021-06-11 16:57:01 UTC,4327,147,1443,,0,0,0,0,1308
2021-06-11 17:57:01 UTC,4328,65,1508,,0,0,0,0,1308
2021-06-11 18:57:01 UTC,4329,13,1521,,0,0,0,0,1308
2021-06-11 19:57:01 UTC,4330,2,1523,,0,0,0,0,1308
2021-06-11 20:57:01 UTC,4331,1,1524,,0,0,0,0,1308
2021-06-11 21:57:01 UTC,4332,,,1524,,,,,
2021-06-11 22:57:01 UTC,4333,0,0,,0,0,0,0,1524
2021-06-11 23:57:01 UTC,4334,0,0,,0,0,0,0,1524
2021-06-12 00:57:01 UTC,4335,0,0,,0,0,0,0,1524
2021-06-12 01:57:01 UTC,4336,0,0,,0,0,0,0,1524
2021-06-12 02:57:01 UTC,4337,0,0,,0,0,0,0,1524
2021-06-12 03:57:01 UTC,4338,1,1,,0,0,0,0,1524
2021-06-12 04:57:01 UTC,4339,25,26,,0,0,0,0,1524
2021-06-12 05:57:01 UTC,4340,71,97,,0,0,0,0,1524
2021-06-12 06:57:01 UTC,4341,151,248,,0,0,0,0,1524
2021-06-12 07:57:01 UTC,4342,240,488,,0,0,0,0,1524
2021-06-12 08:57:01 UTC,4343,342,830,,0,0,0,0,1524
2021-06-12 09:57:01 UTC,4344,334,1164,,0,0,0,0,1524
2021-06-12 10:57:01 UTC,4345,226,1390,,0,0,0,0,1524
2021-06-12 11:57:01 UTC,4346,105,1495,,0,0,1,0,1524
2021-06-12 12:57:01 UTC,4347,140,1635,,0,0,1,0,1524
2021-06-12 13:57:01 UTC,4348,106,1741,,0,0,1,0,1524
2021-06-12 14:57:01 UTC,4349,122,1863,,0,0,1,0,1524
2021-06-12 15:57:01 UTC,4350,153,2016,,0,0,1,0,1524
2021-06-12 16:57:01 UTC,4351,201,2217,,0,0,1,0,1524
2021-06-12 17:57:01 UTC,4352,119,2336,,0,0,1,0,1524
2021-06-12 18:57:01 UTC,4353,40,2376,,0,0,1,0,1524
2021-06-12 19:57:01 UTC,4354,1,2377,,0,0,1,0,1524
2021-06-12 20:57:01 UTC,4355,0,2377,,0,0,1,0,1524
2021-06-12 21:57:01 UTC,4356,,,2377,,,,,
