created_at,entry_id,field1,field2,field3,field4,field5,field6,field7,field8
2022-05-01 00:57:01 UTC,1682,0,1,,0,0,0,0,581
2022-05-01 01:57:01 UTC,1683,0,1,,0,0,0,0,581
2022-05-01 02:57:01 UTC,1684,0,1,,3.9,0,0,0,581
2022-05-01 03:57:01 UTC,1685,0,1,,0,0,0,0,581
2022-05-01 04:57:01 UTC,1686,0,1,,0,0,0,0,581
2022-05-01 05:57:01 UTC,1687,3,4,,0,0,0,0,581
2022-05-01 06:57:01 UTC,1688,13,17,,3.9,0,0,0,581
2022-05-01 07:57:01 UTC,1689,7,24,,0,0,0,0,581
2022-05-01 08:57:01 UTC,1690,3,27,,0,0,0,0,581
2022-05-01 09:57:01 UTC,1691,10,37,,0,0,0,0,581
2022-05-01 10:57:01 UTC,1692,25,62,,3.9,0,0,0,581
2022-05-01 11:57:01 UTC,1693,8,70,,0,0,0,0,581
2022-05-01 12:57:01 UTC,1694,16,86,,0,0,0,0,581
2022-05-01 13:57:01 UTC,1695,28,114,,0,0,0,0,581
2022-05-01 14:57:01 UTC,1696,46,160,,0,0,0,0,581
2022-05-01 15:57:01 UTC,1697,27,187,,0,0,0,0,581
2022-05-01 16:57:01 UTC,1698,36,223,,0,0,0,0,581
2022-05-01 17:57:01 UTC,1699,16,239,,0,0,0,0,581
2022-05-01 18:57:01 UTC,1700,1,240,,0,0,0,0,581
2022-05-01 19:57:01 UTC,1701,1,241,,0,0,0,0,581
2022-05-01 20:57:01 UTC,1702,0,241,,3.9,0,0,0,581
2022-05-01 21:57:01 UTC,1703,,,241,,,,,
2022-05-01 22:57:01 UTC,1704,0,0,,0,0,0,0,241
2022-05-01 23:57:01 UTC,1705,0,0,,0,0,0,0,241
2022-05-02 00:57:01 UTC,1706,0,0,,0,0,0,0,241
2022-05-02 01:57:01 UTC,1707,0,0,,0,0,0,0,241
2022-05-02 02:57:01 UTC,1708,0,0,,3.9,0,0,0,241
2022-05-02 03:57:01 UTC,1709,1,1,,0,0,0,0,241
2022-05-02 04:57:01 UTC,1710,2,3,,0,0,0,0,241
2022-05-02 05:57:01 UTC,1711,4,7,,0,0,0,0,241
2022-05-02 06:57:01 UTC,1712,12,19,,3.9,0,0,0,241
2022-05-02 07:57:01 UTC,1713,20,40,,0,0,0,0,241
2022-05-02 08:57:01 UTC,1714,24,64,,0,0,0,0,241
2022-05-02 09:57:01 UTC,1715,26,90,,0,0,0,0,241
2022-05-02 10:57:01 UTC,1716,16,106,,0,0,0,0,241
2022-05-02 11:57:01 UTC,1717,24,130,,0,0,0,0,241
2022-05-02 12:57:01 UTC,1718,12,142,,0,0,0,0,241
2022-05-02 13:57:01 UTC,1719,25,167,,0,0,0,0,241
2022-05-02 14:57:01 UTC,1720,32,199,,0,0,0,0,241
2022-05-02 15:57:01 UTC,1721,21,220,,0,0,0,0,241
2022-05-02 16:57:01 UTC,1722,16,236,,0,0,0,0,241
2022-05-02 17:57:01 UTC,1723,8,244,,0,0,0,0,241
2022-05-02 18:57:01 UTC,1724,4,248,,0,0,0,0,241
2022-05-02 19:57:01 UTC,1725,0,248,,0,0,0,0,241
2022-05-02 20:57:01 UTC,1726,0,248,,3.9,0,0,0,241
2022-05-02 21:57:01 UTC,1727,,,248,,,,,
2022-05-02 22:57:01 UTC,1728,0,0,,0,0,0,0,248
2022-05-02 23:57:01 UTC,1729,0,0,,0,0,0,0,248
2022-05-03 00:57:01 UTC,1730,0,0,,0,0,0,0,248
2022-05-03 01:57:01 UTC,1731,0,0,,0,0,0,0,248
2022-05-03 02:57:01 UTC,1732,0,0,,3.9,0,0,0,248
2022-05-03 03:57:01 UTC,1733,0,0,,0,0,0,0,248
2022-05-03 04:57:01 UTC,1734,2,2,,0,0,0,0,248
2022-05-03 05:57:01 UTC,1735,3,5,,0,0,0,0,248
2022-05-03 06:57:01 UTC,1736,14,19,,3.9,0,0,0,248
2022-05-03 07:57:01 UTC,1737,15,34,,0,0,0,0,248
2022-05-03 08:57:01 UTC,1738,33,67,,0,0,0,0,248
2022-05-03 09:57:01 UTC,1739,28,95,,0,0,0,0,248
2022-05-03 10:57:01 UTC,1740,20,115,,0,0,0,0,248
2022-05-03 11:57:01 UTC,1741,16,131,,0,0,0,0,248
2022-05-03 12:57:01 UTC,1742,12,143,,0,0,0,0,248
2022-05-03 13:57:01 UTC,1743,17,160,,0,0,0,0,248
2022-05-03 14:57:01 UTC,1744,22,182,,0,0,0,0,248
2022-05-03 15:57:01 UTC,1745,24,206,,0,0,0,0,248
2022-05-03 16:57:01 UTC,1746,30,236,,0,0,0,0,248
2022-05-03 17:57:01 UTC,1747,13,249,,0,0,0,0,248
2022-05-03 18:57:01 UTC,1748,1,250,,0,0,0,0,248
2022-05-03 19:57:01 UTC,1749,0,250,,0,0,0,0,248
2022-05-03 20:57:01 UTC,1750,0,250,,3.9,0,0,0,248
2022-05-03 21:57:01 UTC,1751,,,250,,,,,
2022-05-03 22:57:01 UTC,1752,1,1,,0,0,0,0,250
2022-05-03 23:57:01 UTC,1753,0,1,,0,0,0,0,250
2022-05-04 00:57:01 UTC,1754,0,1,,0,0,0,0,250
2022-05-04 01:57:01 UTC,1755,0,1,,0,0,0,0,250
2022-05-04 02:57:01 UTC,1756,0,1,,3.9,0,0,0,250
2022-05-04 03:57:01 UTC,1757,0,1,,0,0,0,0,250
2022-05-04 04:57:01 UTC,1758,0,1,,0,0,0,0,250
2022-05-04 05:57:01 UTC,1759,8,9,,0,0,0,0,250
2022-05-04 06:57:01 UTC,1760,8,17,,3.9,0,0,0,250
2022-05-04 07:57:01 UTC,1761,12,30,,0,0,0,0,250
2022-05-04 08:57:01 UTC,1762,20,50,,0,0,0,0,250
2022-05-04 09:57:01 UTC,1763,19,69,,0,0,0,0,250
2022-05-04 10:57:01 UTC,1764,19,88,,0,0,0,0,250
2022-05-04 11:57:01 UTC,1765,14,102,,0,0,0,0,250
2022-05-04 12:57:01 UTC,1766,14,116,,0,0,0,0,250
2022-05-04 13:57:01 UTC,1767,24,140,,0,0,0,0,250
2022-05-04 14:57:01 UTC,1768,18,158,,0,0,0,0,250
2022-05-04 15:57:01 UTC,1769,14,172,,0,0,0,0,250
2022-05-04 16:57:01 UTC,1770,9,181,,0,0,0,0,250
2022-05-04 17:57:01 UTC,1771,5,186,,0,0,0,0,250
2022-05-04 18:57:01 UTC,1772,4,190,,0,0,0,0,250
2022-05-04 19:57:01 UTC,1773,0,190,,0,0,0,0,250
2022-05-04 20:57:01 UTC,1774,0,190,,3.9,0,0,0,250
2022-05-04 21:57:01 UTC,1775,,,190,,,,,
2022-05-04 22:57:01 UTC,1776,0,0,,0,0,0,0,190
2022-05-04 23:57:01 UTC,1777,0,0,,0,0,0,0,190
2022-05-05 00:57:01 UTC,1778,0,0,,0,0,0,0,190
2022-05-05 01:57:01 UTC,1779,0,0,,0,0,0,0,190
2022-05-05 02:57:01 UTC,1780,0,0,,3.9,0,0,0,190
2022-05-05 03:57:01 UTC,1781,0,0,,0,0,0,0,190
2022-05-05 04:57:01 UTC,1782,2,2,,0,0,0,0,190
2022-05-05 05:57:01 UTC,1783,10,12,,0,0,0,0,190
2022-05-05 06:57:01 UTC,1784,5,17,,3.9,0,0,0,190
2022-05-05 07:57:01 UTC,1785,6,24,,0,0,0,0,190
2022-05-05 08:57:01 UTC,1786,4,28,,0,0,0,0,190
2022-05-05 09:57:01 UTC,1787,5,33,,0,0,0,0,190
2022-05-05 10:57:01 UTC,1788,11,44,,0,0,0,0,190
2022-05-05 11:57:01 UTC,1789,6,50,,0,0,0,0,190
2022-05-05 12:57:01 UTC,1790,5,55,,0,0,0,0,190
2022-05-05 13:57:01 UTC,1791,3,58,,0,0,0,0,190
2022-05-05 14:57:01 UTC,1792,2,60,,0,0,0,0,190
2022-05-05 15:57:01 UTC,1793,1,61,,0,0,0,0,190
2022-05-05 16:57:01 UTC,1794,4,65,,0,0,0,0,190
2022-05-05 17:57:01 UTC,1795,1,66,,0,0,0,0,190
2022-05-05 18:57:01 UTC,1796,0,66,,0,0,0,0,190
2022-05-05 19:57:01 UTC,1797,0,66,,0,0,0,0,190
2022-05-05 20:57:01 UTC,1798,0,66,,3.9,0,0,0,190
2022-05-05 21:57:01 UTC,1799,,,66,,,,,
2022-05-05 22:57:01 UTC,1800,0,0,,0,0,0,0,66
2022-05-05 23:57:01 UTC,1801,0,0,,0,0,0,0,66
2022-05-06 00:57:01 UTC,1802,0,0,,0,0,0,0,66
2022-05-06 01:57:01 UTC,1803,0,0,,0,0,0,0,66
2022-05-06 02:57:01 UTC,1804,0,0,,3.9,0,0,0,66
2022-05-06 03:57:01 UTC,1805,0,0,,0,0,0,0,66
2022-05-06 04:57:01 UTC,1806,0,0,,0,0,0,0,66
2022-05-06 05:57:01 UTC,1807,7,7,,0,0,0,0,66
2022-05-06 06:57:01 UTC,1808,2,9,,0,0,0,0,66
2022-05-06 07:57:01 UTC,1809,7,16,,0,0,0,0,66
2022-05-06 08:57:01 UTC,1810,6,22,,0,0,0,0,66
2022-05-06 09:57:01 UTC,1811,11,33,,0,0,0,0,66
2022-05-06 10:57:01 UTC,1812,4,37,,0,0,0,0,66
2022-05-06 11:57:01 UTC,1813,1,38,,0,0,0,0,66
2022-05-06 12:57:01 UTC,1814,5,43,,0,0,0,0,66
2022-05-06 13:57:01 UTC,1815,4,47,,0,0,0,0,66
2022-05-06 14:57:01 UTC,1816,6,53,,0,0,0,0,66
2022-05-06 15:57:01 UTC,1817,1,54,,0,0,0,0,66
2022-05-06 16:57:01 UTC,1818,2,56,,0,0,0,0,66
2022-05-06 17:57:01 UTC,1819,1,57,,0,0,0,0,66
2022-05-06 18:57:01 UTC,1820,0,57,,0,0,0,0,66
2022-05-06 19:57:01 UTC,1821,0,57,,0,0,0,0,66
2022-05-06 20:57:01 UTC,1822,0,57,,3.9,0,0,0,66
2022-05-06 21:57:01 UTC,1823,,,57,,,,,
2022-05-06 22:57:01 UTC,1824,1,1,,0,0,0,0,57
2022-05-06 23:57:01 UTC,1825,0,1,,0,0,0,0,57
2022-05-07 00:57:01 UTC,1826,0,1,,0,0,0,0,57
2022-05-07 01:57:01 UTC,1827,0,1,,0,0,0,0,57
2022-05-07 02:57:01 UTC,1828,0,1,,3.9,0,0,0,57
2022-05-07 03:57:01 UTC,1829,0,1,,0,0,0,0,57
2022-05-07 04:57:01 UTC,1830,1,2,,0,0,0,0,57
2022-05-07 05:57:01 UTC,1831,5,7,,0,0,0,0,57
2022-05-07 06:57:01 UTC,1832,2,9,,3.9,0,0,0,57
2022-05-07 07:57:01 UTC,1833,4,13,,0,0,0,0,57
2022-05-07 08:57:01 UTC,1834,20,33,,0,0,0,0,57
2022-05-07 09:57:01 UTC,1835,28,61,,0,0,0,0,57
2022-05-07 10:57:01 UTC,1836,14,75,,0,0,0,0,57
2022-05-07 11:57:01 UTC,1837,5,80,,0,0,0,0,57
2022-05-07 12:57:01 UTC,1838,7,87,,0,0,0,0,57
2022-05-07 13:57:01 UTC,1839,10,97,,0,0,0,0,57
2022-05-07 14:57:01 UTC,1840,6,103,,0,0,0,0,57
2022-05-07 15:57:01 UTC,1841,1,104,,0,0,0,0,57
2022-05-07 16:57:01 UTC,1842,2,106,,0,0,0,0,57
2022-05-07 17:57:01 UTC,1843,2,108,,0,0,0,0,57
2022-05-07 18:57:01 UTC,1844,0,108,,0,0,0,0,57
2022-05-07 19:57:01 UTC,1845,0,108,,0,0,0,0,57
2022-05-07 20:57:01 UTC,1846,2,110,,3.9,0,0,0,57
2022-05-07 21:57:01 UTC,1847,,,110,,,,,
2022-05-07 22:57:01 UTC,1848,0,0,,0,0,0,0,110
2022-05-07 23:57:01 UTC,1849,0,0,,0,0,0,0,110
2022-05-08 00:57:01 UTC,1850,0,0,,0,0,0,0,110
2022-05-08 01:57:01 UTC,1851,0,0,,0,0,0,0,110
2022-05-08 02:57:01 UTC,1852,0,0,,3.9,0,0,0,110
2022-05-08 03:57:01 UTC,1853,0,0,,0,0,0,0,110
2022-05-08 04:57:01 UTC,1854,0,0,,0,0,0,0,110
2022-05-08 05:57:01 UTC,1855,1,1,,0,0,0,0,110
2022-05-08 06:57:01 UTC,1856,21,22,,0,0,0,0,110
2022-05-08 07:57:01 UTC,1857,36,58,,0,0,0,0,110
2022-05-08 08:57:01 UTC,1858,48,106,,0,0,0,0,110
2022-05-08 09:57:01 UTC,1859,41,147,,0,0,0,0,110
2022-05-08 10:57:01 UTC,1860,26,173,,0,0,0,0,110
2022-05-08 11:57:01 UTC,1861,15,188,,0,0,0,0,110
2022-05-08 12:57:01 UTC,1862,16,204,,0,0,0,0,110
2022-05-08 13:57:01 UTC,1863,9,213,,0,0,0,0,110
2022-05-08 14:57:01 UTC,1864,13,226,,0,0,0,0,110
2022-05-08 15:57:01 UTC,1865,7,233,,0,0,0,0,110
2022-05-08 16:57:01 UTC,1866,12,245,,0,0,0,0,110
2022-05-08 17:57:01 UTC,1867,10,255,,0,0,0,0,110
2022-05-08 18:57:01 UTC,1868,0,255,,0,0,0,0,110
2022-05-08 19:57:01 UTC,1869,0,255,,0,0,0,0,110
2022-05-08 20:57:01 UTC,1870,0,255,,3.9,0,0,0,110
2022-05-08 21:57:01 UTC,1871,,,255,,,,,
2022-05-08 22:57:01 UTC,1872,0,0,,0,0,0,0,256
2022-05-08 23:57:01 UTC,1873,0,0,,0,0,0,0,256
2022-05-09 00:57:01 UTC,1874,0,0,,0,0,0,0,256
2022-05-09 01:57:01 UTC,1875,0,0,,0,0,0,0,256
2022-05-09 02:57:01 UTC,1876,0,0,,3.9,0,0,0,256
2022-05-09 03:57:01 UTC,1877,0,0,,0,0,0,0,256
2022-05-09 04:57:01 UTC,1878,2,2,,0,0,0,0,256
2022-05-09 05:57:01 UTC,1879,6,8,,0,0,0,0,256
2022-05-09 06:57:01 UTC,1880,5,13,,3.9,0,0,0,256
2022-05-09 07:57:01 UTC,1881,16,29,,0,0,1,0,256
2022-05-09 08:57:01 UTC,1882,20,49,,0,0,1,0,256
2022-05-09 09:57:01 UTC,1883,30,79,,0,0,1,0,256
2022-05-09 10:57:01 UTC,1884,21,100,,0,0,1,0,256
2022-05-09 11:57:01 UTC,1885,12,112,,0,0,1,0,256
2022-05-09 12:57:01 UTC,1886,11,123,,0,0,1,0,256
2022-05-09 13:57:01 UTC,1887,19,142,,0,0,1,0,256
2022-05-09 14:57:01 UTC,1888,30,172,,0,0,1,0,256
2022-05-09 15:57:01 UTC,1889,16,188,,0,0,1,0,256
2022-05-09 16:57:01 UTC,1890,16,204,,0,0,1,0,256
2022-05-09 17:57:01 UTC,1891,13,217,,0,0,1,0,256
2022-05-09 18:57:01 UTC,1892,3,220,,0,0,1,0,256
2022-05-09 19:57:01 UTC,1893,1,221,,0,0,1,0,256
2022-05-09 20:57:01 UTC,1894,1,222,,3.9,0,1,0,256
2022-05-09 21:57:01 UTC,1895,,,222,,,,,
