created_at,entry_id,field1,field2,field3,field4,field5,field6,field7,field8
2021-07-01 03:57:01 UTC,4357,0,0,,0,0,0,0,0
2021-07-01 04:57:01 UTC,4358,98,98,,0,0,0,0,0
2021-07-01 05:57:01 UTC,4359,122,220,,0,0,0,0,0
2021-07-01 06:57:01 UTC,4360,84,304,,4,0,0,0,0
2021-07-01 07:57:01 UTC,4361,88,396,,0,0,0,0,0
2021-07-01 08:57:01 UTC,4362,102,498,,0,0,0,0,0
2021-07-01 09:57:01 UTC,4363,73,571,,0,0,0,0,0
2021-07-01 10:57:01 UTC,4364,39,610,,0,0,0,0,0
2021-07-01 11:57:01 UTC,4365,45,655,,0,0,1,0,0
2021-07-01 12:57:01 UTC,4366,29,684,,0,0,1,0,0
2021-07-01 13:57:01 UTC,4367,26,710,,0,0,1,0,0
2021-07-01 14:57:01 UTC,4368,35,745,,0,0,1,0,0
2021-07-01 15:57:01 UTC,4369,66,811,,0,0,1,0,0
2021-07-01 16:57:01 UTC,4370,132,943,,0,0,1,0,0
2021-07-01 17:57:01 UTC,4371,162,1105,,0,0,1,0,0
2021-07-01 18:57:01 UTC,4372,90,1195,,4,0,1,0,0
2021-07-01 19:57:01 UTC,4373,17,1212,,0,0,1,0,0
2021-07-01 20:57:01 UTC,4374,4,1216,,4,0,1,0,0
2021-07-01 21:57:01 UTC,4375,,,1216,,,,,
2021-07-01 22:57:01 UTC,4376,0,0,,0,0,0,0,1216
2021-07-01 23:57:01 UTC,4377,0,0,,0,0,0,0,1216
2021-07-02 00:57:01 UTC,4378,0,0,,0,0,0,0,1216
2021-07-02 01:57:01 UTC,4379,0,0,,0,0,0,0,1216
2021-07-02 02:57:01 UTC,4380,0,0,,4,0,0,0,1216
2021-07-02 03:57:01 UTC,4381,1,1,,0,0,0,0,1216
2021-07-02 04:57:01 UTC,4382,18,19,,0,0,0,0,1216
2021-07-02 05:57:01 UTC,4383,49,68,,0,0,0,0,1216
2021-07-02 06:57:01 UTC,4384,77,145,,4,0,0,0,1216
2021-07-02 07:57:01 UTC,4385,116,266,,0,0,0,0,1216
2021-07-02 08:57:01 UTC,4386,76,342,,0,0,0,0,1216
2021-07-02 09:57:01 UTC,4387,55,397,,0,0,0,0,1216
2021-07-02 10:57:01 UTC,4388,33,430,,0,0,0,0,1216
2021-07-02 11:57:01 UTC,4389,53,483,,0,0,1,0,1216
2021-07-02 12:57:01 UTC,4390,30,513,,0,0,1,0,1216
2021-07-02 13:57:01 UTC,4391,30,543,,0,0,1,0,1216
2021-07-02 14:57:01 UTC,4392,43,586,,0,0,1,0,1216
2021-07-02 15:57:01 UTC,4393,73,659,,0,0,1,0,1216
2021-07-02 16:57:01 UTC,4394,107,766,,0,0,1,0,1216
2021-07-02 17:57:01 UTC,4395,93,859,,0,0,1,0,1216
2021-07-02 18:57:01 UTC,4396,37,896,,0,0,1,0,1216
2021-07-02 19:57:01 UTC,4397,7,903,,0,0,1,0,1216
2021-07-02 20:57:01 UTC,4398,2,905,,4,0,1,0,1216
2021-07-02 21:57:01 UTC,4399,,,905,,,,,
2021-07-02 22:57:01 UTC,4400,0,0,,0,0,0,0,907
2021-07-02 23:57:01 UTC,4401,0,0,,0,0,0,0,907
2021-07-03 00:57:01 UTC,4402,0,0,,0,0,0,0,907
2021-07-03 01:57:01 UTC,4403,0,0,,0,0,0,0,907
2021-07-03 02:57:01 UTC,4404,0,0,,4,0,0,0,907
2021-07-03 03:57:01 UTC,4405,1,1,,0,0,0,0,907
2021-07-03 04:57:01 UTC,4406,15,16,,0,0,0,0,907
2021-07-03 05:57:01 UTC,4407,44,60,,0,0,0,0,907
2021-07-03 06:57:01 UTC,4408,114,174,,4,0,0,0,907
2021-07-03 07:57:01 UTC,4409,167,349,,0,0,0,0,907
2021-07-03 08:57:01 UTC,4410,168,517,,0,0,0,0,907
2021-07-03 09:57:01 UTC,4411,144,661,,0,0,0,0,907
2021-07-03 10:57:01 UTC,4412,94,755,,0,0,0,0,907
2021-07-03 11:57:01 UTC,4413,46,801,,0,0,0,0,907
2021-07-03 12:57:01 UTC,4414,30,831,,0,0,0,0,907
2021-07-03 13:57:01 UTC,4415,42,873,,0,0,0,0,907
2021-07-03 14:57:01 UTC,4416,49,922,,0,0,0,0,907
2021-07-03 15:57:01 UTC,4417,63,985,,0,0,1,0,907
2021-07-03 16:57:01 UTC,4418,91,1076,,0,0,1,0,907
2021-07-03 17:57:01 UTC,4419,92,1168,,0,0,1,0,907
2021-07-03 18:57:01 UTC,4420,42,1210,,0,0,1,0,907
2021-07-03 19:57:01 UTC,4421,6,1216,,0,0,1,0,907
2021-07-03 20:57:01 UTC,4422,1,1217,,4,0,1,0,907
2021-07-03 21:57:01 UTC,4423,,,1217,,,,,
2021-07-03 22:57:01 UTC,4424,3,3,,0,0,0,0,1219
2021-07-03 23:57:01 UTC,4425,2,5,,0,0,0,0,1219
2021-07-04 00:57:01 UTC,4426,0,5,,0,0,0,0,1219
2021-07-04 01:57:01 UTC,4427,0,5,,0,0,0,0,1219
2021-07-04 02:57:01 UTC,4428,0,5,,3.9,0,0,0,1219
2021-07-04 03:57:01 UTC,4429,0,5,,0,0,0,0,1219
2021-07-04 04:57:01 UTC,4430,22,27,,0,0,0,0,1219
2021-07-04 05:57:01 UTC,4431,64,91,,0,0,0,0,1219
2021-07-04 06:57:01 UTC,4432,143,234,,4,0,0,0,1219
2021-07-04 07:57:01 UTC,4433,233,474,,0,0,0,0,1219
2021-07-04 08:57:01 UTC,4434,251,725,,0,0,0,0,1219
2021-07-04 09:57:01 UTC,4435,175,900,,0,0,0,0,1219
2021-07-04 10:57:01 UTC,4436,118,1018,,0,0,0,0,1219
2021-07-04 11:57:01 UTC,4437,59,1077,,0,0,0,0,1219
2021-07-04 12:57:01 UTC,4438,44,1121,,0,0,0,0,1219
2021-07-04 13:57:01 UTC,4439,48,1169,,0,0,0,0,1219
2021-07-04 14:57:01 UTC,4440,63,1232,,0,0,0,0,1219
2021-07-04 15:57:01 UTC,4441,74,1306,,0,0,0,0,1219
2021-07-04 16:57:01 UTC,4442,108,1414,,0,0,0,0,1219
2021-07-04 17:57:01 UTC,4443,100,1514,,0,0,0,0,1219
2021-07-04 18:57:01 UTC,4444,52,1566,,4,0,0,0,1219
2021-07-04 19:57:01 UTC,4445,8,1574,,0,0,0,0,1219
2021-07-04 20:57:01 UTC,4446,0,1574,,4,0,0,0,1219
2021-07-04 21:57:01 UTC,4447,,,1574,,,,,
2021-07-04 22:57:01 UTC,4448,0,0,,0,0,0,0,1574
2021-07-04 23:57:01 UTC,4449,2,2,,0,0,0,0,1574
2021-07-05 00:57:01 UTC,4450,0,2,,0,0,0,0,1574
2021-07-05 01:57:01 UTC,4451,0,2,,0,0,0,0,1574
2021-07-05 02:57:01 UTC,4452,0,2,,4,0,0,0,1574
2021-07-05 03:57:01 UTC,4453,0,2,,0,0,0,0,1574
2021-07-05 04:57:01 UTC,4454,11,13,,0,0,0,0,1574
2021-07-05 05:57:01 UTC,4455,32,45,,0,0,0,0,1574
2021-07-05 06:57:01 UTC,4456,67,112,,4,0,0,0,1574
2021-07-05 07:57:01 UTC,4457,86,203,,0,0,0,0,1574
2021-07-05 08:57:01 UTC,4458,67,270,,0,0,0,0,1574
2021-07-05 09:57:01 UTC,4459,53,323,,0,0,0,0,1574
2021-07-05 10:57:01 UTC,4460,45,368,,0,0,0,0,1574
2021-07-05 11:57:01 UTC,4461,38,406,,0,0,0,0,1574
2021-07-05 12:57:01 UTC,4462,36,442,,0,0,0,0,1574
2021-07-05 13:57:01 UTC,4463,20,462,,0,0,0,0,1574
2021-07-05 14:57:01 UTC,4464,26,488,,0,0,0,0,1574
2021-07-05 15:57:01 UTC,4465,53,541,,0,0,0,0,1574
2021-07-05 16:57:01 UTC,4466,116,657,,0,0,0,0,1574
2021-07-05 17:57:01 UTC,4467,125,782,,0,0,0,0,1574
2021-07-05 18:57:01 UTC,4468,66,848,,0,0,0,0,1574
2021-07-05 19:57:01 UTC,4469,18,866,,0,0,0,0,1574
2021-07-05 20:57:01 UTC,4470,0,866,,4,0,0,0,1574
2021-07-05 21:57:01 UTC,4471,,,866,,,,,
2021-07-05 22:57:01 UTC,4472,0,0,,0,0,0,0,867
2021-07-05 23:57:01 UTC,4473,0,0,,0,0,0,0,867
2021-07-06 00:57:01 UTC,4474,0,0,,0,0,0,0,867
2021-07-06 01:57:01 UTC,4475,0,0,,0,0,0,0,867
2021-07-06 02:57:01 UTC,4476,0,0,,3.9,0,0,0,867
2021-07-06 03:57:01 UTC,4477,2,2,,0,0,0,0,867
2021-07-06 04:57:01 UTC,4478,24,26,,0,0,0,0,867
2021-07-06 05:57:01 UTC,4479,61,87,,0,0,0,0,867
2021-07-06 06:57:01 UTC,4480,92,179,,3.9,0,0,0,867
2021-07-06 07:57:01 UTC,4481,105,288,,0,0,0,0,867
2021-07-06 08:57:01 UTC,4482,74,362,,0,0,0,0,867
2021-07-06 09:57:01 UTC,4483,60,422,,0,0,0,0,867
2021-07-06 10:57:01 UTC,4484,34,456,,0,0,0,0,867
2021-07-06 11:57:01 UTC,4485,23,479,,0,0,0,0,867
2021-07-06 12:57:01 UTC,4486,21,500,,0,0,0,0,867
2021-07-06 13:57:01 UTC,4487,23,523,,0,0,0,0,867
2021-07-06 14:57:01 UTC,4488,16,539,,0,0,0,0,867
2021-07-06 15:57:01 UTC,4489,67,606,,0,0,0,0,867
2021-07-06 16:57:01 UTC,4490,113,719,,0,0,0,0,867
2021-07-06 17:57:01 UTC,4491,113,832,,0,0,0,0,867
2021-07-06 18:57:01 UTC,4492,39,871,,0,0,0,0,867
2021-07-06 19:57:01 UTC,4493,7,878,,0,0,0,0,867
2021-07-06 20:57:01 UTC,4494,3,881,,4,0,0,0,867
2021-07-06 21:57:01 UTC,4495,,,881,,,,,
2021-07-06 22:57:01 UTC,4496,0,0,,0,0,0,0,881
2021-07-06 23:57:01 UTC,4497,0,0,,0,0,0,0,881
2021-07-07 00:57:01 UTC,4498,0,0,,0,0,0,0,881
2021-07-07 01:57:01 UTC,4499,0,0,,0,0,0,0,881
2021-07-07 02:57:01 UTC,4500,0,0,,3.9,0,0,0,881
2021-07-07 03:57:01 UTC,4501,2,2,,0,0,0,0,881
2021-07-07 04:57:01 UTC,4502,17,19,,0,0,0,0,881
2021-07-07 05:57:01 UTC,4503,45,64,,0,0,0,0,881
2021-07-07 06:57:01 UTC,4504,74,138,,4,0,0,0,881
2021-07-07 07:57:01 UTC,4505,94,235,,0,0,0,0,881
2021-07-07 08:57:01 UTC,4506,82,317,,0,0,0,0,881
2021-07-07 09:57:01 UTC,4507,51,368,,0,0,0,0,881
2021-07-07 10:57:01 UTC,4508,30,398,,0,0,0,0,881
2021-07-07 11:57:01 UTC,4509,29,427,,0,0,0,0,881
2021-07-07 12:57:01 UTC,4510,27,454,,0,0,0,0,881
2021-07-07 13:57:01 UTC,4511,18,472,,0,0,0,0,881
2021-07-07 14:57:01 UTC,4512,41,513,,0,0,0,0,881
2021-07-07 15:57:01 UTC,4513,38,551,,0,0,1,0,881
2021-07-07 16:57:01 UTC,4514,102,653,,0,0,1,0,881
2021-07-07 17:57:01 UTC,4515,142,795,,0,0,1,0,881
2021-07-07 18:57:01 UTC,4516,77,872,,0,0,1,0,881
2021-07-07 19:57:01 UTC,4517,18,890,,0,0,1,0,881
2021-07-07 20:57:01 UTC,4518,2,892,,4,0,1,0,881
2021-07-07 21:57:01 UTC,4519,,,892,,,,,
2021-07-07 22:57:01 UTC,4520,0,0,,0,0,0,0,893
2021-07-07 23:57:01 UTC,4521,0,0,,0,0,0,0,893
2021-07-08 00:57:01 UTC,4522,0,0,,0,0,0,0,893
2021-07-08 01:57:01 UTC,4523,0,0,,0,0,0,0,893
2021-07-08 02:57:01 UTC,4524,0,0,,3.9,0,0,0,893
2021-07-08 03:57:01 UTC,4525,0,0,,0,0,0,0,893
2021-07-08 04:57:01 UTC,4526,38,38,,0,0,0,0,893
2021-07-08 05:57:01 UTC,4527,22,60,,0,0,0,0,893
2021-07-08 06:57:01 UTC,4528,30,90,,4,0,0,0,893
2021-07-08 07:57:01 UTC,4529,68,159,,0,0,1,0,893
2021-07-08 08:57:01 UTC,4530,71,230,,0,0,1,0,893
2021-07-08 09:57:01 UTC,4531,43,273,,0,0,1,0,893
2021-07-08 10:57:01 UTC,4532,26,299,,0,0,1,0,893
2021-07-08 11:57:01 UTC,4533,29,328,,0,0,1,0,893
2021-07-08 12:57:01 UTC,4534,31,359,,0,0,1,0,893
2021-07-08 13:57:01 UTC,4535,17,376,,0,0,1,0,893
2021-07-08 14:57:01 UTC,4536,35,411,,0,0,1,0,893
2021-07-08 15:57:01 UTC,4537,69,480,,0,0,1,0,893
2021-07-08 16:57:01 UTC,4538,108,588,,0,0,1,0,893
2021-07-08 17:57:01 UTC,4539,110,698,,0,0,1,0,893
2021-07-08 18:57:01 UTC,4540,58,756,,0,0,1,0,893
2021-07-08 19:57:01 UTC,4541,14,770,,0,0,1,0,893
2021-07-08 20:57:01 UTC,4542,4,774,,4,0,1,0,893
2021-07-08 21:57:01 UTC,4543,,,774,,,,,
2021-07-08 22:57:01 UTC,4544,1,1,,0,0,0,0,775
2021-07-08 23:57:01 UTC,4545,0,1,,0,0,0,0,775
2021-07-09 00:57:01 UTC,4546,0,1,,0,0,0,0,775
2021-07-09 01:57:01 UTC,4547,0,1,,0,0,0,0,775
2021-07-09 02:57:01 UTC,4548,0,1,,4,0,0,0,775
2021-07-09 03:57:01 UTC,4549,0,1,,0,0,0,0,775
2021-07-09 04:57:01 UTC,4550,15,16,,0,0,0,0,775
2021-07-09 05:57:01 UTC,4551,25,41,,0,0,0,0,775
2021-07-09 06:57:01 UTC,4552,38,79,,4,0,0,0,775
2021-07-09 07:57:01 UTC,4553,87,167,,0,0,0,1,775
2021-07-09 08:57:01 UTC,4554,76,243,,0,0,0,1,775
2021-07-09 09:57:01 UTC,4555,75,318,,0,0,0,1,775
2021-07-09 10:57:01 UTC,4556,30,348,,0,0,0,1,775
2021-07-09 11:57:01 UTC,4557,34,382,,0,0,0,1,775
2021-07-09 12:57:01 UTC,4558,38,420,,0,0,0,1,775
2021-07-09 13:57:01 UTC,4559,32,452,,0,0,0,1,775
2021-07-09 14:57:01 UTC,4560,37,489,,0,0,0,1,775
2021-07-09 15:57:01 UTC,4561,65,554,,0,0,0,1,775
2021-07-09 16:57:01 UTC,4562,105,659,,0,0,0,1,775
2021-07-09 17:57:01 UTC,4563,116,775,,0,0,0,1,775
2021-07-09 18:57:01 UTC,4564,61,836,,4,0,0,1,775
2021-07-09 19:57:01 UTC,4565,11,847,,0,0,0,1,775
2021-07-09 20:57:01 UTC,4566,0,847,,4,0,0,1,775
2021-07-09 21:57:01 UTC,4567,,,847,,,,,
2021-07-09 22:57:01 UTC,4568,0,0,,0,0,0,0,848
2021-07-09 23:57:01 UTC,4569,0,0,,0,0,0,0,848
2021-07-10 00:57:01 UTC,4570,0,0,,0,0,0,0,848
2021-07-10 01:57:01 UTC,4571,0,0,,0,0,0,0,848
2021-07-10 02:57:01 UTC,4572,0,0,,4,0,0,0,848
2021-07-10 03:57:01 UTC,4573,1,1,,0,0,1,0,848
2021-07-10 04:57:01 UTC,4574,17,18,,0,0,1,0,848
2021-07-10 05:57:01 UTC,4575,65,83,,0,0,1,0,848
2021-07-10 06:57:01 UTC,4576,94,177,,3.9,0,1,0,848
2021-07-10 07:57:01 UTC,4577,171,354,,0,0,1,0,848
2021-07-10 08:57:01 UTC,4578,161,515,,0,0,1,0,848
2021-07-10 09:57:01 UTC,4579,130,645,,0,0,1,0,848
2021-07-10 10:57:01 UTC,4580,66,711,,0,0,1,0,848
2021-07-10 11:57:01 UTC,4581,38,749,,0,0,1,0,848
2021-07-10 12:57:01 UTC,4582,32,781,,0,0,1,0,848
2021-07-10 13:57:01 UTC,4583,33,814,,0,0,1,0,848
2021-07-10 14:57:01 UTC,4584,36,850,,0,0,1,0,848
2021-07-10 15:57:01 UTC,4585,47,897,,0,0,1,0,848
2021-07-10 16:57:01 UTC,4586,98,995,,0,0,1,0,848
2021-07-10 17:57:01 UTC,4587,102,1097,,0,0,1,0,848
2021-07-10 18:57:01 UTC,4588,42,1139,,0,0,1,0,848
2021-07-10 19:57:01 UTC,4589,12,1151,,0,0,1,0,848
2021-07-10 20:57:01 UTC,4590,1,1152,,4,0,1,0,848
2021-07-10 21:57:01 UTC,4591,,,1152,,,,,
