created_at,entry_id,field1,field2,field3,field4,field5,field6,field7,field8
2022-01-01 00:57:01 UTC,8766,0,0,,0,0,0,0,1029
2022-01-01 01:57:01 UTC,8767,0,0,,0,0,0,0,1029
2022-01-01 02:57:01 UTC,8768,0,0,,0,0,0,0,1029
2022-01-01 03:57:01 UTC,8769,0,0,,3.9,0,0,0,1029
2022-01-01 04:57:01 UTC,8770,0,0,,0,0,0,0,1029
2022-01-01 05:57:01 UTC,8771,0,0,,0,0,0,0,1029
2022-01-01 06:57:01 UTC,8772,1,1,,0,0,0,0,1029
2022-01-01 07:57:01 UTC,8773,9,10,,3.9,0,0,0,1029
2022-01-01 08:57:01 UTC,8774,21,31,,0,0,0,0,1029
2022-01-01 09:57:01 UTC,8775,43,74,,0,0,0,0,1029
2022-01-01 10:57:01 UTC,8776,119,193,,0,0,0,0,1029
2022-01-01 11:57:01 UTC,8777,146,339,,4,0,0,0,1029
2022-01-01 12:57:01 UTC,8778,165,528,,0,0,0,0,1029
2022-01-01 13:57:01 UTC,8779,93,621,,0,0,0,0,1029
2022-01-01 14:57:01 UTC,8780,84,705,,0,0,0,0,1029
2022-01-01 15:57:01 UTC,8781,49,754,,3.9,0,0,0,1029
2022-01-01 16:57:01 UTC,8782,19,774,,0,0,0,0,1029
2022-01-01 17:57:01 UTC,8783,3,777,,0,0,0,0,1029
2022-01-01 18:57:01 UTC,8784,2,779,,0,0,0,0,1029
2022-01-01 19:57:01 UTC,8785,1,780,,3.9,0,0,0,1029
2022-01-01 20:57:01 UTC,8786,0,780,,0,0,0,0,1029
2022-01-01 21:57:01 UTC,8787,0,780,,3.9,0,0,0,1029
2022-01-01 22:57:01 UTC,8788,,,780,,,,,
2022-01-01 23:57:01 UTC,8789,0,0,,0,0,0,0,780
2022-01-02 00:57:01 UTC,8790,0,0,,0,0,0,0,780
2022-01-02 01:57:01 UTC,8791,0,0,,0,0,0,0,780
2022-01-02 02:57:01 UTC,8792,0,0,,0,0,0,0,780
2022-01-02 03:57:01 UTC,8793,0,0,,3.9,0,0,0,780
2022-01-02 04:57:01 UTC,8794,0,0,,0,0,0,0,780
2022-01-02 05:57:01 UTC,8795,3,3,,0,0,0,0,780
2022-01-02 06:57:01 UTC,8796,7,10,,0,0,0,0,780
2022-01-02 07:57:01 UTC,8797,12,22,,3.9,0,0,0,780
2022-01-02 08:57:01 UTC,8798,59,83,,0,0,0,0,780
2022-01-02 09:57:01 UTC,8799,111,194,,0,0,0,0,780
2022-01-02 10:57:01 UTC,8800,122,316,,0,0,0,0,780
2022-01-02 11:57:01 UTC,8801,120,436,,3.9,0,0,0,780
2022-01-02 12:57:01 UTC,8802,72,521,,0,0,0,0,780
2022-01-02 13:57:01 UTC,8803,62,583,,0,0,0,0,780
2022-01-02 14:57:01 UTC,8804,65,648,,0,0,0,0,780
2022-01-02 15:57:01 UTC,8805,35,683,,3.9,0,0,0,780
2022-01-02 16:57:01 UTC,8806,9,692,,0,0,0,0,780
2022-01-02 17:57:01 UTC,8807,8,700,,0,0,0,0,780
2022-01-02 18:57:01 UTC,8808,1,701,,0,0,0,0,780
2022-01-02 19:57:01 UTC,8809,0,701,,3.9,0,0,0,780
2022-01-02 20:57:01 UTC,8810,0,701,,0,0,0,0,780
2022-01-02 21:57:01 UTC,8811,1,702,,3.9,0,0,0,780
2022-01-02 22:57:01 UTC,8812,,,702,,,,,
2022-01-02 23:57:01 UTC,8813,1,1,,0,0,0,0,702
2022-01-03 00:57:01 UTC,8814,1,2,,0,0,0,0,702
2022-01-03 01:57:01 UTC,8815,0,2,,0,0,0,0,702
2022-01-03 02:57:01 UTC,8816,0,2,,0,0,0,0,702
2022-01-03 03:57:01 UTC,8817,0,2,,3.9,0,0,0,702
2022-01-03 04:57:01 UTC,8818,0,2,,0,0,0,0,702
2022-01-03 05:57:01 UTC,8819,2,4,,0,0,0,0,702
2022-01-03 06:57:01 UTC,8820,2,6,,0,0,0,0,702
2022-01-03 07:57:01 UTC,8821,10,16,,3.9,0,0,0,702
2022-01-03 08:57:01 UTC,8822,26,45,,0,0,0,0,702
2022-01-03 09:57:01 UTC,8823,60,105,,0,0,0,0,702
2022-01-03 10:57:01 UTC,8824,79,184,,0,0,0,0,702
2022-01-03 11:57:01 UTC,8825,71,255,,3.9,0,0,0,702
2022-01-03 12:57:01 UTC,8826,52,310,,0,0,0,0,702
2022-01-03 13:57:01 UTC,8827,34,344,,0,0,0,0,702
2022-01-03 14:57:01 UTC,8828,44,388,,0,0,0,0,702
2022-01-03 15:57:01 UTC,8829,41,429,,3.9,0,0,0,702
2022-01-03 16:57:01 UTC,8830,17,448,,0,0,0,0,702
2022-01-03 17:57:01 UTC,8831,4,452,,0,0,0,0,702
2022-01-03 18:57:01 UTC,8832,1,453,,0,0,0,0,702
2022-01-03 19:57:01 UTC,8833,2,455,,3.9,0,0,0,702
2022-01-03 20:57:01 UTC,8834,2,457,,0,0,0,0,702
2022-01-03 21:57:01 UTC,8835,0,457,,3.9,0,0,0,702
2022-01-03 22:57:01 UTC,8836,,,457,,,,,
2022-01-03 23:57:01 UTC,8837,0,0,,0,0,0,0,461
2022-01-04 00:57:01 UTC,8838,0,0,,0,0,0,0,461
2022-01-04 01:57:01 UTC,8839,0,0,,0,0,0,0,461
2022-01-04 02:57:01 UTC,8840,0,0,,0,0,0,0,461
2022-01-04 03:57:01 UTC,8841,0,0,,3.9,0,0,0,461
2022-01-04 04:57:01 UTC,8842,0,0,,0,0,0,0,461
2022-01-04 05:57:01 UTC,8843,5,5,,0,0,0,0,461
2022-01-04 06:57:01 UTC,8844,4,9,,0,0,0,0,461
2022-01-04 07:57:01 UTC,8845,6,15,,3.9,0,0,0,461
2022-01-04 08:57:01 UTC,8846,27,44,,0,0,0,0,461
2022-01-04 09:57:01 UTC,8847,34,78,,0,0,0,0,461
2022-01-04 10:57:01 UTC,8848,40,118,,0,0,0,0,461
2022-01-04 11:57:01 UTC,8849,38,156,,4,0,0,0,461
2022-01-04 12:57:01 UTC,8850,64,225,,0,0,0,0,461
2022-01-04 13:57:01 UTC,8851,51,276,,0,0,0,0,461
2022-01-04 14:57:01 UTC,8852,26,302,,0,0,0,0,461
2022-01-04 15:57:01 UTC,8853,35,337,,3.9,0,0,0,461
2022-01-04 16:57:01 UTC,8854,18,358,,0,0,0,0,461
2022-01-04 17:57:01 UTC,8855,12,370,,0,0,0,0,461
2022-01-04 18:57:01 UTC,8856,5,375,,0,0,0,0,461
2022-01-04 19:57:01 UTC,8857,1,376,,3.9,0,0,0,461
2022-01-04 20:57:01 UTC,8858,0,376,,0,0,0,0,461
2022-01-04 21:57:01 UTC,8859,0,376,,3.9,0,0,0,461
2022-01-04 22:57:01 UTC,8860,,,376,,,,,
2022-01-04 23:57:01 UTC,8861,0,0,,0,0,0,0,376
2022-01-05 00:57:01 UTC,8862,0,0,,0,0,0,0,376
2022-01-05 01:57:01 UTC,8863,0,0,,0,0,0,0,376
2022-01-05 02:57:01 UTC,8864,0,0,,0,0,0,0,376
2022-01-05 03:57:01 UTC,8865,0,0,,3.9,0,0,0,376
2022-01-05 04:57:01 UTC,8866,0,1,,0,0,0,0,376
2022-01-05 05:57:01 UTC,8867,3,4,,0,0,0,0,376
2022-01-05 06:57:01 UTC,8868,16,20,,0,0,0,0,376
2022-01-05 07:57:01 UTC,8869,26,46,,3.9,0,0,0,376
2022-01-05 08:57:01 UTC,8870,54,105,,0,0,0,0,376
2022-01-05 09:57:01 UTC,8871,72,177,,0,0,0,0,376
2022-01-05 10:57:01 UTC,8872,86,263,,0,0,0,0,376
2022-01-05 11:57:01 UTC,8873,73,336,,3.9,0,0,0,376
2022-01-05 12:57:01 UTC,8874,48,392,,0,0,0,0,376
2022-01-05 13:57:01 UTC,8875,19,411,,0,0,0,0,376
2022-01-05 14:57:01 UTC,8876,30,441,,0,0,0,0,376
2022-01-05 15:57:01 UTC,8877,17,458,,3.9,0,0,0,376
2022-01-05 16:57:01 UTC,8878,14,472,,0,0,0,0,376
2022-01-05 17:57:01 UTC,8879,7,479,,0,0,0,0,376
2022-01-05 18:57:01 UTC,8880,1,480,,0,0,0,0,376
2022-01-05 19:57:01 UTC,8881,0,480,,3.9,0,0,0,376
2022-01-05 20:57:01 UTC,8882,0,480,,0,0,0,0,376
2022-01-05 21:57:01 UTC,8883,0,480,,3.9,0,0,0,376
2022-01-05 22:57:01 UTC,8884,,,480,,,,,
2022-01-05 23:57:01 UTC,8885,0,0,,0,0,0,0,480
2022-01-06 00:57:01 UTC,8886,0,0,,0,0,0,0,480
2022-01-06 01:57:01 UTC,8887,1,1,,0,0,0,0,480
2022-01-06 02:57:01 UTC,8888,0,1,,0,0,0,0,480
2022-01-06 03:57:01 UTC,8889,0,1,,3.9,0,0,0,480
2022-01-06 04:57:01 UTC,8890,0,1,,0,0,0,0,480
2022-01-06 05:57:01 UTC,8891,4,5,,0,0,0,0,480
2022-01-06 06:57:01 UTC,8892,6,11,,0,0,0,0,480
2022-01-06 07:57:01 UTC,8893,22,33,,3.9,0,0,0,480
2022-01-06 08:57:01 UTC,8894,45,88,,0,0,0,0,480
2022-01-06 09:57:01 UTC,8895,88,176,,0,0,0,0,480
2022-01-06 10:57:01 UTC,8896,69,245,,0,0,0,0,480
2022-01-06 11:57:01 UTC,8897,52,297,,3.9,0,0,0,480
2022-01-06 12:57:01 UTC,8898,71,378,,0,0,1,0,480
2022-01-06 13:57:01 UTC,8899,54,432,,0,0,1,0,480
2022-01-06 14:57:01 UTC,8900,53,485,,0,0,1,0,480
2022-01-06 15:57:01 UTC,8901,48,533,,3.9,0,1,0,480
2022-01-06 16:57:01 UTC,8902,31,566,,0,0,1,0,480
2022-01-06 17:57:01 UTC,8903,10,576,,0,0,1,0,480
2022-01-06 18:57:01 UTC,8904,0,576,,0,0,1,0,480
2022-01-06 19:57:01 UTC,8905,1,577,,3.9,0,1,0,480
2022-01-06 20:57:01 UTC,8906,0,577,,0,0,1,0,480
2022-01-06 21:57:01 UTC,8907,0,577,,3.9,0,1,0,480
2022-01-06 22:57:01 UTC,8908,,,577,,,,,
