created_at,entry_id,field1,field2,field3,field4,field5,field6,field7,field8
2021-04-01 00:57:01 UTC,2607,0,0,,0,0,0,0,2250
2021-04-01 01:57:01 UTC,2608,0,0,,0,0,0,0,2250
2021-04-01 02:57:01 UTC,2609,0,0,,3.9,0,0,0,2250
2021-04-01 03:57:01 UTC,2610,1,1,,0,0,0,0,2250
2021-04-01 04:57:01 UTC,2611,8,9,,0,0,0,0,2250
2021-04-01 05:57:01 UTC,2612,24,33,,0,0,0,0,2250
2021-04-01 06:57:01 UTC,2613,71,104,,3.9,0,0,0,2250
2021-04-01 07:57:01 UTC,2614,141,246,,0,0,0,0,2250
2021-04-01 08:57:01 UTC,2615,240,486,,0,0,0,0,2250
2021-04-01 09:57:01 UTC,2616,260,746,,0,0,0,0,2250
2021-04-01 10:57:01 UTC,2617,226,972,,0,0,0,0,2250
2021-04-01 11:57:01 UTC,2618,181,1153,,0,0,0,0,2250
2021-04-01 12:57:01 UTC,2619,176,1329,,0,0,0,0,2250
2021-04-01 13:57:01 UTC,2620,181,1510,,0,0,0,0,2250
2021-04-01 14:57:01 UTC,2621,209,1719,,0,0,0,0,2250
2021-04-01 15:57:01 UTC,2622,191,1910,,0,0,0,0,2250
2021-04-01 16:57:01 UTC,2623,168,2078,,0,0,0,0,2250
2021-04-01 17:57:01 UTC,2624,95,2173,,0,0,0,0,2250
2021-04-01 18:57:01 UTC,2625,9,2182,,0,0,0,0,2250
2021-04-01 19:57:01 UTC,2626,2,2184,,0,0,0,0,2250
2021-04-01 20:57:01 UTC,2627,0,2184,,3.9,0,0,0,2250
2021-04-01 21:57:01 UTC,2628,,,2184,,,,,
2021-04-01 22:57:01 UTC,2629,0,0,,0,0,0,0,2184
2021-04-01 23:57:01 UTC,2630,0,0,,0,0,0,0,2184
2021-04-02 00:57:01 UTC,2631,0,0,,0,0,0,0,2184
2021-04-02 01:57:01 UTC,2632,0,0,,0,0,0,0,2184
2021-04-02 02:57:01 UTC,2633,0,0,,3.9,0,0,0,2184
2021-04-02 03:57:01 UTC,2634,0,0,,0,0,0,0,2184
2021-04-02 04:57:01 UTC,2635,4,4,,0,0,0,0,2184
2021-04-02 05:57:01 UTC,2636,30,34,,0,0,0,0,2184
2021-04-02 06:57:01 UTC,2637,53,87,,3.9,0,0,0,2184
2021-04-02 07:57:01 UTC,2638,105,192,,0,0,0,0,2184
2021-04-02 08:57:01 UTC,2639,208,400,,0,0,0,0,2184
2021-04-02 09:57:01 UTC,2640,265,665,,0,0,0,0,2184
2021-04-02 10:57:01 UTC,2641,274,939,,0,0,0,0,2184
2021-04-02 11:57:01 UTC,2642,237,1176,,0,0,0,0,2184
2021-04-02 12:57:01 UTC,2643,214,1390,,0,0,0,0,2184
2021-04-02 13:57:01 UTC,2644,235,1625,,0,0,0,0,2184
2021-04-02 14:57:01 UTC,2645,260,1885,,0,0,0,0,2184
2021-04-02 15:57:01 UTC,2646,220,2105,,0,0,0,0,2184
2021-04-02 16:57:01 UTC,2647,203,2308,,0,0,0,0,2184
2021-04-02 17:57:01 UTC,2648,91,2399,,0,0,0,0,2184
2021-04-02 18:57:01 UTC,2649,13,2412,,0,0,0,0,2184
2021-04-02 19:57:01 UTC,2650,0,2412,,0,0,0,0,2184
2021-04-02 20:57:01 UTC,2651,0,2412,,3.9,0,0,0,2184
2021-04-02 21:57:01 UTC,2652,,,2412,,,,,
2021-04-02 22:57:01 UTC,2653,0,0,,0,0,0,0,2412
2021-04-02 23:57:01 UTC,2654,0,0,,0,0,0,0,2412
2021-04-03 00:57:01 UTC,2655,0,0,,0,0,0,0,2412
2021-04-03 01:57:01 UTC,2656,0,0,,0,0,0,0,2412
2021-04-03 02:57:01 UTC,2657,0,0,,3.9,0,0,0,2412
2021-04-03 03:57:01 UTC,2658,0,0,,0,0,0,0,2412
2021-04-03 04:57:01 UTC,2659,8,8,,0,0,0,0,2412
2021-04-03 05:57:01 UTC,2660,24,32,,0,0,0,0,2412
2021-04-03 06:57:01 UTC,2661,136,168,,3.9,0,0,0,2412
2021-04-03 07:57:01 UTC,2662,297,468,,0,0,0,0,2412
2021-04-03 08:57:01 UTC,2663,436,904,,0,0,0,0,2412
2021-04-03 09:57:01 UTC,2664,605,1509,,0,0,0,0,2412
2021-04-03 10:57:01 UTC,2665,502,2011,,0,0,0,0,2412
2021-04-03 11:57:01 UTC,2666,332,2343,,0,0,0,0,2412
2021-04-03 12:57:01 UTC,2667,247,2590,,0,0,0,0,2412
2021-04-03 13:57:01 UTC,2668,230,2820,,0,0,0,0,2412
2021-04-03 14:57:01 UTC,2669,212,3032,,0,0,0,0,2412
2021-04-03 15:57:01 UTC,2670,179,3211,,0,0,0,0,2412
2021-04-03 16:57:01 UTC,2671,172,3383,,0,0,0,0,2412
2021-04-03 17:57:01 UTC,2672,60,3443,,0,0,0,0,2412
2021-04-03 18:57:01 UTC,2673,12,3455,,0,0,0,0,2412
2021-04-03 19:57:01 UTC,2674,0,3455,,0,0,0,0,2412
2021-04-03 20:57:01 UTC,2675,0,3455,,3.9,0,0,0,2412
2021-04-03 21:57:01 UTC,2676,,,3455,,,,,
2021-04-03 22:57:01 UTC,2677,0,0,,0,0,0,0,3455
2021-04-03 23:57:01 UTC,2678,0,0,,0,0,0,0,3455
2021-04-04 00:57:01 UTC,2679,0,0,,0,0,0,0,3455
2021-04-04 01:57:01 UTC,2680,0,0,,0,0,0,0,3455
2021-04-04 02:57:01 UTC,2681,0,0,,0,0,0,0,3455
2021-04-04 03:57:01 UTC,2682,1,1,,0,0,0,0,3455
2021-04-04 04:57:01 UTC,2683,3,4,,0,0,0,0,3455
2021-04-04 05:57:01 UTC,2684,21,25,,0,0,0,0,3455
2021-04-04 06:57:01 UTC,2685,112,137,,3.9,0,0,0,3455
2021-04-04 07:57:01 UTC,2686,281,423,,0,0,0,0,3455
2021-04-04 08:57:01 UTC,2687,401,824,,0,0,0,0,3455
2021-04-04 09:57:01 UTC,2688,395,1219,,0,0,0,0,3455
2021-04-04 10:57:01 UTC,2689,269,1488,,0,0,0,0,3455
2021-04-04 11:57:01 UTC,2690,152,1640,,0,0,0,0,3455
2021-04-04 12:57:01 UTC,2691,103,1743,,0,0,0,0,3455
2021-04-04 13:57:01 UTC,2692,150,1893,,0,0,0,0,3455
2021-04-04 14:57:01 UTC,2693,231,2124,,0,0,0,0,3455
2021-04-04 15:57:01 UTC,2694,250,2374,,0,0,0,0,3455
2021-04-04 16:57:01 UTC,2695,183,2557,,0,0,0,0,3455
2021-04-04 17:57:01 UTC,2696,78,2635,,0,0,0,0,3455
2021-04-04 18:57:01 UTC,2697,6,2641,,0,0,0,0,3455
2021-04-04 19:57:01 UTC,2698,1,2642,,0,0,0,0,3455
2021-04-04 20:57:01 UTC,2699,0,2642,,3.9,0,0,0,3455
2021-04-04 21:57:01 UTC,2700,,,2642,,,,,
2021-04-04 22:57:01 UTC,2701,0,0,,0,0,0,0,2642
2021-04-04 23:57:01 UTC,2702,0,0,,0,0,0,0,2642
2021-04-05 00:57:01 UTC,2703,0,0,,0,0,0,0,2642
2021-04-05 01:57:01 UTC,2704,0,0,,0,0,0,0,2642
2021-04-05 02:57:01 UTC,2705,0,0,,3.9,0,0,0,2642
2021-04-05 03:57:01 UTC,2706,1,1,,0,0,0,0,2642
2021-04-05 04:57:01 UTC,2707,5,6,,0,0,0,0,2642
2021-04-05 05:57:01 UTC,2708,26,32,,0,0,0,0,2642
2021-04-05 06:57:01 UTC,2709,105,137,,3.9,0,0,0,2642
2021-04-05 07:57:01 UTC,2710,350,495,,0,0,0,0,2642
2021-04-05 08:57:01 UTC,2711,556,1051,,0,0,0,0,2642
2021-04-05 09:57:01 UTC,2712,656,1707,,0,0,0,0,2642
2021-04-05 10:57:01 UTC,2713,513,2220,,0,0,0,0,2642
2021-04-05 11:57:01 UTC,2714,315,2535,,0,0,0,0,2642
2021-04-05 12:57:01 UTC,2715,180,2715,,0,0,0,0,2642
2021-04-05 13:57:01 UTC,2716,190,2905,,0,0,0,0,2642
2021-04-05 14:57:01 UTC,2717,233,3138,,0,0,0,0,2642
2021-04-05 15:57:01 UTC,2718,208,3346,,0,0,0,0,2642
2021-04-05 16:57:01 UTC,2719,152,3498,,0,0,0,0,2642
2021-04-05 17:57:01 UTC,2720,87,3585,,0,0,0,0,2642
2021-04-05 18:57:01 UTC,2721,17,3602,,0,0,0,0,2642
2021-04-05 19:57:01 UTC,2722,0,3602,,0,0,0,0,2642
2021-04-05 20:57:01 UTC,2723,1,3603,,3.9,0,0,0,2642
2021-04-05 21:57:01 UTC,2724,,,3603,,,,,
2021-04-05 22:57:01 UTC,2725,0,0,,0,0,0,0,3603
2021-04-05 23:57:01 UTC,2726,0,0,,0,0,0,0,3603
2021-04-06 00:57:01 UTC,2727,0,0,,0,0,0,0,3603
2021-04-06 01:57:01 UTC,2728,0,0,,0,0,0,0,3603
2021-04-06 02:57:01 UTC,2729,0,0,,3.9,0,0,0,3603
2021-04-06 03:57:01 UTC,2730,1,1,,0,0,0,0,3603
2021-04-06 04:57:01 UTC,2731,9,10,,0,0,0,0,3603
2021-04-06 05:57:01 UTC,2732,28,38,,0,0,0,0,3603
2021-04-06 06:57:01 UTC,2733,33,71,,3.9,0,0,0,3603
2021-04-06 07:57:01 UTC,2734,27,99,,0,0,0,0,3603
2021-04-06 08:57:01 UTC,2735,21,120,,0,0,0,0,3603
2021-04-06 09:57:01 UTC,2736,47,167,,0,0,0,0,3603
2021-04-06 10:57:01 UTC,2737,50,217,,0,0,0,0,3603
2021-04-06 11:57:01 UTC,2738,62,279,,0,0,0,0,3603
2021-04-06 12:57:01 UTC,2739,64,343,,0,0,0,0,3603
2021-04-06 13:57:01 UTC,2740,71,414,,0,0,0,0,3603
2021-04-06 14:57:01 UTC,2741,111,525,,0,0,0,0,3603
2021-04-06 15:57:01 UTC,2742,110,635,,0,0,0,0,3603
2021-04-06 16:57:01 UTC,2743,109,744,,0,0,0,0,3603
2021-04-06 17:57:01 UTC,2744,60,804,,0,0,0,0,3603
2021-04-06 18:57:01 UTC,2745,9,813,,0,0,0,0,3603
2021-04-06 19:57:01 UTC,2746,3,816,,0,0,0,0,3603
2021-04-06 20:57:01 UTC,2747,0,816,,3.9,0,0,0,3603
2021-04-06 21:57:01 UTC,2748,,,816,,,,,
2021-04-06 22:57:01 UTC,2749,0,0,,0,0,0,0,816
2021-04-06 23:57:01 UTC,2750,0,0,,0,0,0,0,816
2021-04-07 00:57:01 UTC,2751,0,0,,0,0,0,0,816
2021-04-07 01:57:01 UTC,2752,0,0,,0,0,0,0,816
2021-04-07 02:57:01 UTC,2753,0,0,,3.9,0,0,0,816
2021-04-07 03:57:01 UTC,2754,1,1,,0,0,0,0,816
2021-04-07 04:57:01 UTC,2755,7,8,,0,0,0,0,816
2021-04-07 05:57:01 UTC,2756,29,37,,0,0,0,0,816
2021-04-07 06:57:01 UTC,2757,49,86,,3.9,0,0,0,816
2021-04-07 07:57:01 UTC,2758,131,221,,0,0,0,0,816
2021-04-07 08:57:01 UTC,2759,198,419,,0,0,0,0,816
2021-04-07 09:57:01 UTC,2760,185,604,,0,0,0,0,816
2021-04-07 10:57:01 UTC,2761,148,752,,0,0,0,0,816
2021-04-07 11:57:01 UTC,2762,152,904,,0,0,0,0,816
2021-04-07 12:57:01 UTC,2763,96,1000,,0,0,0,0,816
2021-04-07 13:57:01 UTC,2764,100,1100,,0,0,0,0,816
2021-04-07 14:57:01 UTC,2765,82,1182,,0,0,0,0,816
2021-04-07 15:57:01 UTC,2766,96,1278,,0,0,0,0,816
2021-04-07 16:57:01 UTC,2767,89,1367,,0,0,0,0,816
2021-04-07 17:57:01 UTC,2768,38,1405,,0,0,0,0,816
2021-04-07 18:57:01 UTC,2769,9,1414,,3.9,0,0,0,816
