created_at,entry_id,field1,field2,field3,field4,field5,field6,field7,field8
2022-04-01 00:57:01 UTC,962,0,0,,0,0,0,0,26
2022-04-01 01:57:01 UTC,963,0,0,,0,0,0,0,26
2022-04-01 02:57:01 UTC,964,0,0,,3.9,0,0,0,26
2022-04-01 03:57:01 UTC,965,0,0,,0,0,0,0,26
2022-04-01 04:57:01 UTC,966,0,0,,0,0,0,0,26
2022-04-01 05:57:01 UTC,967,1,1,,0,0,0,0,26
2022-04-01 06:57:01 UTC,968,1,2,,3.9,0,0,0,26
2022-04-01 07:57:01 UTC,969,2,4,,0,0,1,0,26
2022-04-01 08:57:01 UTC,970,1,5,,0,0,1,0,26
2022-04-01 09:57:01 UTC,971,3,8,,0,0,1,0,26
2022-04-01 10:57:01 UTC,972,1,9,,3.9,0,1,0,26
2022-04-01 11:57:01 UTC,973,9,18,,0,0,2,0,26
2022-04-01 12:57:01 UTC,974,5,23,,0,0,2,0,26
2022-04-01 13:57:01 UTC,975,5,28,,0,0,2,0,26
2022-04-01 14:57:01 UTC,976,5,33,,0,0,2,0,26
2022-04-01 15:57:01 UTC,977,1,34,,0,0,3,0,26
2022-04-01 16:57:01 UTC,978,2,36,,0,0,3,0,26
2022-04-01 17:57:01 UTC,979,1,37,,0,0,3,0,26
2022-04-01 18:57:01 UTC,980,0,37,,3.9,0,3,0,26
2022-04-01 19:57:01 UTC,981,0,37,,0,0,4,0,26
2022-04-01 20:57:01 UTC,982,0,37,,3.9,0,4,0,26
2022-04-01 21:57:01 UTC,983,,,37,,,,,
2022-04-01 22:57:01 UTC,984,0,0,,0,0,0,0,37
2022-04-01 23:57:01 UTC,985,0,0,,0,0,0,0,37
2022-04-02 00:57:01 UTC,986,0,0,,0,0,0,0,37
2022-04-02 01:57:01 UTC,987,0,0,,0,0,0,0,37
2022-04-02 02:57:01 UTC,988,0,0,,3.9,0,0,0,37
2022-04-02 03:57:01 UTC,989,1,1,,0,0,0,0,37
2022-04-02 04:57:01 UTC,990,1,2,,0,0,0,0,37
2022-04-02 05:57:01 UTC,991,3,5,,0,0,0,0,37
2022-04-02 06:57:01 UTC,992,0,5,,3.9,0,0,0,37
2022-04-02 07:57:01 UTC,993,2,7,,0,0,0,0,37
2022-04-02 08:57:01 UTC,994,2,9,,0,0,0,0,37
2022-04-02 09:57:01 UTC,995,4,13,,0,0,0,0,37
2022-04-02 10:57:01 UTC,996,2,15,,3.9,0,0,0,37
2022-04-02 11:57:01 UTC,997,2,17,,0,0,1,0,37
2022-04-02 12:57:01 UTC,998,0,17,,0,0,1,0,37
2022-04-02 13:57:01 UTC,999,0,17,,0,0,1,0,37
2022-04-02 14:57:01 UTC,1000,0,17,,3.9,0,1,0,37
2022-04-02 15:57:01 UTC,1001,0,17,,0,0,2,0,37
2022-04-02 16:57:01 UTC,1002,0,17,,0,0,2,0,37
2022-04-02 17:57:01 UTC,1003,0,17,,0,0,2,0,37
2022-04-02 18:57:01 UTC,1004,1,18,,3.9,0,2,0,37
2022-04-02 19:57:01 UTC,1005,0,18,,0,0,2,0,37
2022-04-02 20:57:01 UTC,1006,0,18,,3.9,0,2,0,37
2022-04-02 21:57:01 UTC,1007,,,18,,,,,
2022-04-02 22:57:01 UTC,1008,0,0,,0,0,0,0,18
2022-04-02 23:57:01 UTC,1009,0,0,,0,0,0,0,18
2022-04-03 00:57:01 UTC,1010,0,0,,0,0,0,0,18
2022-04-03 01:57:01 UTC,1011,0,0,,0,0,0,0,18
2022-04-03 02:57:01 UTC,1012,0,0,,3.9,0,0,0,18
2022-04-03 03:57:01 UTC,1013,0,0,,0,0,0,0,18
2022-04-03 04:57:01 UTC,1014,0,0,,0,0,0,0,18
2022-04-03 05:57:01 UTC,1015,1,1,,0,0,0,0,18
2022-04-03 06:57:01 UTC,1016,7,8,,3.9,0,0,0,18
2022-04-03 07:57:01 UTC,1017,24,32,,0,0,0,0,18
2022-04-03 08:57:01 UTC,1018,33,65,,0,0,0,0,18
2022-04-03 09:57:01 UTC,1019,78,143,,0,0,0,0,18
2022-04-03 10:57:01 UTC,1020,56,199,,3.9,0,0,0,18
2022-04-03 11:57:01 UTC,1021,29,228,,0,0,1,0,18
2022-04-03 12:57:01 UTC,1022,23,251,,0,0,1,0,18
2022-04-03 13:57:01 UTC,1023,61,312,,0,0,1,0,18
2022-04-03 14:57:01 UTC,1024,55,367,,3.9,0,1,0,18
2022-04-03 15:57:01 UTC,1025,22,389,,0,0,2,0,18
2022-04-03 16:57:01 UTC,1026,10,399,,0,0,2,0,18
2022-04-03 17:57:01 UTC,1027,1,400,,0,0,2,0,18
2022-04-03 18:57:01 UTC,1028,0,400,,3.9,0,2,0,18
2022-04-03 19:57:01 UTC,1029,0,400,,0,0,2,0,18
2022-04-03 20:57:01 UTC,1030,0,400,,3.9,0,2,0,18
2022-04-03 21:57:01 UTC,1031,,,400,,,,,
2022-04-03 22:57:01 UTC,1032,0,0,,0,0,0,0,400
2022-04-03 23:57:01 UTC,1033,0,0,,0,0,0,0,400
2022-04-04 00:57:01 UTC,1034,0,0,,0,0,0,0,400
2022-04-04 01:57:01 UTC,1035,0,0,,0,0,0,0,400
2022-04-04 02:57:01 UTC,1036,0,0,,3.9,0,0,0,400
2022-04-04 03:57:01 UTC,1037,0,0,,0,0,0,0,400
2022-04-04 04:57:01 UTC,1038,0,0,,0,0,0,0,400
2022-04-04 05:57:01 UTC,1039,3,3,,0,0,0,0,400
2022-04-04 06:57:01 UTC,1040,1,4,,3.9,0,0,0,400
2022-04-04 07:57:01 UTC,1041,8,13,,0,0,2,0,400
2022-04-04 08:57:01 UTC,1042,15,28,,0,0,2,0,400
2022-04-04 09:57:01 UTC,1043,5,33,,0,0,2,0,400
2022-04-04 10:57:01 UTC,1044,5,38,,0,0,2,0,400
2022-04-04 11:57:01 UTC,1045,10,48,,0,0,3,0,400
2022-04-04 12:57:01 UTC,1046,5,53,,0,0,3,0,400
2022-04-04 13:57:01 UTC,1047,8,61,,0,0,3,0,400
2022-04-04 14:57:01 UTC,1048,14,75,,0,0,3,0,400
2022-04-04 15:57:01 UTC,1049,7,82,,0,0,3,0,400
2022-04-04 16:57:01 UTC,1050,7,89,,0,0,3,0,400
2022-04-04 17:57:01 UTC,1051,3,92,,0,0,3,0,400
2022-04-04 18:57:01 UTC,1052,1,93,,3.9,0,3,0,400
2022-04-04 19:57:01 UTC,1053,0,93,,0,0,3,0,400
2022-04-04 20:57:01 UTC,1054,0,93,,3.9,0,3,0,400
2022-04-04 21:57:01 UTC,1055,,,93,,,,,
2022-04-04 22:57:01 UTC,1056,0,0,,0,0,0,0,93
2022-04-04 23:57:01 UTC,1057,0,0,,0,0,0,0,93
2022-04-05 00:57:01 UTC,1058,0,0,,0,0,0,0,93
2022-04-05 01:57:01 UTC,1059,0,0,,0,0,0,0,93
2022-04-05 02:57:01 UTC,1060,0,0,,3.9,0,0,0,93
2022-04-05 03:57:01 UTC,1061,0,0,,0,0,0,0,93
2022-04-05 04:57:01 UTC,1062,0,0,,0,0,0,0,93
2022-04-05 05:57:01 UTC,1063,2,2,,0,0,0,0,93
2022-04-05 06:57:01 UTC,1064,8,10,,3.9,0,0,0,93
2022-04-05 07:57:01 UTC,1065,17,28,,0,0,2,0,93
2022-04-05 08:57:01 UTC,1066,20,48,,0,0,2,0,93
2022-04-05 09:57:01 UTC,1067,27,75,,0,0,2,0,93
2022-04-05 10:57:01 UTC,1068,24,99,,0,0,2,0,93
2022-04-05 11:57:01 UTC,1069,19,118,,0,0,4,0,93
2022-04-05 12:57:01 UTC,1070,21,139,,0,0,4,0,93
2022-04-05 13:57:01 UTC,1071,25,164,,0,0,4,0,93
2022-04-05 14:57:01 UTC,1072,24,188,,0,0,4,0,93
2022-04-05 15:57:01 UTC,1073,29,217,,0,0,4,0,93
2022-04-05 16:57:01 UTC,1074,23,240,,0,0,4,0,93
2022-04-05 17:57:01 UTC,1075,4,244,,0,0,4,0,93
2022-04-05 18:57:01 UTC,1076,3,247,,3.9,0,4,0,93
2022-04-05 19:57:01 UTC,1077,0,247,,0,0,4,0,93
2022-04-05 20:57:01 UTC,1078,0,247,,3.9,0,4,0,93
2022-04-05 21:57:01 UTC,1079,,,247,,,,,
2022-04-05 22:57:01 UTC,1080,0,0,,0,0,0,0,248
2022-04-05 23:57:01 UTC,1081,0,0,,0,0,0,0,248
2022-04-06 00:57:01 UTC,1082,0,0,,0,0,0,0,248
2022-04-06 01:57:01 UTC,1083,0,0,,0,0,0,0,248
2022-04-06 02:57:01 UTC,1084,0,0,,3.9,0,0,0,248
2022-04-06 03:57:01 UTC,1085,0,0,,0,0,0,0,248
2022-04-06 04:57:01 UTC,1086,0,0,,0,0,0,0,248
2022-04-06 05:57:01 UTC,1087,4,4,,0,0,0,0,248
2022-04-06 06:57:01 UTC,1088,4,8,,3.9,0,0,0,248
2022-04-06 07:57:01 UTC,1089,10,18,,0,0,1,0,248
2022-04-06 08:57:01 UTC,1090,5,23,,0,0,1,0,248
2022-04-06 09:57:01 UTC,1091,3,26,,0,0,1,0,248
2022-04-06 10:57:01 UTC,1092,1,27,,3.9,0,1,0,248
2022-04-06 11:57:01 UTC,1093,0,27,,0,0,1,0,248
2022-04-06 12:57:01 UTC,1094,0,27,,0,0,1,0,248
2022-04-06 13:57:01 UTC,1095,2,29,,0,0,1,0,248
2022-04-06 14:57:01 UTC,1096,3,32,,3.9,0,1,0,248
2022-04-06 15:57:01 UTC,1097,4,36,,0,0,2,0,248
2022-04-06 16:57:01 UTC,1098,4,40,,0,0,2,0,248
2022-04-06 17:57:01 UTC,1099,2,42,,0,0,2,0,248
2022-04-06 18:57:01 UTC,1100,2,44,,3.9,0,2,0,248
2022-04-06 19:57:01 UTC,1101,0,44,,0,0,2,0,248
2022-04-06 20:57:01 UTC,1102,0,44,,3.9,0,2,0,248
2022-04-06 21:57:01 UTC,1103,,,44,,,,,
2022-04-06 22:57:01 UTC,1104,0,0,,0,0,0,0,44
2022-04-06 23:57:01 UTC,1105,0,0,,0,0,0,0,44
2022-04-07 00:57:01 UTC,1106,0,0,,0,0,0,0,44
2022-04-07 01:57:01 UTC,1107,0,0,,0,0,0,0,44
2022-04-07 02:57:01 UTC,1108,0,0,,3.8,0,0,0,44
2022-04-07 03:57:01 UTC,1109,0,0,,0,0,0,0,44
2022-04-07 04:57:01 UTC,1110,0,0,,0,0,0,0,44
2022-04-07 05:57:01 UTC,1111,0,0,,0,0,0,0,44
2022-04-07 06:57:01 UTC,1112,1,1,,3.9,0,0,0,44
2022-04-07 07:57:01 UTC,1113,9,12,,0,0,0,0,44
2022-04-07 08:57:01 UTC,1114,13,25,,0,0,0,0,44
2022-04-07 09:57:01 UTC,1115,10,35,,0,0,0,0,44
2022-04-07 10:57:01 UTC,1116,14,49,,3.9,0,0,0,44
2022-04-07 11:57:01 UTC,1117,14,63,,0,0,0,0,44
2022-04-07 12:57:01 UTC,1118,20,83,,0,0,0,0,44
2022-04-07 13:57:01 UTC,1119,33,116,,0,0,0,0,44
2022-04-07 14:57:01 UTC,1120,20,136,,0,0,0,0,44
2022-04-07 15:57:01 UTC,1121,26,162,,0,0,0,0,44
2022-04-07 16:57:01 UTC,1122,15,177,,0,0,0,0,44
2022-04-07 17:57:01 UTC,1123,11,188,,0,0,0,0,44
2022-04-07 18:57:01 UTC,1124,2,190,,3.9,0,0,0,44
2022-04-07 19:57:01 UTC,1125,0,190,,0,0,1,0,44
2022-04-07 20:57:01 UTC,1126,0,190,,3.9,0,1,0,44
2022-04-07 21:57:01 UTC,1127,,,190,,,,,
2022-04-07 22:57:01 UTC,1128,0,0,,0,0,0,0,190
2022-04-07 23:57:01 UTC,1129,0,0,,0,0,0,0,190
2022-04-08 00:57:01 UTC,1130,0,0,,0,0,0,0,190
2022-04-08 01:57:01 UTC,1131,0,0,,0,0,0,0,190
2022-04-08 02:57:01 UTC,1132,0,0,,3.9,0,0,0,190
2022-04-08 03:57:01 UTC,1133,0,0,,0,0,0,0,190
2022-04-08 04:57:01 UTC,1134,0,0,,0,0,0,0,190
2022-04-08 05:57:01 UTC,1135,4,4,,0,0,0,0,190
2022-04-08 06:57:01 UTC,1136,3,7,,3.9,0,0,0,190
2022-04-08 07:57:01 UTC,1137,8,16,,0,0,1,0,190
2022-04-08 08:57:01 UTC,1138,5,21,,0,0,1,0,190
2022-04-08 09:57:01 UTC,1139,18,39,,0,0,1,0,190
2022-04-08 10:57:01 UTC,1140,13,52,,0,0,1,0,190
2022-04-08 11:57:01 UTC,1141,14,66,,0,0,1,0,190
2022-04-08 12:57:01 UTC,1142,16,82,,0,0,1,0,190
2022-04-08 13:57:01 UTC,1143,11,93,,0,0,1,0,190
2022-04-08 14:57:01 UTC,1144,21,114,,0,0,1,0,190
2022-04-08 15:57:01 UTC,1145,14,128,,0,0,2,0,190
2022-04-08 16:57:01 UTC,1146,10,138,,0,0,2,0,190
2022-04-08 17:57:01 UTC,1147,6,144,,0,0,2,0,190
2022-04-08 18:57:01 UTC,1148,1,145,,0,0,2,0,190
2022-04-08 19:57:01 UTC,1149,0,145,,0,0,2,0,190
2022-04-08 20:57:01 UTC,1150,1,146,,3.9,0,2,0,190
2022-04-08 21:57:01 UTC,1151,,,146,,,,,
2022-04-08 22:57:01 UTC,1152,0,0,,0,0,0,0,146
2022-04-08 23:57:01 UTC,1153,0,0,,0,0,0,0,146
2022-04-09 00:57:01 UTC,1154,0,0,,0,0,0,0,146
2022-04-09 01:57:01 UTC,1155,0,0,,0,0,0,0,146
2022-04-09 02:57:01 UTC,1156,0,0,,3.9,0,0,0,146
2022-04-09 03:57:01 UTC,1157,0,0,,0,0,0,0,146
2022-04-09 04:57:01 UTC,1158,0,0,,0,0,0,0,146
2022-04-09 05:57:01 UTC,1159,1,1,,0,0,0,0,146
2022-04-09 06:57:01 UTC,1160,5,6,,3.9,0,0,0,146
2022-04-09 07:57:01 UTC,1161,8,14,,0,0,0,0,146
2022-04-09 08:57:01 UTC,1162,9,23,,0,0,0,0,146
2022-04-09 09:57:01 UTC,1163,10,33,,0,0,0,0,146
2022-04-09 10:57:01 UTC,1164,23,56,,0,0,0,0,146
2022-04-09 11:57:01 UTC,1165,18,74,,0,0,1,0,146
2022-04-09 12:57:01 UTC,1166,16,90,,0,0,1,0,146
2022-04-09 13:57:01 UTC,1167,16,106,,0,0,1,0,146
2022-04-09 14:57:01 UTC,1168,9,115,,0,0,1,0,146
2022-04-09 15:57:01 UTC,1169,12,127,,0,0,1,0,146
2022-04-09 16:57:01 UTC,1170,6,133,,0,0,1,0,146
2022-04-09 17:57:01 UTC,1171,3,136,,0,0,1,0,146
2022-04-09 18:57:01 UTC,1172,1,137,,3.9,0,1,0,146
2022-04-09 19:57:01 UTC,1173,0,137,,0,0,2,0,146
2022-04-09 20:57:01 UTC,1174,0,137,,3.9,0,2,0,146
2022-04-09 21:57:01 UTC,1175,,,137,,,,,
2022-04-09 22:57:01 UTC,1176,0,0,,0,0,0,0,137
2022-04-09 23:57:01 UTC,1177,1,1,,0,0,0,0,137
2022-04-10 00:57:01 UTC,1178,0,1,,0,0,0,0,137
2022-04-10 01:57:01 UTC,1179,0,1,,0,0,0,0,137
2022-04-10 02:57:01 UTC,1180,0,1,,3.9,0,0,0,137
2022-04-10 03:57:01 UTC,1181,0,1,,0,0,0,0,137
2022-04-10 04:57:01 UTC,1182,0,1,,0,0,0,0,137
2022-04-10 05:57:01 UTC,1183,3,4,,0,0,0,0,137
2022-04-10 06:57:01 UTC,1184,14,18,,3.9,0,0,0,137
2022-04-10 07:57:01 UTC,1185,32,51,,0,0,1,0,137
2022-04-10 08:57:01 UTC,1186,30,81,,0,0,1,0,137
2022-04-10 09:57:01 UTC,1187,51,132,,0,0,1,0,137
2022-04-10 10:57:01 UTC,1188,57,189,,3.9,0,1,0,137
2022-04-10 11:57:01 UTC,1189,43,232,,0,0,2,0,137
2022-04-10 12:57:01 UTC,1190,60,292,,0,0,2,0,137
2022-04-10 13:57:01 UTC,1191,41,333,,0,0,2,0,137
2022-04-10 14:57:01 UTC,1192,44,377,,0,0,2,0,137
2022-04-10 15:57:01 UTC,1193,30,407,,0,0,3,0,137
2022-04-10 16:57:01 UTC,1194,18,425,,0,0,3,0,137
2022-04-10 17:57:01 UTC,1195,1,426,,0,0,3,0,137
2022-04-10 18:57:01 UTC,1196,1,427,,3.9,0,3,0,137
2022-04-10 19:57:01 UTC,1197,0,427,,0,0,4,0,137
2022-04-10 20:57:01 UTC,1198,0,427,,3.9,0,4,0,137
2022-04-10 21:57:01 UTC,1199,,,427,,,,,
2022-04-10 22:57:01 UTC,1200,0,0,,0,0,0,0,427
2022-04-10 23:57:01 UTC,1201,0,0,,0,0,0,0,427
2022-04-11 00:57:01 UTC,1202,0,0,,0,0,0,0,427
2022-04-11 01:57:01 UTC,1203,0,0,,0,0,0,0,427
2022-04-11 02:57:01 UTC,1204,0,0,,3.9,0,0,0,427
2022-04-11 03:57:01 UTC,1205,0,0,,0,0,0,0,427
2022-04-11 04:57:01 UTC,1206,0,0,,0,0,0,0,427
2022-04-11 05:57:01 UTC,1207,6,6,,0,0,0,0,427
2022-04-11 06:57:01 UTC,1208,7,13,,3.9,0,0,0,427
2022-04-11 07:57:01 UTC,1209,23,37,,0,0,2,0,427
2022-04-11 08:57:01 UTC,1210,22,59,,0,0,2,0,427
2022-04-11 09:57:01 UTC,1211,24,83,,0,0,2,0,427
2022-04-11 10:57:01 UTC,1212,13,96,,0,0,2,0,427
2022-04-11 11:57:01 UTC,1213,15,111,,0,0,3,0,427
2022-04-11 12:57:01 UTC,1214,14,125,,0,0,3,0,427
2022-04-11 13:57:01 UTC,1215,26,151,,0,0,3,0,427
2022-04-11 14:57:01 UTC,1216,43,194,,0,0,3,0,427
2022-04-11 15:57:01 UTC,1217,23,217,,0,0,3,0,427
2022-04-11 16:57:01 UTC,1218,19,236,,0,0,3,0,427
2022-04-11 17:57:01 UTC,1219,13,249,,0,0,3,0,427
2022-04-11 18:57:01 UTC,1220,1,250,,3.9,0,3,0,427
2022-04-11 19:57:01 UTC,1221,1,251,,0,0,4,0,427
2022-04-11 20:57:01 UTC,1222,0,251,,3.9,0,4,0,427
2022-04-11 21:57:01 UTC,1223,,,251,,,,,
2022-04-11 22:57:01 UTC,1224,0,0,,0,0,0,0,252
2022-04-11 23:57:01 UTC,1225,0,0,,0,0,0,0,252
2022-04-12 00:57:01 UTC,1226,0,0,,0,0,0,0,252
2022-04-12 01:57:01 UTC,1227,0,0,,0,0,0,0,252
2022-04-12 02:57:01 UTC,1228,0,0,,3.9,0,0,0,252
2022-04-12 03:57:01 UTC,1229,0,0,,0,0,0,0,252
2022-04-12 04:57:01 UTC,1230,1,1,,0,0,0,0,252
2022-04-12 05:57:01 UTC,1231,5,6,,0,0,0,0,252
2022-04-12 06:57:01 UTC,1232,6,12,,3.9,0,0,0,252
2022-04-12 07:57:01 UTC,1233,10,23,,0,0,1,0,252
2022-04-12 08:57:01 UTC,1234,28,51,,0,0,1,0,252
2022-04-12 09:57:01 UTC,1235,32,83,,0,0,1,0,252
2022-04-12 10:57:01 UTC,1236,31,114,,0,0,1,0,252
2022-04-12 11:57:01 UTC,1237,28,142,,0,0,1,0,252
2022-04-12 12:57:01 UTC,1238,23,165,,0,0,1,0,252
2022-04-12 13:57:01 UTC,1239,30,195,,0,0,1,0,252
2022-04-12 14:57:01 UTC,1240,23,218,,0,0,1,0,252
2022-04-12 15:57:01 UTC,1241,14,232,,0,0,2,0,252
2022-04-12 16:57:01 UTC,1242,23,255,,0,0,2,0,252
2022-04-12 17:57:01 UTC,1243,6,261,,0,0,2,0,252
2022-04-12 18:57:01 UTC,1244,1,262,,3.9,0,2,0,252
2022-04-12 19:57:01 UTC,1245,0,262,,0,0,3,0,252
2022-04-12 20:57:01 UTC,1246,0,262,,3.9,0,3,0,252
2022-04-12 21:57:01 UTC,1247,,,262,,,,,
