created_at,entry_id,field1,field2,field3,field4,field5,field6,field7,field8
2022-08-01 00:57:01 UTC,12739,0,1,,0,0,0,0,246
2022-08-01 01:57:01 UTC,12740,0,1,,0,0,0,0,246
2022-08-01 02:57:01 UTC,12741,0,1,,4,0,0,0,246
2022-08-01 03:57:01 UTC,12742,1,2,,0,0,0,0,246
2022-08-01 04:57:01 UTC,12743,5,7,,0,0,0,0,246
2022-08-01 05:57:01 UTC,12744,25,32,,0,0,0,0,246
2022-08-01 06:57:01 UTC,12745,47,79,,4,0,0,0,246
2022-08-01 07:57:01 UTC,12746,55,136,,0,0,0,0,246
2022-08-01 08:57:01 UTC,12747,32,168,,0,0,0,0,246
2022-08-01 09:57:01 UTC,12748,25,193,,0,0,0,0,246
2022-08-01 10:57:01 UTC,12749,23,216,,0,0,0,0,246
2022-08-01 11:57:01 UTC,12750,13,229,,0,0,0,0,246
2022-08-01 12:57:01 UTC,12751,11,240,,0,0,0,0,246
2022-08-01 13:57:01 UTC,12752,12,252,,0,0,0,0,246
2022-08-01 14:57:01 UTC,12753,13,265,,0,0,0,0,246
2022-08-01 15:57:01 UTC,12754,19,284,,0,0,0,0,246
2022-08-01 16:57:01 UTC,12755,51,335,,0,0,0,0,246
2022-08-01 17:57:01 UTC,12756,48,383,,0,0,0,0,246
2022-08-01 18:57:01 UTC,12757,31,414,,4,0,0,0,246
2022-08-01 19:57:01 UTC,12758,2,416,,0,0,0,0,246
2022-08-01 20:57:01 UTC,12759,1,417,,4,0,0,0,246
2022-08-01 21:57:01 UTC,12760,,,417,,,,,
2022-08-01 22:57:01 UTC,12761,0,0,,0,0,0,0,418
2022-08-01 23:57:01 UTC,12762,0,0,,0,0,0,0,418
2022-08-02 00:57:01 UTC,12763,0,0,,0,0,0,0,418
2022-08-02 01:57:01 UTC,12764,0,0,,0,0,0,0,418
2022-08-02 02:57:01 UTC,12765,0,0,,4,0,0,0,418
2022-08-02 03:57:01 UTC,12766,1,1,,0,0,0,0,418
2022-08-02 04:57:01 UTC,12767,6,7,,0,0,0,0,418
2022-08-02 05:57:01 UTC,12768,22,29,,0,0,0,0,418
2022-08-02 06:57:01 UTC,12769,62,91,,4,0,0,0,418
2022-08-02 07:57:01 UTC,12770,70,165,,0,0,0,0,418
2022-08-02 08:57:01 UTC,12771,44,209,,0,0,0,0,418
2022-08-02 09:57:01 UTC,12772,29,238,,0,0,0,0,418
2022-08-02 10:57:01 UTC,12773,19,257,,0,0,0,0,418
2022-08-02 11:57:01 UTC,12774,16,273,,0,0,0,0,418
2022-08-02 12:57:01 UTC,12775,9,282,,0,0,0,0,418
2022-08-02 13:57:01 UTC,12776,8,290,,0,0,0,0,418
2022-08-02 14:57:01 UTC,12777,9,299,,0,0,0,0,418
2022-08-02 15:57:01 UTC,12778,24,323,,0,0,0,0,418
2022-08-02 16:57:01 UTC,12779,52,375,,0,0,0,0,418
2022-08-02 17:57:01 UTC,12780,54,429,,0,0,0,0,418
2022-08-02 18:57:01 UTC,12781,13,442,,0,0,0,0,418
2022-08-02 19:57:01 UTC,12782,3,445,,0,0,0,0,418
2022-08-02 20:57:01 UTC,12783,1,446,,4,0,0,0,418
2022-08-02 21:57:01 UTC,12784,,,446,,,,,
2022-08-02 22:57:01 UTC,12785,0,0,,0,0,0,0,446
2022-08-02 23:57:01 UTC,12786,0,0,,0,0,0,0,446
2022-08-03 00:57:01 UTC,12787,0,0,,0,0,0,0,446
2022-08-03 01:57:01 UTC,12788,0,0,,0,0,0,0,446
2022-08-03 02:57:01 UTC,12789,0,0,,4,0,0,0,446
2022-08-03 03:57:01 UTC,12790,0,0,,0,0,0,0,446
2022-08-03 04:57:01 UTC,12791,5,5,,0,0,0,0,446
2022-08-03 05:57:01 UTC,12792,32,37,,0,0,0,0,446
2022-08-03 06:57:01 UTC,12793,37,74,,4,0,0,0,446
2022-08-03 07:57:01 UTC,12794,58,138,,0,0,0,0,446
2022-08-03 08:57:01 UTC,12795,37,175,,0,0,0,0,446
2022-08-03 09:57:01 UTC,12796,31,206,,0,0,0,0,446
2022-08-03 10:57:01 UTC,12797,21,227,,0,0,0,0,446
2022-08-03 11:57:01 UTC,12798,12,239,,0,0,0,0,446
2022-08-03 12:57:01 UTC,12799,15,254,,0,0,0,0,446
2022-08-03 13:57:01 UTC,12800,9,263,,0,0,0,0,446
2022-08-03 14:57:01 UTC,12801,14,277,,0,0,0,0,446
2022-08-03 15:57:01 UTC,12802,18,295,,0,0,0,0,446
2022-08-03 16:57:01 UTC,12803,34,329,,0,0,0,0,446
2022-08-03 17:57:01 UTC,12804,48,377,,0,0,0,0,446
2022-08-03 18:57:01 UTC,12805,19,396,,0,0,0,0,446
2022-08-03 19:57:01 UTC,12806,4,400,,0,0,0,0,446
2022-08-03 20:57:01 UTC,12807,1,401,,4,0,0,0,446
2022-08-03 21:57:01 UTC,12808,,,401,,,,,
2022-08-03 22:57:01 UTC,12809,0,0,,0,0,0,0,404
2022-08-03 23:57:01 UTC,12810,0,0,,0,0,0,0,404
2022-08-04 00:57:01 UTC,12811,0,0,,0,0,0,0,404
2022-08-04 01:57:01 UTC,12812,1,1,,0,0,0,0,404
2022-08-04 02:57:01 UTC,12813,0,1,,4,0,0,0,404
2022-08-04 03:57:01 UTC,12814,1,2,,0,0,0,0,404
2022-08-04 04:57:01 UTC,12815,13,15,,0,0,0,0,404
2022-08-04 05:57:01 UTC,12816,28,43,,0,0,0,0,404
2022-08-04 06:57:01 UTC,12817,51,94,,4,0,0,0,404
2022-08-04 07:57:01 UTC,12818,57,154,,0,0,1,0,404
2022-08-04 08:57:01 UTC,12819,50,204,,0,0,1,0,404
2022-08-04 09:57:01 UTC,12820,23,227,,0,0,1,0,404
2022-08-04 10:57:01 UTC,12821,10,237,,0,0,1,0,404
2022-08-04 11:57:01 UTC,12822,26,263,,0,0,1,0,404
2022-08-04 12:57:01 UTC,12823,13,276,,0,0,1,0,404
2022-08-04 13:57:01 UTC,12824,15,291,,0,0,1,0,404
2022-08-04 14:57:01 UTC,12825,16,307,,0,0,1,0,404
2022-08-04 15:57:01 UTC,12826,27,334,,0,0,1,0,404
2022-08-04 16:57:01 UTC,12827,35,369,,0,0,1,0,404
2022-08-04 17:57:01 UTC,12828,53,422,,0,0,1,0,404
2022-08-04 18:57:01 UTC,12829,16,438,,0,0,1,0,404
2022-08-04 19:57:01 UTC,12830,6,444,,0,0,1,0,404
2022-08-04 20:57:01 UTC,12831,1,445,,4,0,1,0,404
2022-08-04 21:57:01 UTC,12832,,,445,,,,,
2022-08-04 22:57:01 UTC,12833,0,0,,0,0,0,0,450
2022-08-04 23:57:01 UTC,12834,0,0,,0,0,0,0,450
2022-08-05 00:57:01 UTC,12835,0,0,,0,0,0,0,450
2022-08-05 01:57:01 UTC,12836,0,0,,0,0,0,0,450
2022-08-05 02:57:01 UTC,12837,0,0,,4,0,0,0,450
2022-08-05 03:57:01 UTC,12838,0,0,,0,0,1,0,450
2022-08-05 04:57:01 UTC,12839,15,15,,0,0,1,0,450
2022-08-05 05:57:01 UTC,12840,26,41,,0,0,1,0,450
2022-08-05 06:57:01 UTC,12841,44,85,,4,0,1,0,450
2022-08-05 07:57:01 UTC,12842,43,130,,0,0,1,0,450
2022-08-05 08:57:01 UTC,12843,48,178,,0,0,1,0,450
2022-08-05 09:57:01 UTC,12844,24,202,,0,0,1,0,450
2022-08-05 10:57:01 UTC,12845,20,222,,0,0,1,0,450
2022-08-05 11:57:01 UTC,12846,15,237,,0,0,1,0,450
2022-08-05 12:57:01 UTC,12847,17,254,,0,0,1,0,450
2022-08-05 13:57:01 UTC,12848,7,261,,0,0,1,0,450
2022-08-05 14:57:01 UTC,12849,12,273,,0,0,1,0,450
2022-08-05 15:57:01 UTC,12850,21,294,,0,0,1,0,450
2022-08-05 16:57:01 UTC,12851,33,327,,0,0,1,0,450
2022-08-05 17:57:01 UTC,12852,33,360,,0,0,1,0,450
2022-08-05 18:57:01 UTC,12853,9,369,,0,0,1,0,450
2022-08-05 19:57:01 UTC,12854,1,370,,0,0,1,0,450
2022-08-05 20:57:01 UTC,12855,0,370,,4,0,1,0,450
2022-08-05 21:57:01 UTC,12856,,,370,,,,,
2022-08-05 22:57:01 UTC,12857,0,0,,0,0,0,0,370
2022-08-05 23:57:01 UTC,12858,0,0,,0,0,0,0,370
2022-08-06 00:57:01 UTC,12859,0,0,,0,0,0,0,370
2022-08-06 01:57:01 UTC,12860,0,0,,0,0,0,0,370
2022-08-06 02:57:01 UTC,12861,0,0,,4,0,0,0,370
2022-08-06 03:57:01 UTC,12862,0,0,,0,0,0,0,370
2022-08-06 04:57:01 UTC,12863,5,5,,0,0,0,0,370
2022-08-06 05:57:01 UTC,12864,20,25,,0,0,0,0,370
2022-08-06 06:57:01 UTC,12865,52,77,,4,0,0,0,370
2022-08-06 07:57:01 UTC,12866,105,185,,0,0,1,0,370
2022-08-06 08:57:01 UTC,12867,77,262,,0,0,1,0,370
2022-08-06 09:57:01 UTC,12868,54,316,,0,0,1,0,370
2022-08-06 10:57:01 UTC,12869,38,354,,0,0,1,0,370
2022-08-06 11:57:01 UTC,12870,19,373,,0,0,1,0,370
2022-08-06 12:57:01 UTC,12871,15,388,,0,0,1,0,370
2022-08-06 13:57:01 UTC,12872,4,392,,0,0,1,0,370
2022-08-06 14:57:01 UTC,12873,6,398,,0,0,1,0,370
2022-08-06 15:57:01 UTC,12874,21,419,,0,0,1,0,370
2022-08-06 16:57:01 UTC,12875,40,459,,0,0,1,0,370
2022-08-06 17:57:01 UTC,12876,27,486,,0,0,1,0,370
2022-08-06 18:57:01 UTC,12877,5,491,,0,0,1,0,370
2022-08-06 19:57:01 UTC,12878,0,491,,0,0,1,0,370
2022-08-06 20:57:01 UTC,12879,0,491,,4,0,1,0,370
2022-08-06 21:57:01 UTC,12880,,,491,,,,,
2022-08-06 22:57:01 UTC,12881,0,0,,0,0,0,0,494
2022-08-06 23:57:01 UTC,12882,0,0,,0,0,0,0,494
2022-08-07 00:57:01 UTC,12883,0,0,,0,0,0,0,494
2022-08-07 01:57:01 UTC,12884,0,0,,0,0,0,0,494
2022-08-07 02:57:01 UTC,12885,1,1,,4,0,0,0,494
2022-08-07 03:57:01 UTC,12886,0,1,,0,0,0,0,494
2022-08-07 04:57:01 UTC,12887,3,4,,0,0,0,0,494
2022-08-07 05:57:01 UTC,12888,22,26,,0,0,0,0,494
2022-08-07 06:57:01 UTC,12889,76,102,,4,0,0,0,494
2022-08-07 07:57:01 UTC,12890,117,224,,0,0,0,0,494
2022-08-07 08:57:01 UTC,12891,92,316,,0,0,0,0,494
2022-08-07 09:57:01 UTC,12892,65,381,,0,0,0,0,494
2022-08-07 10:57:01 UTC,12893,34,415,,0,0,0,0,494
2022-08-07 11:57:01 UTC,12894,20,435,,0,0,1,0,494
2022-08-07 12:57:01 UTC,12895,10,445,,0,0,1,0,494
2022-08-07 13:57:01 UTC,12896,9,454,,0,0,1,0,494
2022-08-07 14:57:01 UTC,12897,14,468,,0,0,1,0,494
2022-08-07 15:57:01 UTC,12898,10,478,,0,0,1,0,494
2022-08-07 16:57:01 UTC,12899,35,513,,0,0,1,0,494
2022-08-07 17:57:01 UTC,12900,25,538,,0,0,1,0,494
2022-08-07 18:57:01 UTC,12901,12,550,,4,0,1,0,494
2022-08-07 19:57:01 UTC,12902,3,553,,0,0,1,0,494
2022-08-07 20:57:01 UTC,12903,0,553,,4,0,1,0,494
2022-08-07 21:57:01 UTC,12904,,,553,,,,,
2022-08-07 22:57:01 UTC,12905,0,0,,0,0,0,0,554
2022-08-07 23:57:01 UTC,12906,0,0,,0,0,0,0,554
2022-08-08 00:57:01 UTC,12907,1,1,,0,0,0,0,554
2022-08-08 01:57:01 UTC,12908,0,1,,0,0,0,0,554
2022-08-08 02:57:01 UTC,12909,0,1,,4,0,0,0,554
2022-08-08 03:57:01 UTC,12910,0,1,,0,0,0,0,554
2022-08-08 04:57:01 UTC,12911,0,1,,0,0,0,0,554
2022-08-08 05:57:01 UTC,12912,20,21,,0,0,0,0,554
2022-08-08 06:57:01 UTC,12913,41,62,,4,0,0,0,554
2022-08-08 07:57:01 UTC,12914,52,117,,0,0,1,0,554
2022-08-08 08:57:01 UTC,12915,52,169,,0,0,1,0,554
2022-08-08 09:57:01 UTC,12916,37,206,,0,0,1,0,554
2022-08-08 10:57:01 UTC,12917,23,229,,0,0,1,0,554
2022-08-08 11:57:01 UTC,12918,12,241,,0,0,1,0,554
2022-08-08 12:57:01 UTC,12919,12,253,,0,0,1,0,554
2022-08-08 13:57:01 UTC,12920,5,258,,0,0,1,0,554
2022-08-08 14:57:01 UTC,12921,11,269,,0,0,1,0,554
2022-08-08 15:57:01 UTC,12922,15,284,,0,0,1,0,554
2022-08-08 16:57:01 UTC,12923,31,315,,0,0,1,0,554
2022-08-08 17:57:01 UTC,12924,53,368,,0,0,1,0,554
2022-08-08 18:57:01 UTC,12925,21,389,,4,0,1,0,554
2022-08-08 19:57:01 UTC,12926,1,390,,0,0,1,0,554
2022-08-08 20:57:01 UTC,12927,1,391,,4,0,1,0,554
2022-08-08 21:57:01 UTC,12928,,,391,,,,,
2022-08-08 22:57:01 UTC,12929,0,0,,0,0,0,0,393
2022-08-08 23:57:01 UTC,12930,0,0,,0,0,0,0,393
2022-08-09 00:57:01 UTC,12931,0,0,,0,0,0,0,393
2022-08-09 01:57:01 UTC,12932,0,0,,0,0,0,0,393
2022-08-09 02:57:01 UTC,12933,0,0,,4,0,0,0,393
2022-08-09 03:57:01 UTC,12934,0,0,,0,0,0,0,393
2022-08-09 04:57:01 UTC,12935,7,7,,0,0,0,0,393
2022-08-09 05:57:01 UTC,12936,16,23,,0,0,0,0,393
2022-08-09 06:57:01 UTC,12937,28,51,,4,0,0,0,393
2022-08-09 07:57:01 UTC,12938,54,106,,0,0,1,0,393
2022-08-09 08:57:01 UTC,12939,34,140,,0,0,1,0,393
2022-08-09 09:57:01 UTC,12940,29,169,,0,0,1,0,393
2022-08-09 10:57:01 UTC,12941,23,192,,0,0,1,0,393
2022-08-09 11:57:01 UTC,12942,13,205,,0,0,1,0,393
2022-08-09 12:57:01 UTC,12943,9,214,,0,0,1,0,393
2022-08-09 13:57:01 UTC,12944,3,217,,0,0,1,0,393
2022-08-09 14:57:01 UTC,12945,6,223,,4,0,1,0,393
2022-08-09 15:57:01 UTC,12946,13,237,,0,0,1,0,393
2022-08-09 16:57:01 UTC,12947,19,256,,0,0,1,0,393
2022-08-09 17:57:01 UTC,12948,17,273,,0,0,1,0,393
2022-08-09 18:57:01 UTC,12949,11,284,,4,0,1,0,393
2022-08-09 19:57:01 UTC,12950,3,292,,0,0,1,0,393
2022-08-09 20:57:01 UTC,12951,0,292,,4,0,1,0,393
2022-08-09 21:57:01 UTC,12952,,,292,,,,,
2022-08-09 22:57:01 UTC,12953,0,0,,0,0,0,0,293
2022-08-09 23:57:01 UTC,12954,1,1,,0,0,0,0,293
2022-08-10 00:57:01 UTC,12955,1,2,,0,0,0,0,293
2022-08-10 01:57:01 UTC,12956,0,2,,0,0,0,0,293
2022-08-10 02:57:01 UTC,12957,0,2,,4,0,0,0,293
2022-08-10 03:57:01 UTC,12958,0,2,,0,0,0,0,293
2022-08-10 04:57:01 UTC,12959,1,3,,0,0,0,0,293
2022-08-10 05:57:01 UTC,12960,17,20,,0,0,0,0,293
2022-08-10 06:57:01 UTC,12961,47,67,,4,0,0,0,293
2022-08-10 07:57:01 UTC,12962,66,138,,0,0,0,0,293
2022-08-10 08:57:01 UTC,12963,72,210,,0,0,0,0,293
2022-08-10 09:57:01 UTC,12964,46,256,,0,0,0,0,293
2022-08-10 10:57:01 UTC,12965,21,277,,0,0,0,0,293
2022-08-10 11:57:01 UTC,12966,21,298,,0,0,0,0,293
2022-08-10 12:57:01 UTC,12967,20,318,,0,0,0,0,293
2022-08-10 13:57:01 UTC,12968,13,331,,0,0,0,0,293
2022-08-10 14:57:01 UTC,12969,9,340,,0,0,0,0,293
2022-08-10 15:57:01 UTC,12970,27,367,,0,0,0,0,293
2022-08-10 16:57:01 UTC,12971,35,402,,0,0,0,0,293
2022-08-10 17:57:01 UTC,12972,30,432,,0,0,0,0,293
2022-08-10 18:57:01 UTC,12973,21,453,,4,0,0,0,293
2022-08-10 19:57:01 UTC,12974,4,457,,0,0,0,0,293
2022-08-10 20:57:01 UTC,12975,2,459,,4,0,0,0,293
2022-08-10 21:57:01 UTC,12976,,,459,,,,,
