created_at,entry_id,field1,field2,field3,field4,field5,field6,field7,field8
2022-09-01 00:57:01 UTC,13432,0,0,,0,0,0,0,0
2022-09-01 01:57:01 UTC,13433,0,0,,0,0,0,0,0
2022-09-01 02:57:01 UTC,13434,0,0,,4,0,0,0,0
2022-09-01 03:57:01 UTC,13435,0,0,,0,0,0,0,0
2022-09-01 04:57:01 UTC,13436,0,0,,0,0,0,0,0
2022-09-01 05:57:01 UTC,13437,0,0,,0,0,0,0,0
2022-09-01 06:57:01 UTC,13438,0,0,,4,0,0,0,0
2022-09-01 07:57:01 UTC,13439,20,20,,0,0,0,0,0
2022-09-01 08:57:01 UTC,13440,65,85,,0,0,0,0,0
2022-09-01 09:57:01 UTC,13441,70,155,,0,0,0,0,0
2022-09-01 10:57:01 UTC,13442,36,191,,0,0,0,0,0
2022-09-01 11:57:01 UTC,13443,48,239,,0,0,0,0,0
2022-09-01 12:57:01 UTC,13444,9,248,,0,0,0,0,0
2022-09-01 13:57:01 UTC,13445,11,259,,0,0,0,0,0
2022-09-01 14:57:01 UTC,13446,11,270,,4,0,0,0,0
2022-09-01 15:57:01 UTC,13447,26,296,,0,0,0,0,0
2022-09-01 16:57:01 UTC,13448,45,341,,0,0,0,0,0
2022-09-01 17:57:01 UTC,13449,43,384,,0,0,0,0,0
2022-09-01 18:57:01 UTC,13450,16,400,,4,0,0,0,0
2022-09-01 19:57:01 UTC,13451,0,401,,0,0,0,0,0
2022-09-01 20:57:01 UTC,13452,1,402,,4,0,0,0,0
2022-09-01 21:57:01 UTC,13453,,,402,,,,,
2022-09-01 22:57:01 UTC,13454,0,0,,0,0,0,0,402
2022-09-01 23:57:01 UTC,13455,0,0,,0,0,0,0,402
2022-09-02 00:57:01 UTC,13456,0,0,,0,0,0,0,402
2022-09-02 01:57:01 UTC,13457,0,0,,0,0,0,0,402
2022-09-02 02:57:01 UTC,13458,0,0,,4,0,0,0,402
2022-09-02 03:57:01 UTC,13459,0,0,,0,0,0,0,402
2022-09-02 04:57:01 UTC,13460,14,14,,0,0,0,0,402
2022-09-02 05:57:01 UTC,13461,21,35,,0,0,0,0,402
2022-09-02 06:57:01 UTC,13462,50,85,,4,0,0,0,402
2022-09-02 07:57:01 UTC,13463,64,152,,0,0,0,0,402
2022-09-02 08:57:01 UTC,13464,74,226,,0,0,0,0,402
2022-09-02 09:57:01 UTC,13465,78,304,,0,0,0,0,402
2022-09-02 10:57:01 UTC,13466,45,349,,0,0,0,0,402
2022-09-02 11:57:01 UTC,13467,51,400,,0,0,0,0,402
2022-09-02 12:57:01 UTC,13468,39,439,,0,0,0,0,402
2022-09-02 13:57:01 UTC,13469,28,467,,0,0,0,0,402
2022-09-02 14:57:01 UTC,13470,51,518,,0,0,0,0,402
2022-09-02 15:57:01 UTC,13471,69,587,,0,0,0,0,402
2022-09-02 16:57:01 UTC,13472,85,672,,0,0,0,0,402
2022-09-02 17:57:01 UTC,13473,56,728,,0,0,0,0,402
2022-09-02 18:57:01 UTC,13474,6,734,,4,0,0,0,402
2022-09-02 19:57:01 UTC,13475,1,735,,0,0,0,0,402
2022-09-02 20:57:01 UTC,13476,3,738,,4,0,0,0,402
2022-09-02 21:57:01 UTC,13477,,,738,,,,,
2022-09-02 22:57:01 UTC,13478,0,0,,0,0,0,0,738
2022-09-02 23:57:01 UTC,13479,0,0,,0,0,0,0,738
2022-09-03 00:57:01 UTC,13480,1,1,,0,0,0,0,738
2022-09-03 01:57:01 UTC,13481,0,1,,0,0,0,0,738
2022-09-03 02:57:01 UTC,13482,0,1,,4,0,0,0,738
2022-09-03 03:57:01 UTC,13483,0,1,,0,0,0,0,738
2022-09-03 04:57:01 UTC,13484,4,5,,0,0,0,0,738
2022-09-03 05:57:01 UTC,13485,12,17,,0,0,0,0,738
2022-09-03 06:57:01 UTC,13486,38,55,,4,0,0,0,738
2022-09-03 07:57:01 UTC,13487,39,99,,0,0,0,0,738
2022-09-03 08:57:01 UTC,13488,20,119,,0,0,0,0,738
2022-09-03 09:57:01 UTC,13489,13,132,,0,0,0,0,738
2022-09-03 10:57:01 UTC,13490,12,144,,4,0,0,0,738
2022-09-03 11:57:01 UTC,13491,27,171,,0,0,0,0,738
2022-09-03 12:57:01 UTC,13492,29,200,,0,0,0,0,738
2022-09-03 13:57:01 UTC,13493,48,248,,0,0,0,0,738
2022-09-03 14:57:01 UTC,13494,58,306,,0,0,0,0,738
2022-09-03 15:57:01 UTC,13495,29,335,,0,0,0,0,738
2022-09-03 16:57:01 UTC,13496,12,347,,0,0,0,0,738
2022-09-03 17:57:01 UTC,13497,16,363,,0,0,0,0,738
2022-09-03 18:57:01 UTC,13498,10,373,,4,0,0,0,738
2022-09-03 19:57:01 UTC,13499,2,375,,0,0,0,0,738
2022-09-03 20:57:01 UTC,13500,0,375,,4,0,0,0,738
2022-09-03 21:57:01 UTC,13501,,,375,,,,,
2022-09-03 22:57:01 UTC,13502,0,0,,0,0,0,0,376
2022-09-03 23:57:01 UTC,13503,0,0,,0,0,0,0,376
2022-09-04 00:57:01 UTC,13504,0,0,,0,0,0,0,376
2022-09-04 01:57:01 UTC,13505,0,0,,0,0,0,0,376
2022-09-04 02:57:01 UTC,13506,0,0,,4,0,0,0,376
2022-09-04 03:57:01 UTC,13507,1,2,,0,0,0,0,376
2022-09-04 04:57:01 UTC,13508,0,2,,0,0,0,0,376
2022-09-04 05:57:01 UTC,13509,12,14,,0,0,0,0,376
2022-09-04 06:57:01 UTC,13510,42,56,,4,0,0,0,376
2022-09-04 07:57:01 UTC,13511,32,89,,0,0,0,0,376
2022-09-04 08:57:01 UTC,13512,15,104,,0,0,0,0,376
2022-09-04 09:57:01 UTC,13513,7,111,,0,0,0,0,376
2022-09-04 10:57:01 UTC,13514,12,123,,4,0,0,0,376
2022-09-04 11:57:01 UTC,13515,56,180,,0,0,0,0,376
2022-09-04 12:57:01 UTC,13516,52,232,,0,0,0,0,376
2022-09-04 13:57:01 UTC,13517,83,315,,0,0,0,0,376
2022-09-04 14:57:01 UTC,13518,98,413,,0,0,0,0,376
2022-09-04 15:57:01 UTC,13519,105,518,,0,0,0,0,376
2022-09-04 16:57:01 UTC,13520,93,611,,0,0,0,0,376
2022-09-04 17:57:01 UTC,13521,52,663,,0,0,0,0,376
2022-09-04 18:57:01 UTC,13522,17,680,,4,0,0,0,376
2022-09-04 19:57:01 UTC,13523,0,680,,0,0,0,0,376
2022-09-04 20:57:01 UTC,13524,0,680,,4,0,0,0,376
2022-09-04 21:57:01 UTC,13525,,,680,,,,,
2022-09-04 22:57:01 UTC,13526,0,0,,0,0,0,0,680
2022-09-04 23:57:01 UTC,13527,0,0,,0,0,0,0,680
2022-09-05 00:57:01 UTC,13528,0,0,,0,0,0,0,680
2022-09-05 01:57:01 UTC,13529,0,0,,0,0,0,0,680
2022-09-05 02:57:01 UTC,13530,0,0,,4,0,0,0,680
2022-09-05 03:57:01 UTC,13531,0,0,,0,0,0,0,680
2022-09-05 04:57:01 UTC,13532,7,7,,0,0,0,0,680
2022-09-05 05:57:01 UTC,13533,24,31,,0,0,0,0,680
2022-09-05 06:57:01 UTC,13534,35,66,,4,0,0,0,680
2022-09-05 07:57:01 UTC,13535,75,142,,0,0,0,0,680
2022-09-05 08:57:01 UTC,13536,92,234,,0,0,0,0,680
2022-09-05 09:57:01 UTC,13537,84,318,,0,0,0,0,680
2022-09-05 10:57:01 UTC,13538,46,364,,0,0,0,0,680
2022-09-05 11:57:01 UTC,13539,43,407,,0,0,0,0,680
2022-09-05 12:57:01 UTC,13540,32,439,,0,0,0,0,680
2022-09-05 13:57:01 UTC,13541,35,474,,0,0,0,0,680
2022-09-05 14:57:01 UTC,13542,34,508,,0,0,0,0,680
2022-09-05 15:57:01 UTC,13543,51,559,,0,0,0,0,680
2022-09-05 16:57:01 UTC,13544,82,641,,0,0,0,0,680
2022-09-05 17:57:01 UTC,13545,93,734,,0,0,0,0,680
2022-09-05 18:57:01 UTC,13546,16,750,,4,0,0,0,680
2022-09-05 19:57:01 UTC,13547,4,754,,0,0,0,0,680
2022-09-05 20:57:01 UTC,13548,3,757,,4,0,0,0,680
2022-09-05 21:57:01 UTC,13549,,,757,,,,,
2022-09-05 22:57:01 UTC,13550,1,1,,0,0,0,0,757
2022-09-05 23:57:01 UTC,13551,0,1,,0,0,0,0,757
2022-09-06 00:57:01 UTC,13552,0,1,,0,0,0,0,757
2022-09-06 01:57:01 UTC,13553,0,1,,0,0,0,0,757
2022-09-06 02:57:01 UTC,13554,0,1,,4,0,0,0,757
2022-09-06 03:57:01 UTC,13555,0,1,,0,0,0,0,757
2022-09-06 04:57:01 UTC,13556,13,14,,0,0,0,0,757
2022-09-06 05:57:01 UTC,13557,33,47,,0,0,0,0,757
2022-09-06 06:57:01 UTC,13558,45,92,,4,0,0,0,757
2022-09-06 07:57:01 UTC,13559,82,176,,0,0,0,0,757
2022-09-06 08:57:01 UTC,13560,79,255,,0,0,0,0,757
2022-09-06 09:57:01 UTC,13561,55,310,,0,0,0,0,757
2022-09-06 10:57:01 UTC,13562,55,365,,0,0,0,0,757
2022-09-06 11:57:01 UTC,13563,38,403,,0,0,0,0,757
2022-09-06 12:57:01 UTC,13564,35,438,,0,0,0,0,757
2022-09-06 13:57:01 UTC,13565,27,465,,0,0,0,0,757
2022-09-06 14:57:01 UTC,13566,36,501,,0,0,0,0,757
2022-09-06 15:57:01 UTC,13567,53,554,,0,0,0,0,757
2022-09-06 16:57:01 UTC,13568,75,629,,0,0,0,0,757
2022-09-06 17:57:01 UTC,13569,49,678,,0,0,0,0,757
2022-09-06 18:57:01 UTC,13570,8,686,,4,0,0,0,757
2022-09-06 19:57:01 UTC,13571,6,693,,0,0,0,0,757
2022-09-06 20:57:01 UTC,13572,1,694,,4,0,0,0,757
2022-09-06 21:57:01 UTC,13573,,,694,,,,,
2022-09-06 22:57:01 UTC,13574,0,0,,0,0,0,0,694
2022-09-06 23:57:01 UTC,13575,0,0,,0,0,0,0,694
2022-09-07 00:57:01 UTC,13576,0,0,,0,0,0,0,694
2022-09-07 01:57:01 UTC,13577,0,0,,0,0,0,0,694
2022-09-07 02:57:01 UTC,13578,0,0,,4,0,0,0,694
2022-09-07 03:57:01 UTC,13579,0,0,,0,0,0,0,694
2022-09-07 04:57:01 UTC,13580,6,6,,0,0,0,0,694
2022-09-07 05:57:01 UTC,13581,19,25,,0,0,0,0,694
2022-09-07 06:57:01 UTC,13582,31,56,,4,0,0,0,694
2022-09-07 07:57:01 UTC,13583,73,131,,0,0,0,0,694
2022-09-07 08:57:01 UTC,13584,112,243,,0,0,0,0,694
2022-09-07 09:57:01 UTC,13585,85,328,,0,0,0,0,694
2022-09-07 10:57:01 UTC,13586,60,388,,0,0,0,0,694
2022-09-07 11:57:01 UTC,13587,39,427,,0,0,0,0,694
2022-09-07 12:57:01 UTC,13588,38,465,,0,0,0,0,694
2022-09-07 13:57:01 UTC,13589,32,497,,0,0,0,0,694
2022-09-07 14:57:01 UTC,13590,34,531,,0,0,0,0,694
2022-09-07 15:57:01 UTC,13591,52,583,,0,0,0,0,694
2022-09-07 16:57:01 UTC,13592,72,655,,0,0,0,0,694
2022-09-07 17:57:01 UTC,13593,46,701,,0,0,0,0,694
2022-09-07 18:57:01 UTC,13594,17,718,,4,0,0,0,694
2022-09-07 19:57:01 UTC,13595,4,722,,0,0,0,0,694
2022-09-07 20:57:01 UTC,13596,0,722,,4,0,0,0,694
2022-09-07 21:57:01 UTC,13597,,,722,,,,,
2022-09-07 22:57:01 UTC,13598,0,0,,0,0,0,0,722
2022-09-07 23:57:01 UTC,13599,0,0,,0,0,0,0,722
2022-09-08 00:57:01 UTC,13600,0,0,,0,0,0,0,722
2022-09-08 01:57:01 UTC,13601,0,0,,0,0,0,0,722
2022-09-08 02:57:01 UTC,13602,0,0,,4,0,0,0,722
2022-09-08 03:57:01 UTC,13603,0,0,,0,0,0,0,722
2022-09-08 04:57:01 UTC,13604,6,6,,0,0,0,0,722
2022-09-08 05:57:01 UTC,13605,15,21,,0,0,0,0,722
2022-09-08 06:57:01 UTC,13606,18,39,,4,0,0,0,722
2022-09-08 07:57:01 UTC,13607,3,42,,0,0,0,0,722
2022-09-08 08:57:01 UTC,13608,13,55,,0,0,0,0,722
2022-09-08 09:57:01 UTC,13609,3,58,,0,0,0,0,722
2022-09-08 10:57:01 UTC,13610,4,62,,4,0,0,0,722
2022-09-08 11:57:01 UTC,13611,17,80,,0,0,0,0,722
2022-09-08 12:57:01 UTC,13612,31,111,,0,0,0,0,722
2022-09-08 13:57:01 UTC,13613,7,118,,0,0,0,0,722
2022-09-08 14:57:01 UTC,13614,14,132,,4,0,0,0,722
2022-09-08 15:57:01 UTC,13615,16,148,,0,0,0,0,722
2022-09-08 16:57:01 UTC,13616,15,163,,0,0,0,0,722
2022-09-08 17:57:01 UTC,13617,15,178,,0,0,0,0,722
2022-09-08 18:57:01 UTC,13618,3,181,,4,0,0,0,722
2022-09-08 19:57:01 UTC,13619,1,182,,0,0,0,0,722
2022-09-08 20:57:01 UTC,13620,0,182,,4,0,0,0,722
2022-09-08 21:57:01 UTC,13621,,,182,,,,,
2022-09-08 22:57:01 UTC,13622,0,0,,0,0,0,0,183
2022-09-08 23:57:01 UTC,13623,0,0,,0,0,0,0,183
2022-09-09 00:57:01 UTC,13624,0,0,,0,0,0,0,183
2022-09-09 01:57:01 UTC,13625,0,0,,0,0,0,0,183
2022-09-09 02:57:01 UTC,13626,0,0,,4,0,0,0,183
2022-09-09 03:57:01 UTC,13627,0,0,,0,0,0,0,183
2022-09-09 04:57:01 UTC,13628,8,8,,0,0,0,0,183
2022-09-09 05:57:01 UTC,13629,16,24,,0,0,0,0,183
2022-09-09 06:57:01 UTC,13630,25,49,,4,0,0,0,183
2022-09-09 07:57:01 UTC,13631,18,68,,0,0,0,0,183
2022-09-09 08:57:01 UTC,13632,50,118,,0,0,0,0,183
2022-09-09 09:57:01 UTC,13633,76,194,,0,0,0,0,183
2022-09-09 10:57:01 UTC,13634,46,240,,0,0,0,0,183
2022-09-09 11:57:01 UTC,13635,34,274,,0,0,0,0,183
2022-09-09 12:57:01 UTC,13636,33,307,,0,0,0,0,183
2022-09-09 13:57:01 UTC,13637,38,345,,0,0,0,0,183
2022-09-09 14:57:01 UTC,13638,36,381,,0,0,0,0,183
2022-09-09 15:57:01 UTC,13639,56,437,,0,0,0,0,183
2022-09-09 16:57:01 UTC,13640,42,479,,0,0,0,0,183
2022-09-09 17:57:01 UTC,13641,38,517,,0,0,0,0,183
2022-09-09 18:57:01 UTC,13642,40,557,,4,0,0,0,183
2022-09-09 19:57:01 UTC,13643,18,575,,0,0,0,0,183
2022-09-09 20:57:01 UTC,13644,22,597,,4,0,0,0,183
2022-09-09 21:57:01 UTC,13645,,,597,,,,,
2022-09-09 22:57:01 UTC,13646,0,0,,0,0,0,0,597
2022-09-09 23:57:01 UTC,13647,0,0,,0,0,0,0,597
2022-09-10 00:57:01 UTC,13648,0,0,,0,0,0,0,597
2022-09-10 01:57:01 UTC,13649,0,0,,0,0,0,0,597
2022-09-10 02:57:01 UTC,13650,0,0,,4,0,0,0,597
2022-09-10 03:57:01 UTC,13651,1,1,,0,0,0,0,597
2022-09-10 04:57:01 UTC,13652,6,7,,0,0,0,0,597
2022-09-10 05:57:01 UTC,13653,39,46,,0,0,0,0,597
2022-09-10 06:57:01 UTC,13654,42,88,,4,0,0,0,597
2022-09-10 07:57:01 UTC,13655,198,291,,0,0,1,0,597
2022-09-10 08:57:01 UTC,13656,226,517,,0,0,1,0,597
2022-09-10 09:57:01 UTC,13657,278,795,,0,0,1,0,597
2022-09-10 10:57:01 UTC,13658,164,959,,0,0,1,0,597
2022-09-10 11:57:01 UTC,13659,52,1011,,0,0,1,0,597
2022-09-10 12:57:01 UTC,13660,54,1065,,0,0,1,0,597
2022-09-10 13:57:01 UTC,13661,56,1121,,0,0,1,0,597
2022-09-10 14:57:01 UTC,13662,53,1174,,0,0,1,0,597
2022-09-10 15:57:01 UTC,13663,55,1229,,0,0,1,0,597
2022-09-10 16:57:01 UTC,13664,59,1288,,0,0,1,0,597
2022-09-10 17:57:01 UTC,13665,36,1324,,0,0,1,0,597
2022-09-10 18:57:01 UTC,13666,7,1331,,4,0,1,0,597
2022-09-10 19:57:01 UTC,13667,1,1332,,0,0,1,0,597
2022-09-10 20:57:01 UTC,13668,0,1332,,4,0,1,0,597
2022-09-10 21:57:01 UTC,13669,,,1332,,,,,
2022-09-10 22:57:01 UTC,13670,0,0,,0,0,0,0,1332
2022-09-10 23:57:01 UTC,13671,0,0,,0,0,0,0,1332
2022-09-11 00:57:01 UTC,13672,0,0,,0,0,0,0,1332
2022-09-11 01:57:01 UTC,13673,4,4,,0,0,0,0,1332
2022-09-11 02:57:01 UTC,13674,0,4,,4,0,0,0,1332
2022-09-11 03:57:01 UTC,13675,0,14,,0,0,0,0,1332
2022-09-11 04:57:01 UTC,13676,44,58,,0,0,0,0,1332
2022-09-11 05:57:01 UTC,13677,211,269,,0,0,0,0,1332
2022-09-11 06:57:01 UTC,13678,89,358,,4,0,0,0,1332
2022-09-11 07:57:01 UTC,13679,183,546,,0,0,0,0,1332
2022-09-11 08:57:01 UTC,13680,349,895,,0,0,0,0,1332
2022-09-11 09:57:01 UTC,13681,352,1247,,0,0,0,0,1332
2022-09-11 10:57:01 UTC,13682,283,1530,,0,0,0,0,1332
2022-09-11 11:57:01 UTC,13683,94,1624,,0,0,0,0,1332
2022-09-11 12:57:01 UTC,13684,113,1737,,0,0,0,0,1332
2022-09-11 13:57:01 UTC,13685,57,1794,,0,0,0,0,1332
2022-09-11 14:57:01 UTC,13686,89,1883,,0,0,0,0,1332
2022-09-11 15:57:01 UTC,13687,60,1943,,0,0,0,0,1332
2022-09-11 16:57:01 UTC,13688,58,2001,,0,0,0,0,1332
2022-09-11 17:57:01 UTC,13689,44,2045,,0,0,0,0,1332
2022-09-11 18:57:01 UTC,13690,24,2069,,4,0,0,0,1332
2022-09-11 19:57:01 UTC,13691,3,2072,,0,0,1,0,1332
2022-09-11 20:57:01 UTC,13692,1,2073,,4,0,1,0,1332
2022-09-11 21:57:01 UTC,13693,,,2073,,,,,
2022-09-11 22:57:01 UTC,13694,0,0,,0,0,0,0,2073
2022-09-11 23:57:01 UTC,13695,0,0,,0,0,0,0,2073
2022-09-12 00:57:01 UTC,13696,0,0,,0,0,0,0,2073
2022-09-12 01:57:01 UTC,13697,0,0,,0,0,0,0,2073
2022-09-12 02:57:01 UTC,13698,0,0,,4,0,0,0,2073
2022-09-12 03:57:01 UTC,13699,0,0,,0,0,0,0,2073
2022-09-12 04:57:01 UTC,13700,5,5,,0,0,0,0,2073
2022-09-12 05:57:01 UTC,13701,18,23,,0,0,0,0,2073
2022-09-12 06:57:01 UTC,13702,27,50,,4,0,0,0,2073
2022-09-12 07:57:01 UTC,13703,57,110,,0,0,0,0,2073
2022-09-12 08:57:01 UTC,13704,93,203,,0,0,0,0,2073
2022-09-12 09:57:01 UTC,13705,93,296,,0,0,0,0,2073
2022-09-12 10:57:01 UTC,13706,59,355,,0,0,0,0,2073
2022-09-12 11:57:01 UTC,13707,57,412,,0,0,0,0,2073
2022-09-12 12:57:01 UTC,13708,67,479,,0,0,0,0,2073
2022-09-12 13:57:01 UTC,13709,29,508,,0,0,0,0,2073
2022-09-12 14:57:01 UTC,13710,412,920,,0,0,0,0,2073
2022-09-12 15:57:01 UTC,13711,429,1349,,0,0,0,0,2073
2022-09-12 16:57:01 UTC,13712,709,2058,,0,0,0,0,2073
2022-09-12 17:57:01 UTC,13713,409,2467,,0,0,0,0,2073
2022-09-12 18:57:01 UTC,13714,836,3303,,4,0,0,0,2073
2022-09-12 19:57:01 UTC,13715,958,4269,,0,0,0,0,2073
2022-09-12 20:57:01 UTC,13716,1532,5801,,4,0,0,0,2073
2022-09-12 21:57:01 UTC,13717,,,5801,,,,,
