created_at,entry_id,field1,field2,field3,field4,field5,field6,field7,field8
2021-04-01 22:57:01 UTC,1,0,0,,0,0,0,0,106
2021-04-01 23:57:01 UTC,2,0,1,,0,0,0,0,106
2021-04-02 00:57:01 UTC,3,0,1,,0,0,0,0,106
2021-04-02 01:57:01 UTC,4,0,1,,0,0,0,0,106
2021-04-02 02:57:01 UTC,5,0,1,,4,0,0,0,106
2021-04-02 03:57:01 UTC,6,0,1,,0,0,0,0,106
2021-04-02 04:57:01 UTC,7,0,1,,0,0,0,0,106
2021-04-02 05:57:01 UTC,8,4,5,,0,0,0,0,106
2021-04-02 06:57:01 UTC,9,16,21,,4,0,0,0,106
2021-04-02 07:57:01 UTC,10,18,39,,0,0,0,0,106
2021-04-02 08:57:01 UTC,11,31,70,,0,0,0,0,106
2021-04-02 09:57:01 UTC,12,41,111,,0,0,0,0,106
2021-04-02 10:57:01 UTC,13,53,164,,4,0,0,0,106
2021-04-02 11:57:01 UTC,14,44,208,,0,0,0,0,106
2021-04-02 12:57:01 UTC,15,19,227,,0,0,0,0,106
2021-04-02 13:57:01 UTC,16,39,266,,0,0,0,0,106
2021-04-02 14:57:01 UTC,17,43,309,,4,0,0,0,106
2021-04-02 15:57:01 UTC,18,41,351,,0,0,0,0,106
2021-04-02 16:57:01 UTC,19,31,382,,0,0,0,0,106
2021-04-02 17:57:01 UTC,20,29,411,,0,0,0,0,106
2021-04-02 18:57:01 UTC,21,31,442,,4,0,0,0,106
2021-04-02 19:57:01 UTC,22,15,458,,0,0,0,0,106
2021-04-02 20:57:01 UTC,23,7,465,,4,0,0,0,106
2021-04-02 21:57:01 UTC,24,,,465,,,,,
2021-04-02 22:57:01 UTC,25,1,1,,0,0,0,0,470
2021-04-02 23:57:01 UTC,26,0,1,,0,0,0,0,470
2021-04-03 00:57:01 UTC,27,0,1,,0,0,0,0,470
2021-04-03 01:57:01 UTC,28,0,1,,0,0,0,0,470
2021-04-03 02:57:01 UTC,29,0,1,,3.9,0,0,0,470
2021-04-03 03:57:01 UTC,30,1,2,,0,0,0,0,470
2021-04-03 04:57:01 UTC,31,2,4,,0,0,0,0,470
2021-04-03 05:57:01 UTC,32,14,18,,0,0,0,0,470
2021-04-03 06:57:01 UTC,33,17,35,,4,0,0,0,470
2021-04-03 07:57:01 UTC,34,31,68,,0,0,0,0,470
2021-04-03 08:57:01 UTC,35,52,120,,0,0,0,0,470
2021-04-03 09:57:01 UTC,36,88,208,,0,0,0,0,470
2021-04-03 10:57:01 UTC,37,82,290,,0,0,0,0,470
2021-04-03 11:57:01 UTC,38,73,363,,0,0,0,0,470
2021-04-03 12:57:01 UTC,39,37,400,,0,0,0,0,470
2021-04-03 13:57:01 UTC,40,38,438,,0,0,0,0,470
2021-04-03 14:57:01 UTC,41,44,482,,4,0,0,0,470
2021-04-03 15:57:01 UTC,42,31,515,,0,0,0,0,470
2021-04-03 16:57:01 UTC,43,27,542,,0,0,0,0,470
2021-04-03 17:57:01 UTC,44,30,572,,0,0,0,0,470
2021-04-03 18:57:01 UTC,45,14,586,,4,0,0,0,470
2021-04-03 19:57:01 UTC,46,6,592,,0,0,0,0,470
2021-04-03 20:57:01 UTC,47,8,600,,4,0,0,0,470
2021-04-03 21:57:01 UTC,48,,,600,,,,,
2021-04-03 22:57:01 UTC,49,1,1,,0,0,0,0,602
2021-04-03 23:57:01 UTC,50,0,1,,0,0,0,0,602
2021-04-04 00:57:01 UTC,51,1,2,,0,0,0,0,602
2021-04-04 01:57:01 UTC,52,0,2,,0,0,0,0,602
2021-04-04 02:57:01 UTC,53,0,2,,4,0,0,0,602
2021-04-04 03:57:01 UTC,54,0,2,,0,0,0,0,602
2021-04-04 04:57:01 UTC,55,0,2,,0,0,0,0,602
2021-04-04 05:57:01 UTC,56,6,8,,0,0,0,0,602
2021-04-04 06:57:01 UTC,57,15,23,,3.9,0,0,0,602
2021-04-04 07:57:01 UTC,58,27,50,,0,0,0,0,602
2021-04-04 08:57:01 UTC,59,48,98,,0,0,0,0,602
2021-04-04 09:57:01 UTC,60,63,161,,0,0,0,0,602
2021-04-04 10:57:01 UTC,61,63,224,,4,0,0,0,602
2021-04-04 11:57:01 UTC,62,34,258,,0,0,0,0,602
2021-04-04 12:57:01 UTC,63,8,266,,0,0,0,0,602
2021-04-04 13:57:01 UTC,64,16,282,,0,0,0,0,602
2021-04-04 14:57:01 UTC,65,28,310,,4,0,0,0,602
2021-04-04 15:57:01 UTC,66,34,346,,0,0,0,0,602
2021-04-04 16:57:01 UTC,67,46,392,,0,0,0,0,602
2021-04-04 17:57:01 UTC,68,30,422,,0,0,0,0,602
2021-04-04 18:57:01 UTC,69,17,439,,4,0,0,0,602
2021-04-04 19:57:01 UTC,70,9,448,,0,0,0,0,602
2021-04-04 20:57:01 UTC,71,6,454,,4,0,0,0,602
2021-04-04 21:57:01 UTC,72,,,454,,,,,
2021-04-04 22:57:01 UTC,73,0,0,,0,0,0,0,455
2021-04-04 23:57:01 UTC,74,0,0,,0,0,0,0,455
2021-04-05 00:57:01 UTC,75,0,0,,0,0,0,0,455
2021-04-05 01:57:01 UTC,76,0,0,,0,0,0,0,455
2021-04-05 02:57:01 UTC,77,0,0,,4,0,0,0,455
2021-04-05 03:57:01 UTC,78,0,0,,0,0,0,0,455
2021-04-05 04:57:01 UTC,79,2,2,,0,0,0,0,455
2021-04-05 05:57:01 UTC,80,13,15,,0,0,0,0,455
2021-04-05 06:57:01 UTC,81,17,32,,4,0,0,0,455
2021-04-05 07:57:01 UTC,82,39,75,,0,0,0,0,455
2021-04-05 08:57:01 UTC,83,84,159,,0,0,0,0,455
2021-04-05 09:57:01 UTC,84,93,252,,0,0,0,0,455
2021-04-05 10:57:01 UTC,85,95,347,,4,0,0,0,455
2021-04-05 11:57:01 UTC,86,66,415,,0,0,0,0,455
2021-04-05 12:57:01 UTC,87,44,459,,0,0,0,0,455
2021-04-05 13:57:01 UTC,88,25,484,,0,0,0,0,455
2021-04-05 14:57:01 UTC,89,31,515,,4,0,0,0,455
2021-04-05 15:57:01 UTC,90,47,562,,0,0,0,0,455
2021-04-05 16:57:01 UTC,91,43,605,,0,0,0,0,455
2021-04-05 17:57:01 UTC,92,30,635,,0,0,0,0,455
2021-04-05 18:57:01 UTC,93,16,651,,4,0,0,0,455
2021-04-05 19:57:01 UTC,94,11,664,,0,0,0,0,455
2021-04-05 20:57:01 UTC,95,8,672,,4,0,0,0,455
2021-04-05 21:57:01 UTC,96,,,672,,,,,
2021-04-05 22:57:01 UTC,97,0,0,,0,0,0,0,673
2021-04-05 23:57:01 UTC,98,0,0,,0,0,0,0,673
2021-04-06 00:57:01 UTC,99,0,0,,0,0,0,0,673
2021-04-06 01:57:01 UTC,100,0,0,,0,0,0,0,673
2021-04-06 02:57:01 UTC,101,0,0,,4,0,0,0,673
2021-04-06 03:57:01 UTC,102,0,0,,0,0,0,0,673
2021-04-06 04:57:01 UTC,103,2,2,,0,0,0,0,673
2021-04-06 05:57:01 UTC,104,8,10,,0,0,0,0,673
2021-04-06 06:57:01 UTC,105,10,20,,4,0,0,0,673
2021-04-06 07:57:01 UTC,106,4,25,,0,0,0,0,673
2021-04-06 08:57:01 UTC,107,8,33,,0,0,0,0,673
2021-04-06 09:57:01 UTC,108,12,45,,0,0,0,0,673
2021-04-06 10:57:01 UTC,109,12,57,,4,0,0,0,673
2021-04-06 11:57:01 UTC,110,13,70,,0,0,0,0,673
2021-04-06 12:57:01 UTC,111,18,88,,0,0,0,0,673
2021-04-06 13:57:01 UTC,112,23,111,,0,0,0,0,673
2021-04-06 14:57:01 UTC,113,46,157,,4,0,0,0,673
2021-04-06 15:57:01 UTC,114,35,194,,0,0,0,0,673
2021-04-06 16:57:01 UTC,115,32,226,,0,0,0,0,673
2021-04-06 17:57:01 UTC,116,25,251,,0,0,0,0,673
2021-04-06 18:57:01 UTC,117,15,266,,4,0,0,0,673
2021-04-06 19:57:01 UTC,118,20,286,,0,0,0,0,673
2021-04-06 20:57:01 UTC,119,9,295,,4,0,0,0,673
2021-04-06 21:57:01 UTC,120,,,295,,,,,
2021-04-06 22:57:01 UTC,121,0,0,,0,0,0,0,297
2021-04-06 23:57:01 UTC,122,0,0,,0,0,0,0,297
2021-04-07 00:57:01 UTC,123,2,2,,0,0,0,0,297
2021-04-07 01:57:01 UTC,124,0,2,,0,0,0,0,297
2021-04-07 02:57:01 UTC,125,0,2,,4,0,0,0,297
2021-04-07 03:57:01 UTC,126,0,2,,0,0,0,0,297
2021-04-07 04:57:01 UTC,127,2,4,,0,0,0,0,297
2021-04-07 05:57:01 UTC,128,7,11,,0,0,0,0,297
2021-04-07 06:57:01 UTC,129,13,24,,4,0,0,0,297
2021-04-07 07:57:01 UTC,130,11,38,,0,0,0,0,297
2021-04-07 08:57:01 UTC,131,21,59,,0,0,0,0,297
2021-04-07 09:57:01 UTC,132,32,91,,0,0,0,0,297
2021-04-07 10:57:01 UTC,133,54,145,,4,0,0,0,297
2021-04-07 11:57:01 UTC,134,39,184,,0,0,0,0,297
2021-04-07 12:57:01 UTC,135,39,223,,0,0,0,0,297
2021-04-07 13:57:01 UTC,136,35,258,,0,0,0,0,297
2021-04-07 14:57:01 UTC,137,34,292,,4,0,0,0,297
2021-04-07 15:57:01 UTC,138,37,330,,0,0,0,0,297
2021-04-07 16:57:01 UTC,139,37,367,,0,0,0,0,297
2021-04-07 17:57:01 UTC,140,26,393,,0,0,0,0,297
2021-04-07 18:57:01 UTC,141,32,425,,4,0,0,0,297
2021-04-07 19:57:01 UTC,142,21,446,,0,0,0,0,297
2021-04-07 20:57:01 UTC,143,8,454,,3.9,0,0,0,297
2021-04-07 21:57:01 UTC,144,,,454,,,,,
2021-04-07 22:57:01 UTC,145,2,2,,0,0,0,0,454
2021-04-07 23:57:01 UTC,146,0,2,,0,0,0,0,454
2021-04-08 00:57:01 UTC,147,0,2,,0,0,0,0,454
2021-04-08 01:57:01 UTC,148,1,3,,0,0,0,0,454
2021-04-08 02:57:01 UTC,149,0,3,,3.9,0,0,0,454
2021-04-08 03:57:01 UTC,150,0,3,,0,0,0,0,454
2021-04-08 04:57:01 UTC,151,1,4,,0,0,0,0,454
2021-04-08 05:57:01 UTC,152,7,11,,0,0,0,0,454
2021-04-08 06:57:01 UTC,153,18,29,,4,0,0,0,454
2021-04-08 07:57:01 UTC,154,12,43,,0,0,0,0,454
2021-04-08 08:57:01 UTC,155,22,65,,0,0,0,0,454
2021-04-08 09:57:01 UTC,156,31,96,,0,0,0,0,454
2021-04-08 10:57:01 UTC,157,32,128,,4,0,0,0,454
2021-04-08 11:57:01 UTC,158,35,163,,0,0,0,0,454
2021-04-08 12:57:01 UTC,159,39,202,,0,0,0,0,454
2021-04-08 13:57:01 UTC,160,26,228,,0,0,0,0,454
2021-04-08 14:57:01 UTC,161,23,251,,4,0,0,0,454
2021-04-08 15:57:01 UTC,162,24,275,,0,0,0,0,454
2021-04-08 16:57:01 UTC,163,33,308,,0,0,0,0,454
2021-04-08 17:57:01 UTC,164,19,327,,0,0,0,0,454
2021-04-08 18:57:01 UTC,165,25,352,,4,0,0,0,454
2021-04-08 19:57:01 UTC,166,12,366,,0,0,0,0,454
2021-04-08 20:57:01 UTC,167,6,372,,4,0,0,0,454
2021-04-08 21:57:01 UTC,168,,,372,,,,,
2021-04-08 22:57:01 UTC,169,1,1,,0,0,0,0,374
2021-04-08 23:57:01 UTC,170,0,1,,0,0,0,0,374
2021-04-09 00:57:01 UTC,171,0,1,,0,0,0,0,374
2021-04-09 01:57:01 UTC,172,0,1,,0,0,0,0,374
2021-04-09 02:57:01 UTC,173,0,1,,4,0,0,0,374
2021-04-09 03:57:01 UTC,174,0,1,,0,0,0,0,374
2021-04-09 04:57:01 UTC,175,1,2,,0,0,0,0,374
2021-04-09 05:57:01 UTC,176,10,12,,0,0,0,0,374
2021-04-09 06:57:01 UTC,177,26,38,,4,0,0,0,374
2021-04-09 07:57:01 UTC,178,22,65,,0,0,0,0,374
2021-04-09 08:57:01 UTC,179,31,96,,0,0,0,0,374
2021-04-09 09:57:01 UTC,180,30,126,,0,0,0,0,374
2021-04-09 10:57:01 UTC,181,33,159,,4,0,0,0,374
2021-04-09 11:57:01 UTC,182,34,194,,0,0,0,0,374
2021-04-09 12:57:01 UTC,183,19,213,,0,0,0,0,374
2021-04-09 13:57:01 UTC,184,37,250,,0,0,0,0,374
2021-04-09 14:57:01 UTC,185,26,276,,4,0,0,0,374
2021-04-09 15:57:01 UTC,186,26,306,,0,0,0,0,374
2021-04-09 16:57:01 UTC,187,32,338,,0,0,0,0,374
2021-04-09 17:57:01 UTC,188,27,365,,0,0,0,0,374
2021-04-09 18:57:01 UTC,189,24,389,,4,0,0,0,374
2021-04-09 19:57:01 UTC,190,19,409,,0,0,0,0,374
2021-04-09 20:57:01 UTC,191,16,425,,4,0,0,0,374
2021-04-09 21:57:01 UTC,192,,,425,,,,,
2021-04-09 22:57:01 UTC,193,1,1,,0,0,0,0,426
2021-04-09 23:57:01 UTC,194,0,1,,0,0,0,0,426
2021-04-10 00:57:01 UTC,195,0,1,,0,0,0,0,426
2021-04-10 01:57:01 UTC,196,0,1,,0,0,0,0,426
2021-04-10 02:57:01 UTC,197,0,1,,4,0,0,0,426
2021-04-10 03:57:01 UTC,198,0,1,,0,0,0,0,426
2021-04-10 04:57:01 UTC,199,3,4,,0,0,0,0,426
2021-04-10 05:57:01 UTC,200,10,14,,0,0,0,0,426
2021-04-10 06:57:01 UTC,201,16,30,,4,0,0,0,426
2021-04-10 07:57:01 UTC,202,16,46,,0,0,0,0,426
2021-04-10 08:57:01 UTC,203,27,73,,0,0,0,0,426
2021-04-10 09:57:01 UTC,204,28,101,,0,0,0,0,426
2021-04-10 10:57:01 UTC,205,30,131,,4,0,0,0,426
2021-04-10 11:57:01 UTC,206,15,147,,0,0,0,0,426
2021-04-10 12:57:01 UTC,207,20,167,,0,0,0,0,426
2021-04-10 13:57:01 UTC,208,16,183,,0,0,0,0,426
2021-04-10 14:57:01 UTC,209,3,186,,4,0,0,0,426
2021-04-10 15:57:01 UTC,210,12,199,,0,0,0,0,426
2021-04-10 16:57:01 UTC,211,12,211,,0,0,0,0,426
2021-04-10 17:57:01 UTC,212,21,232,,0,0,0,0,426
2021-04-10 18:57:01 UTC,213,17,249,,4,0,0,0,426
2021-04-10 19:57:01 UTC,214,13,262,,0,0,0,0,426
2021-04-10 20:57:01 UTC,215,18,280,,4,0,0,0,426
2021-04-10 21:57:01 UTC,216,,,280,,,,,
2021-04-10 22:57:01 UTC,217,0,0,,0,0,0,0,287
2021-04-10 23:57:01 UTC,218,1,1,,0,0,0,0,287
2021-04-11 00:57:01 UTC,219,0,1,,0,0,0,0,287
2021-04-11 01:57:01 UTC,220,0,1,,0,0,0,0,287
2021-04-11 02:57:01 UTC,221,0,1,,4,0,0,0,287
2021-04-11 03:57:01 UTC,222,0,1,,0,0,0,0,287
2021-04-11 04:57:01 UTC,223,1,2,,0,0,0,0,287
2021-04-11 05:57:01 UTC,224,10,12,,0,0,0,0,287
2021-04-11 06:57:01 UTC,225,9,21,,4,0,0,0,287
2021-04-11 07:57:01 UTC,226,12,34,,0,0,0,0,287
2021-04-11 08:57:01 UTC,227,17,51,,0,0,0,0,287
2021-04-11 09:57:01 UTC,228,18,69,,0,0,0,0,287
2021-04-11 10:57:01 UTC,229,35,104,,3.9,0,0,0,287
2021-04-11 11:57:01 UTC,230,25,129,,0,0,0,0,287
2021-04-11 12:57:01 UTC,231,15,144,,0,0,0,0,287
2021-04-11 13:57:01 UTC,232,13,157,,0,0,0,0,287
2021-04-11 14:57:01 UTC,233,19,176,,4,0,0,0,287
2021-04-11 15:57:01 UTC,234,11,188,,0,0,0,0,287
2021-04-11 16:57:01 UTC,235,16,204,,0,0,0,0,287
2021-04-11 17:57:01 UTC,236,24,228,,0,0,0,0,287
2021-04-11 18:57:01 UTC,237,16,244,,4,0,0,0,287
2021-04-11 19:57:01 UTC,238,7,255,,0,0,0,0,287
2021-04-11 20:57:01 UTC,239,5,260,,4,0,0,0,287
2021-04-11 21:57:01 UTC,240,,,260,,,,,
2021-04-11 22:57:01 UTC,241,0,0,,0,0,0,0,264
2021-04-11 23:57:01 UTC,242,0,0,,0,0,0,0,264
2021-04-12 00:57:01 UTC,243,0,0,,0,0,0,0,264
2021-04-12 01:57:01 UTC,244,0,0,,0,0,0,0,264
2021-04-12 02:57:01 UTC,245,0,0,,4,0,0,0,264
2021-04-12 03:57:01 UTC,246,0,0,,0,0,0,0,264
2021-04-12 04:57:01 UTC,247,1,1,,0,0,0,0,264
2021-04-12 05:57:01 UTC,248,3,4,,0,0,0,0,264
2021-04-12 06:57:01 UTC,249,3,7,,4,0,0,0,264
2021-04-12 07:57:01 UTC,250,25,32,,0,0,0,0,264
2021-04-12 08:57:01 UTC,251,65,97,,0,0,0,0,264
2021-04-12 09:57:01 UTC,252,9,106,,0,0,0,0,264
2021-04-12 10:57:01 UTC,253,22,128,,4,0,0,0,264
2021-04-12 11:57:01 UTC,254,13,141,,0,0,0,0,264
2021-04-12 12:57:01 UTC,255,6,147,,0,0,0,0,264
2021-04-12 13:57:01 UTC,256,6,153,,0,0,0,0,264
2021-04-12 14:57:01 UTC,257,10,163,,4,0,0,0,264
2021-04-12 15:57:01 UTC,258,1,164,,0,0,0,0,264
2021-04-12 16:57:01 UTC,259,5,169,,0,0,0,0,264
2021-04-12 17:57:01 UTC,260,6,175,,0,0,0,0,264
2021-04-12 18:57:01 UTC,261,4,179,,4,0,0,0,264
