created_at,entry_id,field1,field2,field3,field4,field5,field6,field7,field8
2021-09-01 00:57:01 UTC,3075,2,7,,0,0,0,0,325
2021-09-01 01:57:01 UTC,3076,2,9,,0,0,0,0,325
2021-09-01 02:57:01 UTC,3077,1,10,,3.9,0,0,0,325
2021-09-01 03:57:01 UTC,3078,1,11,,0,0,0,0,325
2021-09-01 04:57:01 UTC,3079,2,13,,0,0,0,0,325
2021-09-01 05:57:01 UTC,3080,8,21,,0,0,0,0,325
2021-09-01 06:57:01 UTC,3081,12,33,,4,0,0,0,325
2021-09-01 07:57:01 UTC,3082,38,72,,0,0,0,0,325
2021-09-01 08:57:01 UTC,3083,20,92,,0,0,0,0,325
2021-09-01 09:57:01 UTC,3084,37,129,,0,0,0,0,325
2021-09-01 10:57:01 UTC,3085,32,161,,3.9,0,0,0,325
2021-09-01 11:57:01 UTC,3086,36,197,,0,0,0,0,325
2021-09-01 12:57:01 UTC,3087,29,226,,0,0,0,0,325
2021-09-01 13:57:01 UTC,3088,19,245,,0,0,0,0,325
2021-09-01 14:57:01 UTC,3089,12,257,,3.9,0,0,0,325
2021-09-01 15:57:01 UTC,3090,9,266,,0,0,0,0,325
2021-09-01 16:57:01 UTC,3091,25,291,,0,0,0,0,325
2021-09-01 17:57:01 UTC,3092,21,312,,0,0,0,0,325
2021-09-01 18:57:01 UTC,3093,28,340,,3.9,0,0,0,325
2021-09-01 19:57:01 UTC,3094,14,355,,0,0,0,0,325
2021-09-01 20:57:01 UTC,3095,5,360,,3.9,0,0,0,325
2021-09-01 21:57:01 UTC,3096,,,360,,,,,
2021-09-01 22:57:01 UTC,3097,12,12,,0,0,0,0,368
2021-09-01 23:57:01 UTC,3098,2,14,,0,0,0,0,368
2021-09-02 00:57:01 UTC,3099,3,17,,0,0,0,0,368
2021-09-02 01:57:01 UTC,3100,2,19,,0,0,0,0,368
2021-09-02 02:57:01 UTC,3101,3,22,,3.9,0,0,0,368
2021-09-02 03:57:01 UTC,3102,0,22,,0,0,0,0,368
2021-09-02 04:57:01 UTC,3103,1,23,,0,0,0,0,368
2021-09-02 05:57:01 UTC,3104,10,33,,0,0,0,0,368
2021-09-02 06:57:01 UTC,3105,15,48,,3.9,0,0,0,368
2021-09-02 07:57:01 UTC,3106,14,62,,0,0,0,0,368
2021-09-02 08:57:01 UTC,3107,23,85,,0,0,0,0,368
2021-09-02 09:57:01 UTC,3108,23,108,,0,0,0,0,368
2021-09-02 10:57:01 UTC,3109,18,126,,3.9,0,0,0,368
2021-09-02 11:57:01 UTC,3110,42,168,,0,0,0,0,368
2021-09-02 12:57:01 UTC,3111,42,210,,0,0,0,0,368
2021-09-02 13:57:01 UTC,3112,37,247,,0,0,0,0,368
2021-09-02 14:57:01 UTC,3113,19,266,,3.9,0,0,0,368
2021-09-02 15:57:01 UTC,3114,23,289,,0,0,0,0,368
2021-09-02 16:57:01 UTC,3115,38,327,,0,0,0,0,368
2021-09-02 17:57:01 UTC,3116,26,353,,0,0,0,0,368
2021-09-02 18:57:01 UTC,3117,26,379,,3.9,0,0,0,368
2021-09-02 19:57:01 UTC,3118,15,394,,0,0,0,0,368
2021-09-02 20:57:01 UTC,3119,13,407,,3.9,0,0,0,368
2021-09-02 21:57:01 UTC,3120,,,407,,,,,
2021-09-02 22:57:01 UTC,3121,1,1,,0,0,0,0,416
2021-09-02 23:57:01 UTC,3122,8,9,,0,0,0,0,416
2021-09-03 00:57:01 UTC,3123,5,14,,0,0,0,0,416
2021-09-03 01:57:01 UTC,3124,1,15,,0,0,0,0,416
2021-09-03 02:57:01 UTC,3125,0,15,,3.9,0,0,0,416
2021-09-03 03:57:01 UTC,3126,1,16,,0,0,0,0,416
2021-09-03 04:57:01 UTC,3127,2,18,,0,0,0,0,416
2021-09-03 05:57:01 UTC,3128,5,23,,0,0,0,0,416
2021-09-03 06:57:01 UTC,3129,8,31,,3.9,0,0,0,416
2021-09-03 07:57:01 UTC,3130,9,40,,0,0,0,1,416
2021-09-03 08:57:01 UTC,3131,9,49,,0,0,0,1,416
2021-09-03 09:57:01 UTC,3132,15,64,,0,0,0,1,416
2021-09-03 10:57:01 UTC,3133,18,82,,3.9,0,0,1,416
2021-09-03 11:57:01 UTC,3134,36,118,,0,0,0,1,416
2021-09-03 12:57:01 UTC,3135,8,126,,0,0,0,1,416
2021-09-03 13:57:01 UTC,3136,23,149,,0,0,0,1,416
2021-09-03 14:57:01 UTC,3137,16,165,,3.9,0,0,1,416
2021-09-03 15:57:01 UTC,3138,5,170,,0,0,0,1,416
2021-09-03 16:57:01 UTC,3139,33,203,,0,0,0,1,416
2021-09-03 17:57:01 UTC,3140,17,220,,0,0,0,1,416
2021-09-03 18:57:01 UTC,3141,10,230,,3.9,0,0,1,416
2021-09-03 19:57:01 UTC,3142,9,241,,0,0,0,1,416
2021-09-03 20:57:01 UTC,3143,7,248,,3.9,0,0,1,416
2021-09-03 21:57:01 UTC,3144,,,248,,,,,
2021-09-03 22:57:01 UTC,3145,7,7,,0,0,0,0,254
2021-09-03 23:57:01 UTC,3146,7,14,,0,0,0,0,254
2021-09-04 00:57:01 UTC,3147,2,16,,0,0,0,0,254
2021-09-04 01:57:01 UTC,3148,0,16,,0,0,0,0,254
2021-09-04 02:57:01 UTC,3149,2,18,,3.9,0,0,0,254
2021-09-04 03:57:01 UTC,3150,1,19,,0,0,0,0,254
2021-09-04 04:57:01 UTC,3151,2,21,,0,0,0,0,254
2021-09-04 05:57:01 UTC,3152,5,26,,0,0,0,0,254
2021-09-04 06:57:01 UTC,3153,7,33,,3.9,0,0,0,254
2021-09-04 07:57:01 UTC,3154,14,47,,0,0,0,1,254
2021-09-04 08:57:01 UTC,3155,34,81,,0,0,0,1,254
2021-09-04 09:57:01 UTC,3156,32,113,,0,0,0,1,254
2021-09-04 10:57:01 UTC,3157,33,146,,0,0,0,1,254
2021-09-04 11:57:01 UTC,3158,26,172,,0,0,0,1,254
2021-09-04 12:57:01 UTC,3159,17,189,,0,0,0,1,254
2021-09-04 13:57:01 UTC,3160,20,209,,0,0,0,1,254
2021-09-04 14:57:01 UTC,3161,14,223,,3.9,0,0,1,254
2021-09-04 15:57:01 UTC,3162,8,231,,0,0,0,1,254
2021-09-04 16:57:01 UTC,3163,16,247,,0,0,0,1,254
2021-09-04 17:57:01 UTC,3164,36,283,,0,0,0,1,254
2021-09-04 18:57:01 UTC,3165,15,298,,3.9,0,0,1,254
2021-09-04 19:57:01 UTC,3166,6,304,,0,0,0,1,254
2021-09-04 20:57:01 UTC,3167,9,313,,3.9,0,0,1,254
2021-09-04 21:57:01 UTC,3168,,,313,,,,,
2021-09-04 22:57:01 UTC,3169,8,8,,0,0,0,0,328
2021-09-04 23:57:01 UTC,3170,4,12,,0,0,0,0,328
2021-09-05 00:57:01 UTC,3171,7,19,,0,0,0,0,328
2021-09-05 01:57:01 UTC,3172,5,24,,0,0,0,0,328
2021-09-05 02:57:01 UTC,3173,4,28,,3.9,0,0,0,328
2021-09-05 03:57:01 UTC,3174,4,32,,0,0,0,0,328
2021-09-05 04:57:01 UTC,3175,6,38,,0,0,0,0,328
2021-09-05 05:57:01 UTC,3176,6,44,,0,0,0,0,328
2021-09-05 06:57:01 UTC,3177,11,55,,3.9,0,0,0,328
2021-09-05 07:57:01 UTC,3178,20,76,,0,0,0,0,328
2021-09-05 08:57:01 UTC,3179,25,101,,0,0,0,0,328
2021-09-05 09:57:01 UTC,3180,52,153,,0,0,0,0,328
2021-09-05 10:57:01 UTC,3181,55,208,,3.9,0,0,0,328
2021-09-05 11:57:01 UTC,3182,32,240,,0,0,0,0,328
2021-09-05 12:57:01 UTC,3183,20,260,,0,0,0,0,328
2021-09-05 13:57:01 UTC,3184,13,273,,0,0,0,0,328
2021-09-05 14:57:01 UTC,3185,4,277,,3.9,0,0,0,328
2021-09-05 15:57:01 UTC,3186,11,288,,0,0,0,0,328
2021-09-05 16:57:01 UTC,3187,28,316,,0,0,0,0,328
2021-09-05 17:57:01 UTC,3188,28,344,,0,0,0,0,328
2021-09-05 18:57:01 UTC,3189,21,365,,3.9,0,0,0,328
2021-09-05 19:57:01 UTC,3190,6,372,,0,0,0,0,328
2021-09-05 20:57:01 UTC,3191,8,380,,3.9,0,0,0,328
2021-09-05 21:57:01 UTC,3192,,,380,,,,,
2021-09-05 22:57:01 UTC,3193,8,8,,0,0,0,0,390
2021-09-05 23:57:01 UTC,3194,10,18,,0,0,0,0,390
2021-09-06 00:57:01 UTC,3195,2,20,,0,0,0,0,390
2021-09-06 01:57:01 UTC,3196,2,22,,0,0,0,0,390
2021-09-06 02:57:01 UTC,3197,1,23,,3.9,0,0,0,390
2021-09-06 03:57:01 UTC,3198,1,24,,0,0,0,0,390
2021-09-06 04:57:01 UTC,3199,3,27,,0,0,0,0,390
2021-09-06 05:57:01 UTC,3200,14,41,,0,0,0,0,390
2021-09-06 06:57:01 UTC,3201,13,54,,3.9,0,0,0,390
2021-09-06 07:57:01 UTC,3202,24,78,,0,0,0,0,390
2021-09-06 08:57:01 UTC,3203,15,93,,0,0,0,0,390
2021-09-06 09:57:01 UTC,3204,30,123,,0,0,0,0,390
2021-09-06 10:57:01 UTC,3205,26,149,,3.9,0,0,0,390
2021-09-06 11:57:01 UTC,3206,25,174,,0,0,0,1,390
2021-09-06 12:57:01 UTC,3207,15,189,,0,0,0,1,390
2021-09-06 13:57:01 UTC,3208,9,198,,0,0,0,1,390
2021-09-06 14:57:01 UTC,3209,10,208,,3.9,0,0,1,390
2021-09-06 15:57:01 UTC,3210,16,224,,0,0,0,1,390
2021-09-06 16:57:01 UTC,3211,34,258,,0,0,0,1,390
2021-09-06 17:57:01 UTC,3212,32,290,,0,0,0,1,390
2021-09-06 18:57:01 UTC,3213,25,315,,3.9,0,0,1,390
2021-09-06 19:57:01 UTC,3214,14,329,,0,0,0,1,390
2021-09-06 20:57:01 UTC,3215,11,340,,3.9,0,0,1,390
2021-09-06 21:57:01 UTC,3216,,,340,,,,,
2021-09-06 22:57:01 UTC,3217,7,7,,0,0,0,0,347
2021-09-06 23:57:01 UTC,3218,11,18,,0,0,0,0,347
2021-09-07 00:57:01 UTC,3219,2,20,,0,0,0,0,347
2021-09-07 01:57:01 UTC,3220,3,23,,0,0,0,0,347
2021-09-07 02:57:01 UTC,3221,0,23,,3.9,0,0,0,347
2021-09-07 03:57:01 UTC,3222,1,24,,0,0,0,0,347
2021-09-07 04:57:01 UTC,3223,7,31,,0,0,0,0,347
2021-09-07 05:57:01 UTC,3224,8,39,,0,0,0,0,347
2021-09-07 06:57:01 UTC,3225,13,52,,4,0,0,0,347
2021-09-07 07:57:01 UTC,3226,21,74,,0,0,0,0,347
2021-09-07 08:57:01 UTC,3227,24,98,,0,0,0,0,347
2021-09-07 09:57:01 UTC,3228,28,126,,0,0,0,0,347
2021-09-07 10:57:01 UTC,3229,19,145,,3.9,0,0,0,347
2021-09-07 11:57:01 UTC,3230,22,167,,0,0,0,0,347
2021-09-07 12:57:01 UTC,3231,26,193,,0,0,0,0,347
2021-09-07 13:57:01 UTC,3232,18,211,,0,0,0,0,347
2021-09-07 14:57:01 UTC,3233,12,223,,3.9,0,0,0,347
2021-09-07 15:57:01 UTC,3234,32,255,,0,0,0,0,347
2021-09-07 16:57:01 UTC,3235,28,283,,0,0,0,0,347
2021-09-07 17:57:01 UTC,3236,24,307,,0,0,0,0,347
2021-09-07 18:57:01 UTC,3237,16,323,,3.9,0,0,0,347
2021-09-07 19:57:01 UTC,3238,8,332,,0,0,0,0,347
2021-09-07 20:57:01 UTC,3239,15,347,,3.9,0,0,0,347
2021-09-07 21:57:01 UTC,3240,,,347,,,,,
2021-09-07 22:57:01 UTC,3241,5,5,,0,0,0,0,358
2021-09-07 23:57:01 UTC,3242,0,5,,0,0,0,0,358
2021-09-08 00:57:01 UTC,3243,4,9,,0,0,0,0,358
2021-09-08 01:57:01 UTC,3244,3,12,,0,0,0,0,358
2021-09-08 02:57:01 UTC,3245,2,14,,3.9,0,0,0,358
2021-09-08 03:57:01 UTC,3246,1,15,,0,0,0,0,358
2021-09-08 04:57:01 UTC,3247,2,17,,0,0,0,0,358
2021-09-08 05:57:01 UTC,3248,11,28,,0,0,0,0,358
2021-09-08 06:57:01 UTC,3249,14,42,,4,0,0,0,358
2021-09-08 07:57:01 UTC,3250,18,62,,0,0,0,0,358
2021-09-08 08:57:01 UTC,3251,26,88,,0,0,0,0,358
2021-09-08 09:57:01 UTC,3252,26,114,,0,0,0,0,358
2021-09-08 10:57:01 UTC,3253,23,137,,3.9,0,0,0,358
2021-09-08 11:57:01 UTC,3254,22,159,,0,0,0,0,358
2021-09-08 12:57:01 UTC,3255,21,180,,0,0,0,0,358
2021-09-08 13:57:01 UTC,3256,25,205,,0,0,0,0,358
2021-09-08 14:57:01 UTC,3257,28,233,,3.9,0,0,0,358
2021-09-08 15:57:01 UTC,3258,17,250,,0,0,0,0,358
2021-09-08 16:57:01 UTC,3259,24,274,,0,0,0,0,358
2021-09-08 17:57:01 UTC,3260,31,305,,0,0,0,0,358
2021-09-08 18:57:01 UTC,3261,20,325,,3.9,0,0,0,358
2021-09-08 19:57:01 UTC,3262,14,340,,0,0,0,0,358
2021-09-08 20:57:01 UTC,3263,8,348,,3.9,0,0,0,358
2021-09-08 21:57:01 UTC,3264,,,348,,,,,
2021-09-08 22:57:01 UTC,3265,10,10,,0,0,0,0,365
2021-09-08 23:57:01 UTC,3266,9,19,,0,0,0,0,365
2021-09-09 00:57:01 UTC,3267,4,23,,0,0,0,0,365
2021-09-09 01:57:01 UTC,3268,1,24,,0,0,0,0,365
2021-09-09 02:57:01 UTC,3269,3,27,,3.9,0,0,0,365
2021-09-09 03:57:01 UTC,3270,0,27,,0,0,0,0,365
2021-09-09 04:57:01 UTC,3271,2,29,,0,0,0,0,365
2021-09-09 05:57:01 UTC,3272,18,47,,0,0,0,0,365
2021-09-09 06:57:01 UTC,3273,24,71,,4,0,0,0,365
2021-09-09 07:57:01 UTC,3274,16,88,,0,0,0,0,365
2021-09-09 08:57:01 UTC,3275,29,117,,0,0,0,0,365
2021-09-09 09:57:01 UTC,3276,33,150,,0,0,0,0,365
2021-09-09 10:57:01 UTC,3277,33,183,,3.9,0,0,0,365
2021-09-09 11:57:01 UTC,3278,37,220,,0,0,0,0,365
2021-09-09 12:57:01 UTC,3279,21,241,,0,0,0,0,365
2021-09-09 13:57:01 UTC,3280,18,259,,0,0,0,0,365
2021-09-09 14:57:01 UTC,3281,16,275,,3.9,0,0,0,365
2021-09-09 15:57:01 UTC,3282,12,287,,0,0,0,0,365
2021-09-09 16:57:01 UTC,3283,27,314,,0,0,0,0,365
2021-09-09 17:57:01 UTC,3284,29,343,,0,0,0,0,365
2021-09-09 18:57:01 UTC,3285,37,380,,3.9,0,0,0,365
2021-09-09 19:57:01 UTC,3286,11,391,,0,0,0,0,365
2021-09-09 20:57:01 UTC,3287,18,409,,3.9,0,0,0,365
2021-09-09 21:57:01 UTC,3288,,,409,,,,,
2021-09-09 22:57:01 UTC,3289,12,12,,0,0,0,0,422
2021-09-09 23:57:01 UTC,3290,7,19,,0,0,0,0,422
2021-09-10 00:57:01 UTC,3291,6,25,,0,0,0,0,422
2021-09-10 01:57:01 UTC,3292,2,27,,0,0,0,0,422
2021-09-10 02:57:01 UTC,3293,0,27,,3.9,0,0,0,422
2021-09-10 03:57:01 UTC,3294,2,29,,0,0,0,0,422
2021-09-10 04:57:01 UTC,3295,0,29,,0,0,0,0,422
2021-09-10 05:57:01 UTC,3296,13,42,,0,0,0,0,422
2021-09-10 06:57:01 UTC,3297,10,52,,3.9,0,0,0,422
2021-09-10 07:57:01 UTC,3298,23,75,,0,0,0,0,422
2021-09-10 08:57:01 UTC,3299,36,111,,0,0,0,0,422
2021-09-10 09:57:01 UTC,3300,30,141,,0,0,0,0,422
2021-09-10 10:57:01 UTC,3301,44,185,,3.9,0,0,0,422
2021-09-10 11:57:01 UTC,3302,26,212,,0,0,0,0,422
2021-09-10 12:57:01 UTC,3303,34,246,,0,0,0,0,422
2021-09-10 13:57:01 UTC,3304,39,285,,0,0,0,0,422
2021-09-10 14:57:01 UTC,3305,30,315,,3.9,0,0,0,422
2021-09-10 15:57:01 UTC,3306,29,346,,0,0,0,0,422
2021-09-10 16:57:01 UTC,3307,33,379,,0,0,0,0,422
2021-09-10 17:57:01 UTC,3308,29,408,,0,0,0,0,422
2021-09-10 18:57:01 UTC,3309,20,428,,3.9,0,0,0,422
2021-09-10 19:57:01 UTC,3310,4,433,,0,0,0,0,422
2021-09-10 20:57:01 UTC,3311,6,439,,3.9,0,0,0,422
2021-09-10 21:57:01 UTC,3312,,,439,,,,,
