created_at,entry_id,field1,field2,field3,field4,field5,field6,field7,field8
2022-02-01 00:57:01 UTC,6695,3,6,,0,0,0,0,340
2022-02-01 01:57:01 UTC,6696,1,7,,0,0,0,0,340
2022-02-01 02:57:01 UTC,6697,0,7,,0,0,0,0,340
2022-02-01 03:57:01 UTC,6698,0,7,,3.9,0,0,0,340
2022-02-01 04:57:01 UTC,6699,0,7,,0,0,0,0,340
2022-02-01 05:57:01 UTC,6700,3,10,,0,0,0,0,340
2022-02-01 06:57:01 UTC,6701,6,16,,0,0,0,0,340
2022-02-01 07:57:01 UTC,6702,7,23,,3.9,0,0,0,340
2022-02-01 08:57:01 UTC,6703,12,36,,0,0,0,0,340
2022-02-01 09:57:01 UTC,6704,34,70,,0,0,0,0,340
2022-02-01 10:57:01 UTC,6705,43,113,,0,0,0,0,340
2022-02-01 11:57:01 UTC,6706,33,146,,3.9,0,0,0,340
2022-02-01 12:57:01 UTC,6707,30,177,,0,0,0,0,340
2022-02-01 13:57:01 UTC,6708,25,202,,0,0,0,0,340
2022-02-01 14:57:01 UTC,6709,24,226,,0,0,0,0,340
2022-02-01 15:57:01 UTC,6710,17,243,,3.9,0,0,0,340
2022-02-01 16:57:01 UTC,6711,22,269,,0,0,0,0,340
2022-02-01 17:57:01 UTC,6712,22,291,,0,0,0,0,340
2022-02-01 18:57:01 UTC,6713,17,308,,0,0,0,0,340
2022-02-01 19:57:01 UTC,6714,20,328,,3.9,0,0,0,340
2022-02-01 20:57:01 UTC,6715,7,338,,0,0,0,0,340
2022-02-01 21:57:01 UTC,6716,3,341,,3.9,0,0,0,340
2022-02-01 22:57:01 UTC,6717,,,341,,,,,
2022-02-01 23:57:01 UTC,6718,8,8,,0,0,0,0,346
2022-02-02 00:57:01 UTC,6719,3,11,,0,0,0,0,346
2022-02-02 01:57:01 UTC,6720,0,11,,0,0,0,0,346
2022-02-02 02:57:01 UTC,6721,0,11,,0,0,0,0,346
2022-02-02 03:57:01 UTC,6722,1,12,,3.9,0,0,0,346
2022-02-02 04:57:01 UTC,6723,0,12,,0,0,0,0,346
2022-02-02 05:57:01 UTC,6724,5,17,,0,0,0,0,346
2022-02-02 06:57:01 UTC,6725,6,23,,0,0,0,0,346
2022-02-02 07:57:01 UTC,6726,15,38,,3.9,0,0,0,346
2022-02-02 08:57:01 UTC,6727,16,56,,0,0,0,0,346
2022-02-02 09:57:01 UTC,6728,10,66,,0,0,0,0,346
2022-02-02 10:57:01 UTC,6729,22,88,,0,0,0,0,346
2022-02-02 11:57:01 UTC,6730,11,99,,3.9,0,0,0,346
2022-02-02 12:57:01 UTC,6731,28,130,,0,0,0,0,346
2022-02-02 13:57:01 UTC,6732,29,159,,0,0,0,0,346
2022-02-02 14:57:01 UTC,6733,25,184,,0,0,0,0,346
2022-02-02 15:57:01 UTC,6734,20,204,,3.9,0,0,0,346
2022-02-02 16:57:01 UTC,6735,18,222,,0,0,0,0,346
2022-02-02 17:57:01 UTC,6736,21,243,,0,0,0,0,346
2022-02-02 18:57:01 UTC,6737,30,273,,0,0,0,0,346
2022-02-02 19:57:01 UTC,6738,25,298,,3.9,0,0,0,346
2022-02-02 20:57:01 UTC,6739,14,315,,0,0,0,0,346
2022-02-02 21:57:01 UTC,6740,4,319,,3.9,0,0,0,346
2022-02-02 22:57:01 UTC,6741,,,319,,,,,
2022-02-02 23:57:01 UTC,6742,2,2,,0,0,0,0,330
2022-02-03 00:57:01 UTC,6743,4,6,,0,0,0,0,330
2022-02-03 01:57:01 UTC,6744,0,6,,0,0,0,0,330
2022-02-03 02:57:01 UTC,6745,0,6,,0,0,0,0,330
2022-02-03 03:57:01 UTC,6746,0,6,,3.9,0,0,0,330
2022-02-03 04:57:01 UTC,6747,0,6,,0,0,0,0,330
2022-02-03 05:57:01 UTC,6748,0,6,,0,0,0,0,330
2022-02-03 06:57:01 UTC,6749,9,15,,0,0,0,0,330
2022-02-03 07:57:01 UTC,6750,8,23,,3.9,0,0,0,330
2022-02-03 08:57:01 UTC,6751,15,39,,0,0,0,0,330
2022-02-03 09:57:01 UTC,6752,24,63,,0,0,0,0,330
2022-02-03 10:57:01 UTC,6753,37,100,,0,0,0,0,330
2022-02-03 11:57:01 UTC,6754,11,111,,3.9,0,0,0,330
2022-02-03 12:57:01 UTC,6755,23,135,,0,0,0,0,330
2022-02-03 13:57:01 UTC,6756,26,161,,0,0,0,0,330
2022-02-03 14:57:01 UTC,6757,20,181,,0,0,0,0,330
2022-02-03 15:57:01 UTC,6758,20,201,,3.9,0,0,0,330
2022-02-03 16:57:01 UTC,6759,16,219,,0,0,0,0,330
2022-02-03 17:57:01 UTC,6760,27,246,,0,0,0,0,330
2022-02-03 18:57:01 UTC,6761,27,273,,0,0,0,0,330
2022-02-03 19:57:01 UTC,6762,20,293,,3.9,0,0,0,330
2022-02-03 20:57:01 UTC,6763,13,307,,0,0,0,0,330
2022-02-03 21:57:01 UTC,6764,9,316,,3.9,0,0,0,330
2022-02-03 22:57:01 UTC,6765,,,316,,,,,
2022-02-03 23:57:01 UTC,6766,2,2,,0,0,0,0,318
2022-02-04 00:57:01 UTC,6767,1,3,,0,0,0,0,318
2022-02-04 01:57:01 UTC,6768,1,4,,0,0,0,0,318
2022-02-04 02:57:01 UTC,6769,0,4,,0,0,0,0,318
2022-02-04 03:57:01 UTC,6770,0,4,,3.9,0,0,0,318
2022-02-04 04:57:01 UTC,6771,0,4,,0,0,0,0,318
2022-02-04 05:57:01 UTC,6772,5,9,,0,0,0,0,318
2022-02-04 06:57:01 UTC,6773,10,19,,0,0,0,0,318
2022-02-04 07:57:01 UTC,6774,10,29,,3.9,0,0,0,318
2022-02-04 08:57:01 UTC,6775,18,47,,0,0,0,0,318
2022-02-04 09:57:01 UTC,6776,10,57,,0,0,0,0,318
2022-02-04 10:57:01 UTC,6777,24,81,,0,0,0,0,318
2022-02-04 11:57:01 UTC,6778,22,103,,3.9,0,0,0,318
2022-02-04 12:57:01 UTC,6779,26,130,,0,0,0,0,318
2022-02-04 13:57:01 UTC,6780,20,150,,0,0,0,0,318
2022-02-04 14:57:01 UTC,6781,14,164,,0,0,0,0,318
2022-02-04 15:57:01 UTC,6782,35,199,,3.9,0,0,0,318
2022-02-04 16:57:01 UTC,6783,24,225,,0,0,0,0,318
2022-02-04 17:57:01 UTC,6784,18,243,,0,0,0,0,318
2022-02-04 18:57:01 UTC,6785,23,266,,0,0,0,0,318
2022-02-04 19:57:01 UTC,6786,22,288,,3.9,0,0,0,318
2022-02-04 20:57:01 UTC,6787,11,299,,0,0,0,0,318
2022-02-04 21:57:01 UTC,6788,8,307,,3.9,0,0,0,318
2022-02-04 22:57:01 UTC,6789,,,307,,,,,
2022-02-04 23:57:01 UTC,6790,5,5,,0,0,0,1,315
2022-02-05 00:57:01 UTC,6791,1,6,,0,0,0,1,315
2022-02-05 01:57:01 UTC,6792,7,13,,0,0,0,1,315
2022-02-05 02:57:01 UTC,6793,1,14,,0,0,0,1,315
2022-02-05 03:57:01 UTC,6794,0,14,,3.9,0,0,1,315
2022-02-05 04:57:01 UTC,6795,2,16,,0,0,0,1,315
2022-02-05 05:57:01 UTC,6796,4,20,,0,0,0,1,315
2022-02-05 06:57:01 UTC,6797,6,26,,0,0,0,1,315
2022-02-05 07:57:01 UTC,6798,9,35,,3.9,0,0,1,315
2022-02-05 08:57:01 UTC,6799,16,51,,0,0,0,1,315
2022-02-05 09:57:01 UTC,6800,15,66,,0,0,0,1,315
2022-02-05 10:57:01 UTC,6801,35,101,,0,0,0,1,315
2022-02-05 11:57:01 UTC,6802,24,125,,3.9,0,0,1,315
2022-02-05 12:57:01 UTC,6803,37,165,,0,0,0,1,315
2022-02-05 13:57:01 UTC,6804,14,179,,0,0,0,1,315
2022-02-05 14:57:01 UTC,6805,18,197,,0,0,0,1,315
2022-02-05 15:57:01 UTC,6806,28,225,,3.9,0,0,1,315
2022-02-05 16:57:01 UTC,6807,16,242,,0,0,0,1,315
2022-02-05 17:57:01 UTC,6808,21,263,,0,0,0,1,315
2022-02-05 18:57:01 UTC,6809,28,291,,0,0,0,1,315
2022-02-05 19:57:01 UTC,6810,31,322,,3.9,0,0,1,315
2022-02-05 20:57:01 UTC,6811,12,336,,0,0,0,1,315
2022-02-05 21:57:01 UTC,6812,7,343,,3.9,0,0,1,315
2022-02-05 22:57:01 UTC,6813,,,343,,,,,
2022-02-05 23:57:01 UTC,6814,2,2,,0,0,0,0,348
2022-02-06 00:57:01 UTC,6815,2,4,,0,0,0,0,348
2022-02-06 01:57:01 UTC,6816,6,10,,0,0,0,0,348
2022-02-06 02:57:01 UTC,6817,2,12,,0,0,0,0,348
2022-02-06 03:57:01 UTC,6818,0,12,,3.9,0,0,0,348
2022-02-06 04:57:01 UTC,6819,0,12,,0,0,0,0,348
2022-02-06 05:57:01 UTC,6820,5,17,,0,0,0,0,348
2022-02-06 06:57:01 UTC,6821,9,26,,0,0,0,0,348
2022-02-06 07:57:01 UTC,6822,19,45,,3.9,0,0,0,348
2022-02-06 08:57:01 UTC,6823,19,66,,0,0,0,0,348
2022-02-06 09:57:01 UTC,6824,37,103,,0,0,0,0,348
2022-02-06 10:57:01 UTC,6825,34,137,,0,0,0,0,348
2022-02-06 11:57:01 UTC,6826,48,185,,3.9,0,0,0,348
2022-02-06 12:57:01 UTC,6827,31,224,,0,0,0,0,348
2022-02-06 13:57:01 UTC,6828,28,252,,0,0,0,0,348
2022-02-06 14:57:01 UTC,6829,38,290,,0,0,0,0,348
2022-02-06 15:57:01 UTC,6830,48,338,,3.9,0,0,0,348
2022-02-06 16:57:01 UTC,6831,16,355,,0,0,0,0,348
2022-02-06 17:57:01 UTC,6832,17,372,,0,0,0,0,348
2022-02-06 18:57:01 UTC,6833,24,396,,0,0,0,0,348
2022-02-06 19:57:01 UTC,6834,8,404,,3.9,0,0,0,348
2022-02-06 20:57:01 UTC,6835,11,417,,0,0,0,0,348
2022-02-06 21:57:01 UTC,6836,3,420,,3.9,0,0,0,348
2022-02-06 22:57:01 UTC,6837,,,420,,,,,
2022-02-06 23:57:01 UTC,6838,5,5,,0,0,0,0,427
2022-02-07 00:57:01 UTC,6839,4,9,,0,0,0,0,427
2022-02-07 01:57:01 UTC,6840,0,9,,0,0,0,0,427
2022-02-07 02:57:01 UTC,6841,0,9,,0,0,0,0,427
2022-02-07 03:57:01 UTC,6842,1,10,,3.9,0,0,0,427
2022-02-07 04:57:01 UTC,6843,0,10,,0,0,0,0,427
2022-02-07 05:57:01 UTC,6844,1,11,,0,0,0,0,427
2022-02-07 06:57:01 UTC,6845,4,15,,0,0,0,0,427
2022-02-07 07:57:01 UTC,6846,20,35,,3.9,0,0,0,427
2022-02-07 08:57:01 UTC,6847,12,50,,0,0,0,0,427
2022-02-07 09:57:01 UTC,6848,11,61,,0,0,0,0,427
2022-02-07 10:57:01 UTC,6849,34,95,,0,0,0,0,427
2022-02-07 11:57:01 UTC,6850,35,130,,3.9,0,0,0,427
2022-02-07 12:57:01 UTC,6851,32,162,,0,0,0,0,427
2022-02-07 13:57:01 UTC,6852,22,184,,0,0,0,0,427
2022-02-07 14:57:01 UTC,6853,19,203,,0,0,0,0,427
2022-02-07 15:57:01 UTC,6854,25,228,,3.9,0,0,0,427
2022-02-07 16:57:01 UTC,6855,19,248,,0,0,0,0,427
2022-02-07 17:57:01 UTC,6856,20,268,,0,0,0,0,427
2022-02-07 18:57:01 UTC,6857,28,296,,0,0,0,0,427
2022-02-07 19:57:01 UTC,6858,14,310,,3.9,0,0,0,427
2022-02-07 20:57:01 UTC,6859,8,318,,0,0,0,0,427
2022-02-07 21:57:01 UTC,6860,6,324,,3.9,0,0,0,427
2022-02-07 22:57:01 UTC,6861,,,324,,,,,
2022-02-07 23:57:01 UTC,6862,6,6,,0,0,0,0,329
2022-02-08 00:57:01 UTC,6863,1,7,,0,0,0,0,329
2022-02-08 01:57:01 UTC,6864,1,8,,0,0,0,0,329
2022-02-08 02:57:01 UTC,6865,0,8,,0,0,0,0,329
2022-02-08 03:57:01 UTC,6866,2,10,,3.9,0,0,0,329
2022-02-08 04:57:01 UTC,6867,0,10,,0,0,0,3,329
2022-02-08 05:57:01 UTC,6868,3,13,,0,0,0,3,329
2022-02-08 06:57:01 UTC,6869,5,18,,0,0,0,3,329
2022-02-08 07:57:01 UTC,6870,17,35,,0,0,0,3,329
2022-02-08 08:57:01 UTC,6871,18,53,,0,0,0,3,329
2022-02-08 09:57:01 UTC,6872,18,71,,0,0,0,3,329
2022-02-08 10:57:01 UTC,6873,11,82,,0,0,0,3,329
2022-02-08 11:57:01 UTC,6874,28,110,,3.9,0,0,3,329
2022-02-08 12:57:01 UTC,6875,22,137,,0,0,0,3,329
2022-02-08 13:57:01 UTC,6876,31,168,,0,0,0,3,329
2022-02-08 14:57:01 UTC,6877,22,190,,0,0,0,3,329
2022-02-08 15:57:01 UTC,6878,21,211,,3.9,0,0,3,329
2022-02-08 16:57:01 UTC,6879,26,239,,0,0,0,3,329
2022-02-08 17:57:01 UTC,6880,27,266,,0,0,0,3,329
2022-02-08 18:57:01 UTC,6881,30,296,,0,0,0,3,329
2022-02-08 19:57:01 UTC,6882,13,309,,3.9,0,0,3,329
2022-02-08 20:57:01 UTC,6883,12,323,,0,0,0,3,329
2022-02-08 21:57:01 UTC,6884,7,330,,3.9,0,0,3,329
2022-02-08 22:57:01 UTC,6885,,,330,,,,,
2022-02-08 23:57:01 UTC,6886,3,3,,0,0,0,0,333
2022-02-09 00:57:01 UTC,6887,1,4,,0,0,0,0,333
2022-02-09 01:57:01 UTC,6888,2,6,,0,0,0,0,333
2022-02-09 02:57:01 UTC,6889,0,6,,0,0,0,0,333
2022-02-09 03:57:01 UTC,6890,1,7,,3.9,0,0,0,333
2022-02-09 04:57:01 UTC,6891,0,7,,0,0,0,0,333
2022-02-09 05:57:01 UTC,6892,3,10,,0,0,0,0,333
2022-02-09 06:57:01 UTC,6893,9,19,,0,0,0,0,333
2022-02-09 07:57:01 UTC,6894,14,33,,3.9,0,0,0,333
2022-02-09 08:57:01 UTC,6895,11,46,,0,0,0,0,333
2022-02-09 09:57:01 UTC,6896,20,66,,0,0,0,0,333
2022-02-09 10:57:01 UTC,6897,15,81,,0,0,0,0,333
2022-02-09 11:57:01 UTC,6898,19,100,,3.9,0,0,0,333
2022-02-09 12:57:01 UTC,6899,23,123,,0,0,0,0,333
2022-02-09 13:57:01 UTC,6900,26,149,,0,0,0,0,333
2022-02-09 14:57:01 UTC,6901,31,180,,0,0,0,0,333
2022-02-09 15:57:01 UTC,6902,34,214,,3.9,0,0,0,333
2022-02-09 16:57:01 UTC,6903,25,240,,0,0,0,0,333
2022-02-09 17:57:01 UTC,6904,27,267,,0,0,0,0,333
2022-02-09 18:57:01 UTC,6905,25,292,,0,0,0,0,333
2022-02-09 19:57:01 UTC,6906,21,313,,3.9,0,0,0,333
2022-02-09 20:57:01 UTC,6907,5,319,,0,0,0,0,333
2022-02-09 21:57:01 UTC,6908,6,325,,3.9,0,0,0,333
2022-02-09 22:57:01 UTC,6909,,,325,,,,,
2022-02-09 23:57:01 UTC,6910,2,2,,0,0,0,0,331
2022-02-10 00:57:01 UTC,6911,2,4,,0,0,0,0,331
2022-02-10 01:57:01 UTC,6912,0,4,,0,0,0,0,331
2022-02-10 02:57:01 UTC,6913,0,4,,0,0,0,0,331
2022-02-10 03:57:01 UTC,6914,0,4,,3.9,0,0,0,331
2022-02-10 04:57:01 UTC,6915,0,4,,0,0,0,0,331
2022-02-10 05:57:01 UTC,6916,5,9,,0,0,0,0,331
2022-02-10 06:57:01 UTC,6917,8,17,,0,0,0,0,331
2022-02-10 07:57:01 UTC,6918,11,28,,3.9,0,0,0,331
2022-02-10 08:57:01 UTC,6919,14,45,,0,0,0,0,331
2022-02-10 09:57:01 UTC,6920,15,60,,0,0,0,0,331
2022-02-10 10:57:01 UTC,6921,11,71,,0,0,0,0,331
2022-02-10 11:57:01 UTC,6922,21,92,,3.9,0,0,0,331
2022-02-10 12:57:01 UTC,6923,27,121,,0,0,0,0,331
2022-02-10 13:57:01 UTC,6924,23,144,,0,0,0,0,331
2022-02-10 14:57:01 UTC,6925,27,171,,0,0,0,0,331
2022-02-10 15:57:01 UTC,6926,40,211,,3.9,0,0,0,331
2022-02-10 16:57:01 UTC,6927,34,251,,0,0,0,2,331
2022-02-10 17:57:01 UTC,6928,20,271,,0,0,0,2,331
2022-02-10 18:57:01 UTC,6929,22,293,,0,0,0,2,331
2022-02-10 19:57:01 UTC,6930,11,304,,3.9,0,0,2,331
2022-02-10 20:57:01 UTC,6931,5,309,,0,0,0,2,331
2022-02-10 21:57:01 UTC,6932,5,314,,3.9,0,0,2,331
2022-02-10 22:57:01 UTC,6933,,,314,,,,,
