created_at,entry_id,field1,field2,field3,field4,field5,field6,field7,field8
2021-10-01 00:57:01 UTC,3792,6,18,,0,0,0,0,381
2021-10-01 01:57:01 UTC,3793,1,19,,0,0,0,0,381
2021-10-01 02:57:01 UTC,3794,1,20,,3.9,0,0,0,381
2021-10-01 03:57:01 UTC,3795,0,20,,0,0,0,0,381
2021-10-01 04:57:01 UTC,3796,2,22,,0,0,0,0,381
2021-10-01 05:57:01 UTC,3797,12,34,,0,0,0,0,381
2021-10-01 06:57:01 UTC,3798,16,50,,4,0,0,0,381
2021-10-01 07:57:01 UTC,3799,18,68,,0,0,0,0,381
2021-10-01 08:57:01 UTC,3800,18,86,,0,0,0,0,381
2021-10-01 09:57:01 UTC,3801,32,118,,0,0,0,0,381
2021-10-01 10:57:01 UTC,3802,35,153,,3.9,0,0,0,381
2021-10-01 11:57:01 UTC,3803,38,191,,0,0,0,0,381
2021-10-01 12:57:01 UTC,3804,18,209,,0,0,0,0,381
2021-10-01 13:57:01 UTC,3805,18,227,,0,0,0,0,381
2021-10-01 14:57:01 UTC,3806,17,244,,3.9,0,0,0,381
2021-10-01 15:57:01 UTC,3807,24,268,,0,0,0,0,381
2021-10-01 16:57:01 UTC,3808,20,288,,0,0,0,0,381
2021-10-01 17:57:01 UTC,3809,26,314,,0,0,0,0,381
2021-10-01 18:57:01 UTC,3810,21,335,,3.9,0,0,0,381
2021-10-01 19:57:01 UTC,3811,17,353,,0,0,0,0,381
2021-10-01 20:57:01 UTC,3812,11,364,,3.9,0,0,0,381
2021-10-01 21:57:01 UTC,3813,,,364,,,,,
2021-10-01 22:57:01 UTC,3814,12,12,,0,0,0,0,373
2021-10-01 23:57:01 UTC,3815,4,16,,0,0,0,0,373
2021-10-02 00:57:01 UTC,3816,2,18,,0,0,0,0,373
2021-10-02 01:57:01 UTC,3817,1,19,,0,0,0,0,373
2021-10-02 02:57:01 UTC,3818,6,25,,3.9,0,0,0,373
2021-10-02 03:57:01 UTC,3819,0,25,,0,0,0,0,373
2021-10-02 04:57:01 UTC,3820,2,27,,0,0,0,0,373
2021-10-02 05:57:01 UTC,3821,4,31,,0,0,0,0,373
2021-10-02 06:57:01 UTC,3822,22,53,,3.9,0,0,0,373
2021-10-02 07:57:01 UTC,3823,16,69,,0,0,0,0,373
2021-10-02 08:57:01 UTC,3824,29,98,,0,0,0,0,373
2021-10-02 09:57:01 UTC,3825,8,106,,0,0,0,0,373
2021-10-02 10:57:01 UTC,3826,14,120,,3.9,0,0,0,373
2021-10-02 11:57:01 UTC,3827,11,133,,0,0,0,0,373
2021-10-02 12:57:01 UTC,3828,14,147,,0,0,0,0,373
2021-10-02 13:57:01 UTC,3829,5,152,,0,0,0,0,373
2021-10-02 14:57:01 UTC,3830,10,162,,3.9,0,0,0,373
2021-10-02 15:57:01 UTC,3831,10,172,,0,0,0,0,373
2021-10-02 16:57:01 UTC,3832,17,189,,0,0,0,0,373
2021-10-02 17:57:01 UTC,3833,28,217,,0,0,0,0,373
2021-10-02 18:57:01 UTC,3834,22,239,,3.9,0,0,0,373
2021-10-02 19:57:01 UTC,3835,15,254,,0,0,0,0,373
2021-10-02 20:57:01 UTC,3836,10,264,,3.9,0,0,0,373
2021-10-02 21:57:01 UTC,3837,,,264,,,,,
2021-10-02 22:57:01 UTC,3838,14,14,,0,0,0,0,271
2021-10-02 23:57:01 UTC,3839,9,23,,0,0,0,0,271
2021-10-03 00:57:01 UTC,3840,9,32,,0,0,0,0,271
2021-10-03 01:57:01 UTC,3841,5,37,,0,0,0,0,271
2021-10-03 02:57:01 UTC,3842,5,42,,3.9,0,0,0,271
2021-10-03 03:57:01 UTC,3843,2,44,,0,0,0,0,271
2021-10-03 04:57:01 UTC,3844,1,45,,0,0,0,0,271
2021-10-03 05:57:01 UTC,3845,14,59,,0,0,0,0,271
2021-10-03 06:57:01 UTC,3846,24,83,,3.9,0,0,0,271
2021-10-03 07:57:01 UTC,3847,27,113,,0,0,0,0,271
2021-10-03 08:57:01 UTC,3848,30,143,,0,0,0,0,271
2021-10-03 09:57:01 UTC,3849,51,194,,0,0,0,0,271
2021-10-03 10:57:01 UTC,3850,36,230,,3.9,0,0,0,271
2021-10-03 11:57:01 UTC,3851,17,247,,0,0,0,0,271
2021-10-03 12:57:01 UTC,3852,5,252,,0,0,0,0,271
2021-10-03 13:57:01 UTC,3853,11,263,,0,0,0,0,271
2021-10-03 14:57:01 UTC,3854,9,272,,3.9,0,0,0,271
2021-10-03 15:57:01 UTC,3855,10,282,,0,0,0,0,271
2021-10-03 16:57:01 UTC,3856,11,293,,0,0,0,0,271
2021-10-03 17:57:01 UTC,3857,18,311,,0,0,0,0,271
2021-10-03 18:57:01 UTC,3858,11,322,,3.9,0,0,0,271
2021-10-03 19:57:01 UTC,3859,9,331,,0,0,0,0,271
2021-10-03 20:57:01 UTC,3860,8,339,,3.9,0,0,0,271
2021-10-03 21:57:01 UTC,3861,,,339,,,,,
2021-10-03 22:57:01 UTC,3862,9,9,,0,0,0,0,351
2021-10-03 23:57:01 UTC,3863,9,18,,0,0,0,0,351
2021-10-04 00:57:01 UTC,3864,5,23,,0,0,0,0,351
2021-10-04 01:57:01 UTC,3865,2,25,,0,0,0,0,351
2021-10-04 02:57:01 UTC,3866,1,26,,3.9,0,0,0,351
2021-10-04 03:57:01 UTC,3867,0,26,,0,0,0,0,351
2021-10-04 04:57:01 UTC,3868,1,27,,0,0,0,0,351
2021-10-04 05:57:01 UTC,3869,11,38,,0,0,0,0,351
2021-10-04 06:57:01 UTC,3870,15,53,,4,0,0,0,351
2021-10-04 07:57:01 UTC,3871,23,78,,0,0,0,0,351
2021-10-04 08:57:01 UTC,3872,23,101,,0,0,0,0,351
2021-10-04 09:57:01 UTC,3873,18,119,,0,0,0,0,351
2021-10-04 10:57:01 UTC,3874,39,158,,3.9,0,0,0,351
2021-10-04 11:57:01 UTC,3875,28,187,,0,0,0,0,351
2021-10-04 12:57:01 UTC,3876,8,195,,0,0,0,0,351
2021-10-04 13:57:01 UTC,3877,12,207,,0,0,0,0,351
2021-10-04 14:57:01 UTC,3878,9,216,,3.9,0,0,0,351
2021-10-04 15:57:01 UTC,3879,12,228,,0,0,0,0,351
2021-10-04 16:57:01 UTC,3880,20,248,,0,0,0,0,351
2021-10-04 17:57:01 UTC,3881,17,265,,0,0,0,0,351
2021-10-04 18:57:01 UTC,3882,10,275,,3.9,0,0,0,351
2021-10-04 19:57:01 UTC,3883,6,283,,0,0,0,0,351
2021-10-04 20:57:01 UTC,3884,8,291,,3.9,0,0,0,351
2021-10-04 21:57:01 UTC,3885,,,291,,,,,
2021-10-04 22:57:01 UTC,3886,3,3,,0,0,0,0,303
2021-10-04 23:57:01 UTC,3887,6,9,,0,0,0,0,303
2021-10-05 00:57:01 UTC,3888,2,11,,0,0,0,0,303
2021-10-05 01:57:01 UTC,3889,0,11,,0,0,0,0,303
2021-10-05 02:57:01 UTC,3890,1,12,,3.9,0,0,0,303
2021-10-05 03:57:01 UTC,3891,0,13,,0,0,0,0,303
2021-10-05 04:57:01 UTC,3892,4,17,,0,0,0,0,303
2021-10-05 05:57:01 UTC,3893,10,27,,0,0,0,0,303
2021-10-05 06:57:01 UTC,3894,18,45,,3.9,0,0,0,303
2021-10-05 07:57:01 UTC,3895,20,65,,0,0,0,0,303
2021-10-05 08:57:01 UTC,3896,17,82,,0,0,0,0,303
2021-10-05 09:57:01 UTC,3897,5,87,,0,0,0,0,303
2021-10-05 10:57:01 UTC,3898,17,104,,3.9,0,0,0,303
2021-10-05 11:57:01 UTC,3899,18,123,,0,0,0,0,303
2021-10-05 12:57:01 UTC,3900,16,139,,0,0,0,0,303
2021-10-05 13:57:01 UTC,3901,20,159,,0,0,0,0,303
2021-10-05 14:57:01 UTC,3902,33,192,,3.9,0,0,0,303
2021-10-05 15:57:01 UTC,3903,39,234,,0,0,0,0,303
2021-10-05 16:57:01 UTC,3904,29,263,,0,0,0,0,303
2021-10-05 17:57:01 UTC,3905,33,296,,0,0,0,0,303
2021-10-05 18:57:01 UTC,3906,29,325,,3.9,0,0,0,303
2021-10-05 19:57:01 UTC,3907,13,339,,0,0,0,0,303
2021-10-05 20:57:01 UTC,3908,14,353,,3.9,0,0,0,303
2021-10-05 21:57:01 UTC,3909,,,353,,,,,
2021-10-05 22:57:01 UTC,3910,13,13,,0,0,0,0,365
2021-10-05 23:57:01 UTC,3911,6,19,,0,0,0,0,365
2021-10-06 00:57:01 UTC,3912,1,20,,0,0,0,0,365
2021-10-06 01:57:01 UTC,3913,2,22,,0,0,0,0,365
2021-10-06 02:57:01 UTC,3914,5,27,,3.9,0,0,0,365
2021-10-06 03:57:01 UTC,3915,0,27,,0,0,0,0,365
2021-10-06 04:57:01 UTC,3916,1,28,,0,0,0,0,365
2021-10-06 05:57:01 UTC,3917,11,39,,0,0,0,0,365
2021-10-06 06:57:01 UTC,3918,9,48,,3.9,0,0,0,365
2021-10-06 07:57:01 UTC,3919,4,52,,0,0,0,0,365
2021-10-06 08:57:01 UTC,3920,3,55,,0,0,0,0,365
2021-10-06 09:57:01 UTC,3921,5,60,,0,0,0,0,365
2021-10-06 10:57:01 UTC,3922,13,73,,3.9,0,0,0,365
2021-10-06 11:57:01 UTC,3923,14,88,,0,0,0,0,365
2021-10-06 12:57:01 UTC,3924,20,108,,0,0,0,0,365
2021-10-06 13:57:01 UTC,3925,16,124,,0,0,0,0,365
2021-10-06 14:57:01 UTC,3926,14,138,,3.9,0,0,0,365
2021-10-06 15:57:01 UTC,3927,13,152,,0,0,0,0,365
2021-10-06 16:57:01 UTC,3928,19,171,,0,0,0,0,365
2021-10-06 17:57:01 UTC,3929,24,195,,0,0,0,0,365
2021-10-06 18:57:01 UTC,3930,19,214,,3.9,0,0,0,365
2021-10-06 19:57:01 UTC,3931,18,232,,0,0,0,0,365
2021-10-06 20:57:01 UTC,3932,20,252,,3.9,0,0,0,365
2021-10-06 21:57:01 UTC,3933,,,252,,,,,
2021-10-06 22:57:01 UTC,3934,11,11,,0,0,0,0,262
2021-10-06 23:57:01 UTC,3935,6,17,,0,0,0,0,262
2021-10-07 00:57:01 UTC,3936,0,17,,0,0,0,0,262
2021-10-07 01:57:01 UTC,3937,2,19,,0,0,0,0,262
2021-10-07 02:57:01 UTC,3938,0,19,,3.9,0,0,0,262
2021-10-07 03:57:01 UTC,3939,0,19,,0,0,0,0,262
2021-10-07 04:57:01 UTC,3940,2,21,,0,0,0,0,262
2021-10-07 05:57:01 UTC,3941,25,46,,0,0,0,0,262
2021-10-07 06:57:01 UTC,3942,14,60,,3.9,0,0,0,262
2021-10-07 07:57:01 UTC,3943,20,81,,0,0,0,0,262
2021-10-07 08:57:01 UTC,3944,17,98,,0,0,0,0,262
2021-10-07 09:57:01 UTC,3945,43,141,,0,0,0,0,262
2021-10-07 10:57:01 UTC,3946,28,169,,3.9,0,0,0,262
2021-10-07 11:57:01 UTC,3947,16,186,,0,0,0,0,262
2021-10-07 12:57:01 UTC,3948,22,208,,0,0,0,0,262
2021-10-07 13:57:01 UTC,3949,32,240,,0,0,0,0,262
2021-10-07 14:57:01 UTC,3950,20,260,,3.9,0,0,0,262
2021-10-07 15:57:01 UTC,3951,21,282,,0,0,0,0,262
2021-10-07 16:57:01 UTC,3952,12,294,,0,0,0,0,262
2021-10-07 17:57:01 UTC,3953,23,317,,0,0,0,0,262
2021-10-07 18:57:01 UTC,3954,16,333,,3.9,0,0,0,262
2021-10-07 19:57:01 UTC,3955,11,344,,0,0,0,0,262
2021-10-07 20:57:01 UTC,3956,8,352,,3.9,0,0,0,262
2021-10-07 21:57:01 UTC,3957,,,352,,,,,
2021-10-07 22:57:01 UTC,3958,8,8,,0,0,0,0,359
2021-10-07 23:57:01 UTC,3959,3,11,,0,0,0,0,359
2021-10-08 00:57:01 UTC,3960,2,13,,0,0,0,0,359
2021-10-08 01:57:01 UTC,3961,2,15,,0,0,0,0,359
2021-10-08 02:57:01 UTC,3962,1,16,,3.9,0,0,0,359
2021-10-08 03:57:01 UTC,3963,0,16,,0,0,0,0,359
2021-10-08 04:57:01 UTC,3964,1,17,,0,0,0,0,359
2021-10-08 05:57:01 UTC,3965,8,25,,0,0,0,0,359
2021-10-08 06:57:01 UTC,3966,13,38,,3.9,0,0,0,359
2021-10-08 07:57:01 UTC,3967,41,80,,0,0,0,0,359
2021-10-08 08:57:01 UTC,3968,11,91,,0,0,0,0,359
2021-10-08 09:57:01 UTC,3969,12,103,,0,0,0,0,359
2021-10-08 10:57:01 UTC,3970,20,123,,3.9,0,0,0,359
2021-10-08 11:57:01 UTC,3971,15,138,,0,0,0,0,359
2021-10-08 12:57:01 UTC,3972,14,152,,0,0,0,0,359
2021-10-08 13:57:01 UTC,3973,19,171,,0,0,0,0,359
2021-10-08 14:57:01 UTC,3974,19,190,,3.9,0,0,0,359
2021-10-08 15:57:01 UTC,3975,22,212,,0,0,0,0,359
2021-10-08 16:57:01 UTC,3976,25,237,,0,0,0,0,359
2021-10-08 17:57:01 UTC,3977,18,255,,0,0,0,0,359
2021-10-08 18:57:01 UTC,3978,16,271,,3.9,0,0,0,359
2021-10-08 19:57:01 UTC,3979,8,279,,0,0,0,0,359
2021-10-08 20:57:01 UTC,3980,5,284,,3.9,0,0,0,359
2021-10-08 21:57:01 UTC,3981,,,284,,,,,
2021-10-08 22:57:01 UTC,3982,6,6,,0,0,0,0,292
2021-10-08 23:57:01 UTC,3983,7,13,,0,0,0,0,292
2021-10-09 00:57:01 UTC,3984,5,18,,0,0,0,0,292
2021-10-09 01:57:01 UTC,3985,2,20,,0,0,0,0,292
2021-10-09 02:57:01 UTC,3986,2,22,,3.9,0,0,0,292
2021-10-09 03:57:01 UTC,3987,1,23,,0,0,0,0,292
2021-10-09 04:57:01 UTC,3988,2,25,,0,0,0,0,292
2021-10-09 05:57:01 UTC,3989,8,33,,0,0,0,0,292
2021-10-09 06:57:01 UTC,3990,19,52,,3.9,0,0,0,292
2021-10-09 07:57:01 UTC,3991,17,71,,0,0,0,0,292
2021-10-09 08:57:01 UTC,3992,25,96,,0,0,0,0,292
2021-10-09 09:57:01 UTC,3993,26,122,,0,0,0,0,292
2021-10-09 10:57:01 UTC,3994,56,178,,3.9,0,0,0,292
2021-10-09 11:57:01 UTC,3995,44,222,,0,0,0,0,292
2021-10-09 12:57:01 UTC,3996,21,243,,0,0,0,0,292
2021-10-09 13:57:01 UTC,3997,12,255,,0,0,0,0,292
2021-10-09 14:57:01 UTC,3998,17,272,,3.9,0,0,0,292
2021-10-09 15:57:01 UTC,3999,15,287,,0,0,0,0,292
2021-10-09 16:57:01 UTC,4000,20,307,,0,0,0,0,292
2021-10-09 17:57:01 UTC,4001,17,324,,0,0,0,0,292
2021-10-09 18:57:01 UTC,4002,7,331,,3.9,0,0,0,292
2021-10-09 19:57:01 UTC,4003,10,341,,0,0,0,0,292
2021-10-09 20:57:01 UTC,4004,5,346,,3.9,0,0,0,292
2021-10-09 21:57:01 UTC,4005,,,346,,,,,
2021-10-09 22:57:01 UTC,4006,11,11,,0,0,0,0,355
2021-10-09 23:57:01 UTC,4007,4,15,,0,0,0,0,355
2021-10-10 00:57:01 UTC,4008,3,18,,0,0,0,0,355
2021-10-10 01:57:01 UTC,4009,6,24,,0,0,0,0,355
2021-10-10 02:57:01 UTC,4010,3,27,,3.9,0,0,0,355
2021-10-10 03:57:01 UTC,4011,3,30,,0,0,0,0,355
2021-10-10 04:57:01 UTC,4012,5,35,,0,0,0,0,355
2021-10-10 05:57:01 UTC,4013,5,40,,0,0,0,0,355
2021-10-10 06:57:01 UTC,4014,20,60,,3.9,0,0,0,355
2021-10-10 07:57:01 UTC,4015,25,86,,0,0,0,0,355
2021-10-10 08:57:01 UTC,4016,39,125,,0,0,0,0,355
2021-10-10 09:57:01 UTC,4017,25,150,,0,0,0,0,355
2021-10-10 10:57:01 UTC,4018,40,190,,3.9,0,0,0,355
2021-10-10 11:57:01 UTC,4019,42,234,,0,0,0,0,355
2021-10-10 12:57:01 UTC,4020,17,251,,0,0,0,0,355
2021-10-10 13:57:01 UTC,4021,27,278,,0,0,0,0,355
2021-10-10 14:57:01 UTC,4022,25,303,,3.9,0,0,0,355
2021-10-10 15:57:01 UTC,4023,19,323,,0,0,0,0,355
2021-10-10 16:57:01 UTC,4024,12,335,,0,0,0,0,355
2021-10-10 17:57:01 UTC,4025,15,350,,0,0,0,0,355
2021-10-10 18:57:01 UTC,4026,12,362,,3.9,0,0,0,355
2021-10-10 19:57:01 UTC,4027,12,375,,0,0,0,0,355
2021-10-10 20:57:01 UTC,4028,7,382,,3.9,0,0,0,355
2021-10-10 21:57:01 UTC,4029,,,382,,,,,
2021-10-10 22:57:01 UTC,4030,10,10,,0,0,0,0,393
2021-10-10 23:57:01 UTC,4031,2,12,,0,0,0,0,393
2021-10-11 00:57:01 UTC,4032,1,13,,0,0,0,0,393
2021-10-11 01:57:01 UTC,4033,0,13,,0,0,0,0,393
2021-10-11 02:57:01 UTC,4034,0,13,,3.9,0,0,0,393
2021-10-11 03:57:01 UTC,4035,1,14,,0,0,0,0,393
2021-10-11 04:57:01 UTC,4036,1,15,,0,0,0,0,393
2021-10-11 05:57:01 UTC,4037,8,23,,0,0,0,0,393
2021-10-11 06:57:01 UTC,4038,5,28,,3.9,0,0,0,393
2021-10-11 07:57:01 UTC,4039,2,31,,0,0,0,0,393
2021-10-11 08:57:01 UTC,4040,7,38,,0,0,0,0,393
2021-10-11 09:57:01 UTC,4041,6,44,,0,0,0,0,393
2021-10-11 10:57:01 UTC,4042,34,78,,3.9,0,0,0,393
2021-10-11 11:57:01 UTC,4043,20,101,,0,0,0,0,393
2021-10-11 12:57:01 UTC,4044,25,126,,0,0,0,0,393
2021-10-11 13:57:01 UTC,4045,31,157,,0,0,0,0,393
2021-10-11 14:57:01 UTC,4046,31,188,,3.9,0,0,0,393
2021-10-11 15:57:01 UTC,4047,27,217,,0,0,0,0,393
2021-10-11 16:57:01 UTC,4048,25,242,,0,0,0,0,393
2021-10-11 17:57:01 UTC,4049,24,266,,0,0,0,0,393
2021-10-11 18:57:01 UTC,4050,22,288,,3.9,0,0,0,393
2021-10-11 19:57:01 UTC,4051,8,297,,0,0,0,0,393
2021-10-11 20:57:01 UTC,4052,19,316,,3.9,0,0,0,393
2021-10-11 21:57:01 UTC,4053,,,316,,,,,
2021-10-11 22:57:01 UTC,4054,5,5,,0,0,0,0,324
2021-10-11 23:57:01 UTC,4055,0,5,,0,0,0,0,324
2021-10-12 00:57:01 UTC,4056,0,5,,0,0,0,0,324
2021-10-12 01:57:01 UTC,4057,0,5,,0,0,0,0,324
2021-10-12 02:57:01 UTC,4058,1,6,,3.9,0,0,0,324
2021-10-12 03:57:01 UTC,4059,0,6,,0,0,0,0,324
2021-10-12 04:57:01 UTC,4060,2,8,,0,0,0,0,324
2021-10-12 05:57:01 UTC,4061,9,17,,0,0,0,0,324
2021-10-12 06:57:01 UTC,4062,16,33,,3.9,0,0,0,324
2021-10-12 07:57:01 UTC,4063,10,47,,0,0,0,0,324
2021-10-12 08:57:01 UTC,4064,11,58,,0,0,0,0,324
2021-10-12 09:57:01 UTC,4065,20,78,,0,0,0,0,324
2021-10-12 10:57:01 UTC,4066,16,94,,3.9,0,0,0,324
2021-10-12 11:57:01 UTC,4067,16,111,,0,0,0,0,324
2021-10-12 12:57:01 UTC,4068,40,151,,0,0,0,0,324
2021-10-12 13:57:01 UTC,4069,26,177,,0,0,0,0,324
2021-10-12 14:57:01 UTC,4070,34,211,,3.9,0,0,0,324
2021-10-12 15:57:01 UTC,4071,38,251,,0,0,0,0,324
2021-10-12 16:57:01 UTC,4072,51,302,,0,0,0,0,324
2021-10-12 17:57:01 UTC,4073,25,327,,0,0,0,0,324
2021-10-12 18:57:01 UTC,4074,21,348,,3.9,0,0,0,324
2021-10-12 19:57:01 UTC,4075,10,358,,0,0,0,0,324
2021-10-12 20:57:01 UTC,4076,6,364,,3.9,0,0,0,324
2021-10-12 21:57:01 UTC,4077,,,364,,,,,
