created_at,entry_id,field1,field2,field3,field4,field5,field6,field7,field8
2022-03-05 23:57:01 UTC,7288,4,4,,0,0,0,2,94
2022-03-06 00:57:01 UTC,7289,2,6,,0,0,0,2,94
2022-03-06 01:57:01 UTC,7290,2,8,,0,0,0,2,94
2022-03-06 02:57:01 UTC,7291,2,10,,0,0,0,2,94
2022-03-06 03:57:01 UTC,7292,2,12,,3.8,0,0,2,94
2022-03-06 04:57:01 UTC,7293,1,13,,0,0,0,6,94
2022-03-06 05:57:01 UTC,7294,1,14,,0,0,0,6,94
2022-03-06 06:57:01 UTC,7295,6,20,,0,0,0,6,94
2022-03-06 07:57:01 UTC,7296,12,32,,3.9,0,0,6,94
2022-03-06 08:57:01 UTC,7297,11,44,,0,0,0,6,94
2022-03-06 09:57:01 UTC,7298,25,69,,0,0,0,6,94
2022-03-06 10:57:01 UTC,7299,33,102,,0,0,0,6,94
2022-03-06 11:57:01 UTC,7300,43,145,,3.9,0,0,6,94
2022-03-06 12:57:01 UTC,7301,19,172,,0,0,0,6,94
2022-03-06 13:57:01 UTC,7302,24,196,,0,0,0,6,94
2022-03-06 14:57:01 UTC,7303,18,214,,0,0,0,6,94
2022-03-06 15:57:01 UTC,7304,11,225,,3.9,0,0,6,94
2022-03-06 16:57:01 UTC,7305,15,240,,0,0,0,6,94
2022-03-06 17:57:01 UTC,7306,13,253,,0,0,0,6,94
2022-03-06 18:57:01 UTC,7307,23,276,,0,0,0,6,94
2022-03-06 19:57:01 UTC,7308,12,288,,3.9,0,0,6,94
2022-03-06 20:57:01 UTC,7309,8,296,,0,0,0,6,94
2022-03-06 21:57:01 UTC,7310,8,304,,3.9,0,0,6,94
2022-03-06 22:57:01 UTC,7311,,,304,,,,,
2022-03-06 23:57:01 UTC,7312,6,6,,0,0,0,2,306
2022-03-07 00:57:01 UTC,7313,1,7,,0,0,0,2,306
2022-03-07 01:57:01 UTC,7314,3,10,,0,0,0,2,306
2022-03-07 02:57:01 UTC,7315,1,11,,0,0,0,2,306
2022-03-07 03:57:01 UTC,7316,0,11,,3.8,0,0,2,306
2022-03-07 04:57:01 UTC,7317,0,11,,0,0,0,3,306
2022-03-07 05:57:01 UTC,7318,1,12,,0,0,0,3,306
2022-03-07 06:57:01 UTC,7319,5,17,,0,0,0,3,306
2022-03-07 07:57:01 UTC,7320,10,27,,3.9,0,0,3,306
2022-03-07 08:57:01 UTC,7321,36,67,,0,0,0,3,306
2022-03-07 09:57:01 UTC,7322,30,97,,0,0,0,3,306
2022-03-07 10:57:01 UTC,7323,25,122,,0,0,0,3,306
2022-03-07 11:57:01 UTC,7324,14,136,,3.9,0,0,3,306
2022-03-07 12:57:01 UTC,7325,24,160,,0,0,0,4,306
2022-03-07 13:57:01 UTC,7326,18,178,,0,0,0,4,306
2022-03-07 14:57:01 UTC,7327,12,190,,0,0,0,4,306
2022-03-07 15:57:01 UTC,7328,27,217,,3.9,0,0,4,306
2022-03-07 16:57:01 UTC,7329,12,231,,0,0,0,4,306
2022-03-07 17:57:01 UTC,7330,17,248,,0,0,0,4,306
2022-03-07 18:57:01 UTC,7331,23,271,,0,0,0,4,306
2022-03-07 19:57:01 UTC,7332,14,285,,3.9,0,0,4,306
2022-03-07 20:57:01 UTC,7333,11,298,,0,0,1,5,306
2022-03-07 21:57:01 UTC,7334,5,303,,3.9,0,1,5,306
2022-03-07 22:57:01 UTC,7335,,,303,,,,,
2022-03-07 23:57:01 UTC,7336,5,5,,0,0,0,1,306
2022-03-08 00:57:01 UTC,7337,1,6,,0,0,0,1,306
2022-03-08 01:57:01 UTC,7338,1,7,,0,0,0,1,306
2022-03-08 02:57:01 UTC,7339,0,7,,0,0,0,1,306
2022-03-08 03:57:01 UTC,7340,0,7,,3.9,0,0,1,306
2022-03-08 04:57:01 UTC,7341,0,9,,0,0,0,3,306
2022-03-08 05:57:01 UTC,7342,1,10,,0,0,0,3,306
2022-03-08 06:57:01 UTC,7343,9,19,,0,0,0,3,306
2022-03-08 07:57:01 UTC,7344,10,29,,3.9,0,0,3,306
2022-03-08 08:57:01 UTC,7345,19,50,,0,0,0,3,306
2022-03-08 09:57:01 UTC,7346,36,86,,0,0,0,3,306
2022-03-08 10:57:01 UTC,7347,36,122,,0,0,0,3,306
2022-03-08 11:57:01 UTC,7348,17,139,,3.9,0,0,3,306
2022-03-08 12:57:01 UTC,7349,23,164,,0,0,0,6,306
2022-03-08 13:57:01 UTC,7350,33,197,,0,0,0,6,306
2022-03-08 14:57:01 UTC,7351,40,237,,0,0,0,6,306
2022-03-08 15:57:01 UTC,7352,32,269,,3.9,0,0,6,306
2022-03-08 16:57:01 UTC,7353,24,294,,0,0,0,7,306
2022-03-08 17:57:01 UTC,7354,14,308,,0,0,0,7,306
2022-03-08 18:57:01 UTC,7355,24,332,,0,0,0,7,306
2022-03-08 19:57:01 UTC,7356,18,350,,3.9,0,0,7,306
2022-03-08 23:57:01 UTC,7357,5,5,,0,0,0,0,372
2022-03-09 00:57:01 UTC,7358,2,7,,0,0,0,0,372
2022-03-09 01:57:01 UTC,7359,0,7,,0,0,0,0,372
2022-03-09 02:57:01 UTC,7360,1,8,,0,0,0,0,372
2022-03-09 03:57:01 UTC,7361,0,8,,3.9,0,0,0,372
2022-03-09 04:57:01 UTC,7362,0,8,,0,0,0,3,372
2022-03-09 05:57:01 UTC,7363,1,9,,0,0,0,3,372
2022-03-09 06:57:01 UTC,7364,5,14,,0,0,0,3,372
2022-03-09 07:57:01 UTC,7365,14,28,,3.9,0,0,3,372
2022-03-09 08:57:01 UTC,7366,12,43,,0,0,0,3,372
2022-03-09 09:57:01 UTC,7367,13,56,,0,0,0,3,372
2022-03-09 10:57:01 UTC,7368,27,83,,0,0,0,3,372
2022-03-09 11:57:01 UTC,7369,22,105,,3.9,0,0,3,372
2022-03-09 12:57:01 UTC,7370,24,130,,0,0,0,4,372
2022-03-09 13:57:01 UTC,7371,19,149,,0,0,0,4,372
2022-03-09 14:57:01 UTC,7372,25,174,,0,0,0,4,372
2022-03-09 15:57:01 UTC,7373,27,201,,3.9,0,0,4,372
2022-03-09 16:57:01 UTC,7374,29,232,,0,0,0,4,372
2022-03-09 17:57:01 UTC,7375,38,270,,0,0,0,4,372
2022-03-09 18:57:01 UTC,7376,37,307,,0,0,0,4,372
2022-03-09 19:57:01 UTC,7377,32,339,,3.9,0,0,4,372
2022-03-09 23:57:01 UTC,7378,7,7,,0,0,0,0,364
2022-03-10 00:57:01 UTC,7379,3,10,,0,0,0,0,364
2022-03-10 01:57:01 UTC,7380,0,10,,0,0,0,0,364
2022-03-10 02:57:01 UTC,7381,1,11,,0,0,0,0,364
2022-03-10 03:57:01 UTC,7382,0,11,,3.9,0,0,0,364
2022-03-10 04:57:01 UTC,7383,0,11,,0,0,0,1,364
2022-03-10 05:57:01 UTC,7384,3,14,,0,0,0,1,364
2022-03-10 06:57:01 UTC,7385,7,21,,0,0,0,1,364
2022-03-10 07:57:01 UTC,7386,17,38,,3.9,0,0,1,364
2022-03-10 08:57:01 UTC,7387,15,55,,0,0,0,1,364
2022-03-10 09:57:01 UTC,7388,19,74,,0,0,0,1,364
2022-03-10 10:57:01 UTC,7389,16,90,,0,0,0,1,364
2022-03-10 11:57:01 UTC,7390,24,114,,3.9,0,0,1,364
2022-03-10 12:57:01 UTC,7391,32,149,,0,0,0,1,364
2022-03-10 13:57:01 UTC,7392,25,174,,0,0,0,1,364
2022-03-10 14:57:01 UTC,7393,31,205,,0,0,0,1,364
2022-03-10 15:57:01 UTC,7394,31,236,,3.9,0,0,1,364
2022-03-11 23:57:01 UTC,7395,5,5,,0,0,0,3,4
2022-03-12 00:57:01 UTC,7396,2,7,,0,0,0,3,4
2022-03-12 01:57:01 UTC,7397,2,9,,0,0,0,3,4
2022-03-12 02:57:01 UTC,7398,1,10,,0,0,0,3,4
2022-03-12 03:57:01 UTC,7399,0,10,,0,0,0,3,4
2022-03-12 04:57:01 UTC,7400,1,11,,0,0,0,3,4
2022-03-12 05:57:01 UTC,7401,2,13,,0,0,0,3,4
2022-03-12 06:57:01 UTC,7402,1,14,,0,0,0,3,4
2022-03-12 07:57:01 UTC,7403,8,22,,3.9,0,0,3,4
2022-03-12 08:57:01 UTC,7404,13,43,,0,0,0,3,4
2022-03-12 09:57:01 UTC,7405,27,70,,0,0,0,3,4
2022-03-12 10:57:01 UTC,7406,28,98,,0,0,0,3,4
2022-03-12 11:57:01 UTC,7407,33,131,,3.9,0,0,3,4
2022-03-12 12:57:01 UTC,7408,19,157,,0,0,0,4,4
2022-03-12 13:57:01 UTC,7409,28,185,,0,0,0,4,4
2022-03-12 14:57:01 UTC,7410,16,201,,0,0,0,4,4
2022-03-12 15:57:01 UTC,7411,20,221,,3.9,0,0,4,4
2022-03-12 16:57:01 UTC,7412,21,244,,0,0,1,4,4
2022-03-12 17:57:01 UTC,7413,7,251,,0,0,1,4,4
2022-03-12 18:57:01 UTC,7414,15,266,,0,0,1,4,4
2022-03-12 19:57:01 UTC,7415,10,276,,3.8,0,1,4,4
2022-03-12 20:57:01 UTC,7416,11,288,,0,0,1,6,4
2022-03-12 21:57:01 UTC,7417,9,297,,3.9,0,1,6,4
2022-03-12 22:57:01 UTC,7418,,,297,,,,,
2022-03-12 23:57:01 UTC,7419,3,3,,0,0,0,0,300
2022-03-13 00:57:01 UTC,7420,0,3,,0,0,0,0,300
2022-03-13 01:57:01 UTC,7421,1,4,,0,0,0,0,300
2022-03-13 02:57:01 UTC,7422,3,7,,0,0,0,0,300
2022-03-13 03:57:01 UTC,7423,2,9,,3.9,0,0,0,300
2022-03-13 04:57:01 UTC,7424,1,10,,0,0,0,2,300
2022-03-13 05:57:01 UTC,7425,1,11,,0,0,0,2,300
2022-03-13 06:57:01 UTC,7426,10,21,,0,0,0,2,300
2022-03-13 07:57:01 UTC,7427,11,32,,3.9,0,0,2,300
2022-03-13 08:57:01 UTC,7428,32,68,,0,0,0,2,300
2022-03-13 09:57:01 UTC,7429,38,106,,0,0,0,2,300
2022-03-13 10:57:01 UTC,7430,47,153,,0,0,0,2,300
2022-03-13 11:57:01 UTC,7431,68,221,,3.9,0,0,2,300
2022-03-13 12:57:01 UTC,7432,40,263,,0,0,0,3,300
2022-03-13 13:57:01 UTC,7433,36,299,,0,0,0,3,300
2022-03-13 14:57:01 UTC,7434,35,334,,0,0,0,3,300
2022-03-13 15:57:01 UTC,7435,46,380,,3.9,0,0,3,300
2022-03-13 16:57:01 UTC,7436,28,412,,0,0,0,5,300
2022-03-13 17:57:01 UTC,7437,16,428,,0,0,0,5,300
2022-03-13 18:57:01 UTC,7438,15,443,,0,0,0,5,300
2022-03-13 19:57:01 UTC,7439,14,457,,3.9,0,0,5,300
2022-03-13 20:57:01 UTC,7440,7,464,,0,0,0,7,300
2022-03-13 21:57:01 UTC,7441,10,474,,3.9,0,0,7,300
2022-03-13 22:57:01 UTC,7442,,,474,,,,,
2022-03-13 23:57:01 UTC,7443,5,5,,0,0,0,1,481
2022-03-14 00:57:01 UTC,7444,2,7,,0,0,0,1,481
2022-03-14 01:57:01 UTC,7445,1,8,,0,0,0,1,481
2022-03-14 02:57:01 UTC,7446,0,8,,0,0,0,1,481
2022-03-14 03:57:01 UTC,7447,2,10,,3.8,0,0,1,481
2022-03-14 04:57:01 UTC,7448,0,10,,0,0,0,3,481
2022-03-14 05:57:01 UTC,7449,1,11,,0,0,0,3,481
2022-03-14 06:57:01 UTC,7450,8,19,,0,0,0,3,481
2022-03-14 07:57:01 UTC,7451,16,35,,3.9,0,0,3,481
2022-03-14 08:57:01 UTC,7452,13,53,,0,0,0,5,481
2022-03-14 09:57:01 UTC,7453,19,72,,0,0,0,5,481
2022-03-14 10:57:01 UTC,7454,21,93,,0,0,0,5,481
2022-03-14 11:57:01 UTC,7455,20,113,,3.9,0,0,5,481
2022-03-14 12:57:01 UTC,7456,16,131,,0,0,0,5,481
2022-03-14 13:57:01 UTC,7457,19,150,,0,0,0,5,481
2022-03-14 14:57:01 UTC,7458,20,170,,0,0,0,5,481
2022-03-14 15:57:01 UTC,7459,33,203,,3.9,0,0,5,481
2022-03-14 16:57:01 UTC,7460,23,227,,0,0,0,5,481
2022-03-14 17:57:01 UTC,7461,28,255,,0,0,0,5,481
2022-03-14 18:57:01 UTC,7462,16,271,,0,0,0,5,481
2022-03-14 19:57:01 UTC,7463,12,283,,4,0,0,5,481
2022-03-14 20:57:01 UTC,7464,10,295,,0,0,0,5,481
2022-03-14 21:57:01 UTC,7465,9,304,,3.8,0,0,5,481
2022-03-14 22:57:01 UTC,7466,,,304,,,,,
2022-03-14 23:57:01 UTC,7467,4,4,,0,0,0,3,307
2022-03-15 00:57:01 UTC,7468,2,6,,0,0,0,3,307
2022-03-15 01:57:01 UTC,7469,0,6,,0,0,0,3,307
2022-03-15 02:57:01 UTC,7470,0,6,,0,0,0,3,307
2022-03-15 03:57:01 UTC,7471,0,6,,0,0,0,3,307
2022-03-15 04:57:01 UTC,7472,1,7,,0,0,0,3,307
2022-03-15 05:57:01 UTC,7473,0,7,,0,0,0,3,307
2022-03-15 06:57:01 UTC,7474,4,11,,0,0,0,3,307
2022-03-15 07:57:01 UTC,7475,8,19,,3.9,0,0,3,307
2022-03-15 08:57:01 UTC,7476,17,43,,0,0,0,3,307
2022-03-15 09:57:01 UTC,7477,14,57,,0,0,0,3,307
2022-03-15 10:57:01 UTC,7478,14,71,,0,0,0,3,307
2022-03-15 11:57:01 UTC,7479,19,90,,3.9,0,0,3,307
2022-03-15 12:57:01 UTC,7480,25,119,,0,0,0,3,307
2022-03-15 13:57:01 UTC,7481,24,143,,0,0,0,3,307
2022-03-15 14:57:01 UTC,7482,37,180,,0,0,0,3,307
2022-03-15 15:57:01 UTC,7483,33,213,,3.9,0,0,3,307
2022-03-15 16:57:01 UTC,7484,17,232,,0,0,0,3,307
2022-03-15 17:57:01 UTC,7485,18,250,,0,0,0,3,307
2022-03-15 18:57:01 UTC,7486,23,273,,0,0,0,3,307
2022-03-15 19:57:01 UTC,7487,20,293,,3.9,0,0,3,307
2022-03-15 20:57:01 UTC,7488,10,305,,0,0,0,3,307
2022-03-15 21:57:01 UTC,7489,6,311,,3.9,0,0,3,307
2022-03-15 22:57:01 UTC,7490,,,311,,,,,
2022-03-15 23:57:01 UTC,7491,4,4,,0,0,0,1,316
2022-03-16 00:57:01 UTC,7492,1,5,,0,0,0,1,316
2022-03-16 01:57:01 UTC,7493,3,8,,0,0,0,1,316
2022-03-16 02:57:01 UTC,7494,1,9,,0,0,0,1,316
2022-03-16 03:57:01 UTC,7495,1,10,,3.9,0,0,1,316
2022-03-16 04:57:01 UTC,7496,0,10,,0,0,0,1,316
2022-03-16 05:57:01 UTC,7497,0,10,,0,0,0,1,316
2022-03-16 06:57:01 UTC,7498,6,16,,0,0,0,1,316
2022-03-16 07:57:01 UTC,7499,20,36,,3.9,0,0,1,316
2022-03-16 08:57:01 UTC,7500,20,58,,0,0,0,4,316
2022-03-16 09:57:01 UTC,7501,32,90,,0,0,0,4,316
2022-03-16 10:57:01 UTC,7502,27,117,,0,0,0,4,316
2022-03-16 11:57:01 UTC,7503,20,137,,0,0,0,4,316
2022-03-16 12:57:01 UTC,7504,16,153,,0,0,0,4,316
2022-03-16 13:57:01 UTC,7505,22,175,,0,0,0,4,316
2022-03-16 14:57:01 UTC,7506,19,194,,0,0,0,4,316
2022-03-16 15:57:01 UTC,7507,15,209,,3.9,0,0,4,316
2022-03-16 16:57:01 UTC,7508,15,226,,0,0,0,4,316
2022-03-16 17:57:01 UTC,7509,20,246,,0,0,0,4,316
2022-03-16 18:57:01 UTC,7510,26,272,,0,0,0,4,316
2022-03-16 19:57:01 UTC,7511,9,281,,3.9,0,0,4,316
2022-03-16 20:57:01 UTC,7512,9,292,,0,0,0,4,316
2022-03-16 21:57:01 UTC,7513,8,300,,3.9,0,0,4,316
2022-03-16 22:57:01 UTC,7514,,,300,,,,,
2022-03-16 23:57:01 UTC,7515,8,8,,0,0,0,0,305
2022-03-17 00:57:01 UTC,7516,0,8,,0,0,0,0,305
2022-03-17 01:57:01 UTC,7517,2,10,,0,0,0,0,305
2022-03-17 02:57:01 UTC,7518,1,11,,0,0,0,0,305
2022-03-17 03:57:01 UTC,7519,0,11,,3.8,0,0,0,305
2022-03-18 23:57:01 UTC,7520,5,5,,0,0,0,6,13
2022-03-19 00:57:01 UTC,7521,2,7,,0,0,0,6,13
2022-03-19 01:57:01 UTC,7522,1,8,,0,0,0,6,13
2022-03-19 02:57:01 UTC,7523,2,10,,0,0,0,6,13
2022-03-19 03:57:01 UTC,7524,3,13,,0,0,0,6,13
2022-03-19 04:57:01 UTC,7525,0,13,,0,0,0,6,13
2022-03-19 05:57:01 UTC,7526,1,14,,0,0,0,6,13
2022-03-19 06:57:01 UTC,7527,5,19,,0,0,0,6,13
2022-03-19 07:57:01 UTC,7528,8,27,,0,0,0,6,13
2022-03-19 08:57:01 UTC,7529,7,34,,0,0,0,6,13
2022-03-19 09:57:01 UTC,7530,15,49,,0,0,0,6,13
2022-03-19 10:57:01 UTC,7531,22,71,,0,0,0,6,13
2022-03-19 11:57:01 UTC,7532,17,88,,3.9,0,0,6,13
2022-03-19 12:57:01 UTC,7533,10,103,,0,0,0,6,13
2022-03-19 13:57:01 UTC,7534,8,111,,0,0,0,6,13
2022-03-19 14:57:01 UTC,7535,13,124,,0,0,0,6,13
2022-03-19 15:57:01 UTC,7536,14,138,,3.9,0,0,6,13
2022-03-19 16:57:01 UTC,7537,8,146,,0,0,0,7,13
2022-03-19 17:57:01 UTC,7538,9,155,,0,0,0,7,13
2022-03-19 18:57:01 UTC,7539,15,170,,0,0,0,7,13
2022-03-19 19:57:01 UTC,7540,7,177,,3.9,0,0,7,13
2022-03-19 20:57:01 UTC,7541,5,182,,0,0,0,8,13
2022-03-19 21:57:01 UTC,7542,5,187,,3.9,0,0,8,13
2022-03-19 22:57:01 UTC,7543,,,187,,,,,
2022-03-19 23:57:01 UTC,7544,4,4,,0,0,0,3,191
2022-03-20 00:57:01 UTC,7545,3,7,,0,0,0,3,191
2022-03-20 01:57:01 UTC,7546,5,12,,0,0,0,3,191
2022-03-20 02:57:01 UTC,7547,10,22,,0,0,0,3,191
2022-03-20 03:57:01 UTC,7548,2,24,,0,0,0,3,191
2022-03-20 04:57:01 UTC,7549,0,24,,0,0,0,3,191
2022-03-20 05:57:01 UTC,7550,1,25,,0,0,0,3,191
2022-03-20 06:57:01 UTC,7551,7,32,,0,0,0,3,191
2022-03-20 07:57:01 UTC,7552,13,45,,3.9,0,0,3,191
2022-03-20 08:57:01 UTC,7553,26,76,,0,0,0,4,191
2022-03-20 09:57:01 UTC,7554,34,110,,0,0,0,4,191
2022-03-20 10:57:01 UTC,7555,46,156,,0,0,0,4,191
2022-03-20 11:57:01 UTC,7556,49,205,,3.9,0,0,4,191
2022-03-20 12:57:01 UTC,7557,32,239,,0,0,0,4,191
2022-03-20 13:57:01 UTC,7558,8,247,,0,0,0,4,191
2022-03-20 14:57:01 UTC,7559,20,267,,0,0,0,4,191
2022-03-20 15:57:01 UTC,7560,35,302,,3.9,0,0,4,191
2022-03-20 16:57:01 UTC,7561,8,313,,0,0,0,6,191
2022-03-20 17:57:01 UTC,7562,8,321,,0,0,0,6,191
2022-03-20 18:57:01 UTC,7563,15,336,,0,0,0,6,191
2022-03-20 19:57:01 UTC,7564,9,345,,3.9,0,0,6,191
2022-03-20 23:57:01 UTC,7565,1,1,,0,0,0,3,361
2022-03-21 00:57:01 UTC,7566,2,3,,0,0,0,3,361
2022-03-21 01:57:01 UTC,7567,1,4,,0,0,0,3,361
2022-03-21 02:57:01 UTC,7568,1,5,,0,0,0,3,361
2022-03-21 03:57:01 UTC,7569,1,6,,0,0,0,3,361
2022-03-21 04:57:01 UTC,7570,0,6,,0,0,0,3,361
2022-03-21 05:57:01 UTC,7571,0,6,,0,0,0,3,361
2022-03-21 06:57:01 UTC,7572,7,13,,0,0,0,3,361
2022-03-21 07:57:01 UTC,7573,15,28,,4,0,0,3,361
2022-03-21 08:57:01 UTC,7574,26,63,,0,0,0,6,361
2022-03-21 09:57:01 UTC,7575,17,80,,0,0,0,6,361
2022-03-21 10:57:01 UTC,7576,9,89,,0,0,0,6,361
2022-03-21 11:57:01 UTC,7577,24,113,,3.9,0,0,6,361
2022-03-21 12:57:01 UTC,7578,25,150,,0,0,0,6,361
2022-03-21 13:57:01 UTC,7579,27,177,,0,0,0,6,361
2022-03-21 14:57:01 UTC,7580,17,194,,0,0,0,6,361
2022-03-21 15:57:01 UTC,7581,17,211,,3.9,0,0,6,361
2022-03-21 16:57:01 UTC,7582,17,229,,0,0,0,15,361
2022-03-21 17:57:01 UTC,7583,17,246,,0,0,0,15,361
2022-03-21 18:57:01 UTC,7584,15,261,,0,0,0,15,361
2022-03-21 19:57:01 UTC,7585,13,274,,0,0,0,15,361
2022-03-21 20:57:01 UTC,7586,9,283,,0,0,0,15,361
2022-03-21 21:57:01 UTC,7587,4,287,,3.9,0,0,15,361
2022-03-21 22:57:01 UTC,7588,,,287,,,,,
