created_at,entry_id,field1,field2,field3,field4,field5,field6,field7,field8
2021-07-11 22:56:01 UTC,1849,0,0,,0,0,0,0,0
2021-07-11 23:56:01 UTC,1850,0,0,,0,0,0,0,0
2021-07-12 00:56:01 UTC,1851,0,0,,0,0,0,0,0
2021-07-12 01:56:01 UTC,1852,0,0,,0,0,0,0,0
2021-07-12 02:56:01 UTC,1853,0,0,,0,0,0,0,0
2021-07-12 03:56:01 UTC,1854,0,0,,0,0,0,0,0
2021-07-12 04:56:01 UTC,1855,0,0,,0,0,0,0,0
2021-07-12 05:56:01 UTC,1856,0,0,,0,0,0,0,0
2021-07-12 06:56:01 UTC,1857,0,0,,0,0,0,0,0
2021-07-12 07:56:01 UTC,1858,0,0,,0,0,0,0,0
2021-07-12 08:56:01 UTC,1859,0,0,,0,0,0,0,0
2021-07-12 09:56:01 UTC,1860,0,0,,0,0,0,0,0
2021-07-12 10:56:01 UTC,1861,0,0,,0,0,0,0,0
2021-07-12 11:56:01 UTC,1862,0,0,,0,0,0,0,0
2021-07-12 12:56:01 UTC,1863,0,0,,0,0,0,0,0
2021-07-12 13:56:01 UTC,1864,0,0,,0,0,0,0,0
2021-07-12 14:56:01 UTC,1865,0,0,,4,0,0,0,0
2021-07-12 15:56:01 UTC,1866,0,0,,0,0,0,0,0
2021-07-12 16:56:01 UTC,1867,0,0,,0,0,0,0,0
2021-07-12 17:56:01 UTC,1868,0,0,,0,0,0,0,0
2021-07-12 18:56:01 UTC,1869,0,0,,0,0,0,0,0
2021-07-12 19:56:01 UTC,1870,0,0,,0,0,0,0,0
2021-07-12 20:56:01 UTC,1871,0,0,,0,0,0,0,0
2021-07-12 21:56:01 UTC,1872,1,1,1,0,0,0,0,0
2021-07-12 22:57:01 UTC,1873,0,0,,0,0,0,0,0
2021-07-12 23:57:01 UTC,1874,0,0,,0,0,0,0,0
2021-07-13 00:57:01 UTC,1875,0,0,,0,0,0,0,0
2021-07-13 01:57:01 UTC,1876,0,0,,0,0,0,0,0
2021-07-13 02:57:01 UTC,1877,0,0,,0,0,0,0,0
2021-07-13 03:57:01 UTC,1878,0,0,,0,0,0,0,0
2021-07-13 04:57:01 UTC,1879,0,0,,0,0,0,0,0
2021-07-13 05:57:01 UTC,1880,0,0,,0,0,0,0,0
2021-07-13 06:57:01 UTC,1881,0,0,,0,0,0,0,0
2021-07-13 07:57:01 UTC,1882,0,0,,0,0,0,0,0
2021-07-13 08:57:01 UTC,1883,0,0,,0,0,0,0,0
2021-07-13 09:57:01 UTC,1884,0,0,,0,0,0,0,0
2021-07-13 10:57:01 UTC,1885,0,0,,0,0,0,0,0
2021-07-13 11:57:01 UTC,1886,0,0,,0,0,0,0,0
2021-07-13 12:57:01 UTC,1887,0,0,,0,0,0,0,0
2021-07-13 13:57:01 UTC,1888,0,0,,0,0,0,0,0
2021-07-13 14:57:01 UTC,1889,0,0,,0,0,0,0,0
2021-07-13 15:57:01 UTC,1890,0,0,,0,0,0,0,0
2021-07-13 16:57:01 UTC,1891,0,0,,0,0,0,0,0
2021-07-13 17:57:01 UTC,1892,0,0,,0,0,0,0,0
2021-07-13 18:57:01 UTC,1893,32,32,,0,0,0,0,0
2021-07-13 19:57:01 UTC,1894,14,46,,3.9,0,0,0,0
2021-07-13 20:57:01 UTC,1895,9,55,,3.9,0,0,0,0
2021-07-13 21:57:01 UTC,1896,,,55,,,,,
2021-07-13 22:57:01 UTC,1897,11,11,,0,0,0,0,60
2021-07-13 23:57:01 UTC,1898,3,14,,0,0,0,0,60
2021-07-14 00:57:01 UTC,1899,11,25,,0,0,0,0,60
2021-07-14 01:57:01 UTC,1900,2,27,,0,0,0,0,60
2021-07-14 02:57:01 UTC,1901,1,28,,3.9,0,0,0,60
2021-07-14 03:57:01 UTC,1902,0,28,,0,0,0,0,60
2021-07-14 04:57:01 UTC,1903,2,30,,0,0,0,0,60
2021-07-14 05:57:01 UTC,1904,11,41,,0,0,0,0,60
2021-07-14 06:57:01 UTC,1905,7,48,,3.9,0,0,0,60
2021-07-14 07:57:01 UTC,1906,22,71,,0,0,0,0,60
2021-07-14 08:57:01 UTC,1907,14,85,,0,0,0,0,60
2021-07-14 09:57:01 UTC,1908,17,102,,0,0,0,0,60
2021-07-14 10:57:01 UTC,1909,28,130,,3.9,0,0,0,60
2021-07-14 11:57:01 UTC,1910,21,151,,0,0,0,0,60
2021-07-14 12:57:01 UTC,1911,18,169,,0,0,0,0,60
2021-07-14 13:57:01 UTC,1912,34,203,,0,0,0,0,60
2021-07-14 14:57:01 UTC,1913,38,241,,3.9,0,0,0,60
2021-07-14 15:57:01 UTC,1914,41,282,,0,0,0,0,60
2021-07-14 16:57:01 UTC,1915,49,331,,0,0,0,0,60
2021-07-14 17:57:01 UTC,1916,66,397,,0,0,0,0,60
2021-07-14 18:57:01 UTC,1917,46,443,,3.9,0,0,0,60
2021-07-14 19:57:01 UTC,1918,24,467,,0,0,0,0,60
2021-07-14 20:57:01 UTC,1919,20,487,,3.9,0,0,0,60
2021-07-14 21:57:01 UTC,1920,,,487,,,,,
2021-07-14 22:57:01 UTC,1921,19,19,,0,0,0,0,499
2021-07-14 23:57:01 UTC,1922,6,25,,0,0,0,0,499
2021-07-15 00:57:01 UTC,1923,4,29,,0,0,0,0,499
2021-07-15 01:57:01 UTC,1924,4,33,,0,0,0,0,499
2021-07-15 02:57:01 UTC,1925,1,34,,3.9,0,0,0,499
2021-07-15 03:57:01 UTC,1926,5,39,,0,0,0,0,499
2021-07-15 04:57:01 UTC,1927,4,43,,0,0,0,0,499
2021-07-15 05:57:01 UTC,1928,9,52,,0,0,0,0,499
2021-07-15 06:57:01 UTC,1929,13,65,,3.9,0,0,0,499
2021-07-15 07:57:01 UTC,1930,9,74,,0,0,0,0,499
2021-07-15 08:57:01 UTC,1931,21,95,,0,0,0,0,499
2021-07-15 09:57:01 UTC,1932,26,121,,0,0,0,0,499
2021-07-15 10:57:01 UTC,1933,31,152,,3.9,0,0,0,499
2021-07-15 11:57:01 UTC,1934,21,173,,0,0,0,0,499
2021-07-15 12:57:01 UTC,1935,39,212,,0,0,0,0,499
2021-07-15 13:57:01 UTC,1936,27,239,,0,0,0,0,499
2021-07-15 14:57:01 UTC,1937,31,270,,3.9,0,0,0,499
2021-07-15 15:57:01 UTC,1938,54,324,,0,0,0,0,499
2021-07-15 16:57:01 UTC,1939,43,367,,0,0,0,0,499
2021-07-15 17:57:01 UTC,1940,48,415,,0,0,0,0,499
2021-07-15 18:57:01 UTC,1941,28,443,,3.9,0,0,0,499
2021-07-15 19:57:01 UTC,1942,15,459,,0,0,0,0,499
2021-07-15 20:57:01 UTC,1943,10,469,,3.9,0,0,0,499
2021-07-15 21:57:01 UTC,1944,,,469,,,,,
2021-07-15 22:57:01 UTC,1945,10,10,,0,0,0,0,480
2021-07-15 23:57:01 UTC,1946,6,16,,0,0,0,0,480
2021-07-16 00:57:01 UTC,1947,6,22,,0,0,0,0,480
2021-07-16 01:57:01 UTC,1948,0,22,,0,0,0,0,480
2021-07-16 02:57:01 UTC,1949,1,23,,3.9,0,0,0,480
2021-07-16 03:57:01 UTC,1950,1,24,,0,0,0,0,480
2021-07-16 04:57:01 UTC,1951,3,27,,0,0,0,0,480
2021-07-16 05:57:01 UTC,1952,6,33,,0,0,0,0,480
2021-07-16 06:57:01 UTC,1953,5,38,,3.9,0,0,0,480
2021-07-16 07:57:01 UTC,1954,11,51,,0,0,0,0,480
2021-07-16 08:57:01 UTC,1955,16,67,,0,0,0,0,480
2021-07-16 09:57:01 UTC,1956,14,81,,0,0,0,0,480
2021-07-16 10:57:01 UTC,1957,22,103,,3.9,0,0,0,480
2021-07-16 11:57:01 UTC,1958,31,134,,0,0,0,0,480
2021-07-16 12:57:01 UTC,1959,21,155,,0,0,0,0,480
2021-07-16 13:57:01 UTC,1960,27,182,,0,0,0,0,480
2021-07-16 14:57:01 UTC,1961,27,209,,3.9,0,0,0,480
2021-07-16 15:57:01 UTC,1962,25,234,,0,0,0,0,480
2021-07-16 16:57:01 UTC,1963,25,259,,0,0,0,0,480
2021-07-16 17:57:01 UTC,1964,34,293,,0,0,0,0,480
2021-07-16 18:57:01 UTC,1965,24,317,,3.9,0,0,0,480
2021-07-16 19:57:01 UTC,1966,16,334,,0,0,0,0,480
2021-07-16 20:57:01 UTC,1967,12,346,,3.9,0,0,0,480
2021-07-16 21:57:01 UTC,1968,,,346,,,,,
2021-07-16 22:57:01 UTC,1969,3,3,,0,0,0,0,353
2021-07-16 23:57:01 UTC,1970,5,8,,0,0,0,0,353
2021-07-17 00:57:01 UTC,1971,8,16,,0,0,0,0,353
2021-07-17 01:57:01 UTC,1972,3,19,,0,0,0,0,353
2021-07-17 02:57:01 UTC,1973,1,20,,3.9,0,0,0,353
2021-07-17 03:57:01 UTC,1974,1,21,,0,0,0,0,353
2021-07-17 04:57:01 UTC,1975,5,26,,0,0,0,0,353
2021-07-17 05:57:01 UTC,1976,5,31,,0,0,0,0,353
2021-07-17 06:57:01 UTC,1977,6,37,,3.9,0,0,0,353
2021-07-17 07:57:01 UTC,1978,13,51,,0,0,0,0,353
2021-07-17 08:57:01 UTC,1979,15,66,,0,0,0,0,353
2021-07-17 09:57:01 UTC,1980,37,103,,0,0,0,0,353
2021-07-17 10:57:01 UTC,1981,20,123,,3.9,0,0,0,353
2021-07-17 11:57:01 UTC,1982,43,167,,0,0,0,0,353
2021-07-17 12:57:01 UTC,1983,23,190,,0,0,0,0,353
2021-07-17 13:57:01 UTC,1984,22,212,,0,0,0,0,353
2021-07-17 14:57:01 UTC,1985,16,228,,3.9,0,0,0,353
2021-07-17 15:57:01 UTC,1986,16,245,,0,0,0,0,353
2021-07-17 16:57:01 UTC,1987,17,262,,0,0,0,0,353
2021-07-17 17:57:01 UTC,1988,21,283,,0,0,0,0,353
2021-07-17 18:57:01 UTC,1989,11,294,,3.9,0,0,0,353
2021-07-17 19:57:01 UTC,1990,8,302,,0,0,0,0,353
2021-07-17 20:57:01 UTC,1991,6,308,,3.9,0,0,0,353
2021-07-17 21:57:01 UTC,1992,,,308,,,,,
2021-07-17 22:57:01 UTC,1993,9,9,,0,0,0,0,317
2021-07-17 23:57:01 UTC,1994,12,21,,0,0,0,0,317
2021-07-18 00:57:01 UTC,1995,13,34,,0,0,0,0,317
2021-07-18 01:57:01 UTC,1996,6,40,,0,0,0,0,317
2021-07-18 02:57:01 UTC,1997,1,41,,3.9,0,0,0,317
2021-07-18 03:57:01 UTC,1998,0,41,,0,0,0,0,317
2021-07-18 04:57:01 UTC,1999,4,45,,0,0,0,0,317
2021-07-18 05:57:01 UTC,2000,4,49,,0,0,0,0,317
2021-07-18 06:57:01 UTC,2001,13,62,,3.9,0,0,0,317
2021-07-18 07:57:01 UTC,2002,5,67,,0,0,0,1,317
2021-07-18 08:57:01 UTC,2003,7,74,,0,0,0,1,317
2021-07-18 09:57:01 UTC,2004,41,115,,0,0,0,1,317
2021-07-18 10:57:01 UTC,2005,35,150,,0,0,0,1,317
2021-07-18 11:57:01 UTC,2006,35,185,,0,0,0,1,317
2021-07-18 12:57:01 UTC,2007,18,203,,0,0,0,1,317
2021-07-18 13:57:01 UTC,2008,13,216,,0,0,0,1,317
2021-07-18 14:57:01 UTC,2009,16,232,,0,0,0,1,317
2021-07-18 15:57:01 UTC,2010,24,256,,0,0,0,1,317
2021-07-18 16:57:01 UTC,2011,38,294,,0,0,0,1,317
2021-07-18 17:57:01 UTC,2012,39,333,,0,0,0,1,317
2021-07-18 18:57:01 UTC,2013,25,358,,3.9,0,0,1,317
2021-07-18 19:57:01 UTC,2014,15,373,,0,0,0,1,317
2021-07-18 20:57:01 UTC,2015,11,384,,3.9,0,0,1,317
2021-07-18 21:57:01 UTC,2016,,,384,,,,,
