created_at,entry_id,field1,field2,field3,field4,field5,field6,field7,field8
2022-05-01 00:57:01 UTC,8154,8,17,,0,0,0,4,416
2022-05-01 01:57:01 UTC,8155,6,23,,0,0,0,4,416
2022-05-01 02:57:01 UTC,8156,2,25,,0,0,0,4,416
2022-05-01 03:57:01 UTC,8157,2,27,,0,0,0,4,416
2022-05-01 04:57:01 UTC,8158,2,29,,0,0,0,4,416
2022-05-01 05:57:01 UTC,8159,6,35,,0,0,0,4,416
2022-05-01 06:57:01 UTC,8160,8,43,,4,0,0,4,416
2022-05-01 07:57:01 UTC,8161,14,64,,0,0,0,4,416
2022-05-01 08:57:01 UTC,8162,19,83,,0,0,0,4,416
2022-05-01 09:57:01 UTC,8163,5,88,,0,0,0,4,416
2022-05-01 10:57:01 UTC,8164,15,103,,3.9,0,0,4,416
2022-05-01 11:57:01 UTC,8165,22,125,,0,0,0,4,416
2022-05-01 12:57:01 UTC,8166,17,142,,0,0,0,4,416
2022-05-01 13:57:01 UTC,8167,22,164,,0,0,0,4,416
2022-05-01 14:57:01 UTC,8168,21,185,,3.9,0,0,4,416
2022-05-01 15:57:01 UTC,8169,34,219,,0,0,0,4,416
2022-05-01 16:57:01 UTC,8170,26,245,,0,0,0,4,416
2022-05-01 17:57:01 UTC,8171,25,270,,0,0,0,4,416
2022-05-01 18:57:01 UTC,8172,20,290,,3.9,0,0,4,416
2022-05-01 22:57:01 UTC,8173,15,15,,0,0,0,2,322
2022-05-01 23:57:01 UTC,8174,6,21,,0,0,0,2,322
2022-05-02 00:57:01 UTC,8175,3,24,,0,0,0,2,322
2022-05-02 01:57:01 UTC,8176,0,24,,0,0,0,2,322
2022-05-02 02:57:01 UTC,8177,0,24,,3.9,0,0,2,322
2022-05-02 03:57:01 UTC,8178,0,24,,0,0,1,3,322
2022-05-02 04:57:01 UTC,8179,1,25,,0,0,1,3,322
2022-05-02 05:57:01 UTC,8180,8,33,,0,0,1,3,322
2022-05-02 06:57:01 UTC,8181,10,43,,3.9,0,1,3,322
2022-05-02 07:57:01 UTC,8182,52,97,,0,0,1,3,322
2022-05-02 08:57:01 UTC,8183,21,118,,0,0,1,3,322
2022-05-02 09:57:01 UTC,8184,17,135,,0,0,1,3,322
2022-05-02 10:57:01 UTC,8185,42,177,,3.9,0,1,3,322
2022-05-02 11:57:01 UTC,8186,22,201,,0,0,1,3,322
2022-05-02 12:57:01 UTC,8187,29,230,,0,0,1,3,322
2022-05-02 13:57:01 UTC,8188,23,253,,0,0,1,3,322
2022-05-02 14:57:01 UTC,8189,41,294,,3.9,0,1,3,322
2022-05-02 15:57:01 UTC,8190,21,315,,0,0,1,3,322
2022-05-02 16:57:01 UTC,8191,18,333,,0,0,1,3,322
2022-05-02 17:57:01 UTC,8192,23,356,,0,0,1,3,322
2022-05-02 18:57:01 UTC,8193,14,370,,3.9,0,1,3,322
2022-05-02 19:57:01 UTC,8194,9,380,,0,0,1,3,322
2022-05-02 20:57:01 UTC,8195,9,389,,3.9,0,1,3,322
2022-05-02 21:57:01 UTC,8196,,,389,,,,,
2022-05-02 22:57:01 UTC,8197,6,6,,0,0,0,3,396
2022-05-02 23:57:01 UTC,8198,6,12,,0,0,0,3,396
2022-05-03 00:57:01 UTC,8199,1,13,,0,0,0,3,396
2022-05-03 01:57:01 UTC,8200,1,14,,0,0,0,3,396
2022-05-03 02:57:01 UTC,8201,1,15,,0,0,0,3,396
2022-05-03 03:57:01 UTC,8202,0,15,,0,0,0,3,396
2022-05-03 04:57:01 UTC,8203,1,16,,0,0,0,3,396
2022-05-03 05:57:01 UTC,8204,9,25,,0,0,0,3,396
2022-05-03 06:57:01 UTC,8205,31,56,,3.9,0,0,3,396
2022-05-03 07:57:01 UTC,8206,26,87,,0,0,0,6,396
2022-05-03 08:57:01 UTC,8207,24,111,,0,0,0,6,396
2022-05-03 09:57:01 UTC,8208,29,140,,0,0,0,6,396
2022-05-03 10:57:01 UTC,8209,23,163,,0,0,0,6,396
2022-05-03 11:57:01 UTC,8210,26,189,,0,0,0,6,396
2022-05-03 12:57:01 UTC,8211,33,222,,0,0,0,6,396
2022-05-03 13:57:01 UTC,8212,37,259,,0,0,0,6,396
2022-05-03 14:57:01 UTC,8213,37,296,,4,0,0,6,396
2022-05-03 15:57:01 UTC,8214,34,332,,0,0,0,6,396
2022-05-03 16:57:01 UTC,8215,36,368,,0,0,0,6,396
2022-05-03 17:57:01 UTC,8216,28,396,,0,0,0,6,396
2022-05-03 18:57:01 UTC,8217,35,431,,3.9,0,0,6,396
2022-05-03 19:57:01 UTC,8218,12,444,,0,0,0,8,396
2022-05-03 20:57:01 UTC,8219,8,452,,4,0,0,8,396
2022-05-03 21:57:01 UTC,8220,,,452,,,,,
2022-05-03 22:57:01 UTC,8221,12,12,,0,0,0,0,457
2022-05-03 23:57:01 UTC,8222,4,16,,0,0,0,0,457
2022-05-04 00:57:01 UTC,8223,2,18,,0,0,0,0,457
2022-05-04 01:57:01 UTC,8224,2,20,,0,0,0,0,457
2022-05-04 02:57:01 UTC,8225,0,20,,3.9,0,0,0,457
2022-05-04 03:57:01 UTC,8226,1,21,,0,0,0,0,457
2022-05-04 04:57:01 UTC,8227,2,23,,0,0,0,0,457
2022-05-04 05:57:01 UTC,8228,7,30,,0,0,0,0,457
2022-05-04 06:57:01 UTC,8229,13,43,,3.9,0,0,0,457
2022-05-04 07:57:01 UTC,8230,7,53,,0,0,0,0,457
2022-05-04 08:57:01 UTC,8231,6,59,,0,0,0,0,457
2022-05-04 09:57:01 UTC,8232,13,72,,0,0,0,0,457
2022-05-04 10:57:01 UTC,8233,27,99,,3.9,0,0,0,457
2022-05-04 11:57:01 UTC,8234,28,128,,0,0,0,0,457
2022-05-04 12:57:01 UTC,8235,36,164,,0,0,0,0,457
2022-05-04 13:57:01 UTC,8236,29,193,,0,0,0,0,457
2022-05-04 14:57:01 UTC,8237,38,231,,3.9,0,0,0,457
2022-05-04 15:57:01 UTC,8238,47,281,,0,0,0,2,457
2022-05-04 16:57:01 UTC,8239,38,319,,0,0,0,2,457
2022-05-04 17:57:01 UTC,8240,53,372,,0,0,0,2,457
2022-05-04 18:57:01 UTC,8241,26,398,,3.9,0,0,2,457
2022-05-04 19:57:01 UTC,8242,9,409,,0,0,0,2,457
2022-05-04 20:57:01 UTC,8243,20,429,,3.9,0,0,2,457
2022-05-04 21:57:01 UTC,8244,,,429,,,,,
2022-05-04 22:57:01 UTC,8245,7,7,,0,0,0,1,437
2022-05-04 23:57:01 UTC,8246,6,13,,0,0,0,1,437
2022-05-05 00:57:01 UTC,8247,2,15,,0,0,0,1,437
2022-05-05 01:57:01 UTC,8248,1,16,,0,0,0,1,437
2022-05-05 02:57:01 UTC,8249,0,16,,3.9,0,0,1,437
2022-05-05 03:57:01 UTC,8250,0,16,,0,0,0,1,437
2022-05-05 04:57:01 UTC,8251,0,16,,0,0,0,1,437
2022-05-05 05:57:01 UTC,8252,5,21,,0,0,0,1,437
2022-05-05 06:57:01 UTC,8253,9,30,,3.9,0,0,1,437
2022-05-05 07:57:01 UTC,8254,8,38,,0,0,0,1,437
2022-05-05 08:57:01 UTC,8255,4,42,,0,0,0,1,437
2022-05-05 09:57:01 UTC,8256,10,52,,0,0,0,1,437
2022-05-05 10:57:01 UTC,8257,5,57,,3.9,0,0,1,437
2022-05-05 11:57:01 UTC,8258,12,70,,0,0,0,2,437
2022-05-05 12:57:01 UTC,8259,12,82,,0,0,0,2,437
2022-05-05 13:57:01 UTC,8260,14,96,,0,0,0,2,437
2022-05-05 14:57:01 UTC,8261,15,111,,3.9,0,0,2,437
2022-05-05 15:57:01 UTC,8262,10,121,,0,0,0,2,437
2022-05-05 16:57:01 UTC,8263,21,142,,0,0,0,2,437
2022-05-05 17:57:01 UTC,8264,28,170,,0,0,0,2,437
2022-05-05 18:57:01 UTC,8265,16,186,,3.9,0,0,2,437
2022-05-05 22:57:01 UTC,8266,11,11,,0,0,0,1,203
2022-05-05 23:57:01 UTC,8267,13,24,,0,0,0,1,203
2022-05-06 00:57:01 UTC,8268,3,27,,0,0,0,1,203
2022-05-06 01:57:01 UTC,8269,4,31,,0,0,0,1,203
2022-05-06 02:57:01 UTC,8270,0,31,,3.9,0,0,1,203
2022-05-06 03:57:01 UTC,8271,2,33,,0,0,0,4,203
2022-05-06 04:57:01 UTC,8272,2,35,,0,0,0,4,203
2022-05-06 05:57:01 UTC,8273,10,45,,0,0,0,4,203
2022-05-06 06:57:01 UTC,8274,11,56,,3.9,0,0,4,203
2022-05-06 07:57:01 UTC,8275,12,68,,0,0,1,8,203
2022-05-06 08:57:01 UTC,8276,13,81,,0,0,1,8,203
2022-05-06 09:57:01 UTC,8277,5,86,,0,0,1,8,203
2022-05-06 10:57:01 UTC,8278,15,101,,0,0,1,8,203
2022-05-06 11:57:01 UTC,8279,13,114,,0,0,1,8,203
2022-05-06 12:57:01 UTC,8280,6,120,,0,0,1,8,203
2022-05-06 13:57:01 UTC,8281,7,127,,0,0,1,8,203
2022-05-06 14:57:01 UTC,8282,7,134,,3.9,0,1,8,203
2022-05-06 22:57:01 UTC,8283,3,3,,0,0,0,1,1
2022-05-06 23:57:01 UTC,8284,3,6,,0,0,0,1,1
2022-05-07 00:57:01 UTC,8285,3,9,,0,0,0,1,1
2022-05-07 01:57:01 UTC,8286,3,12,,0,0,0,1,1
2022-05-07 02:57:01 UTC,8287,2,14,,3.8,0,0,1,1
2022-05-07 03:57:01 UTC,8288,2,16,,0,0,0,2,1
2022-05-07 04:57:01 UTC,8289,1,17,,0,0,0,2,1
2022-05-07 05:57:01 UTC,8290,5,22,,0,0,0,2,1
2022-05-07 06:57:01 UTC,8291,9,31,,3.9,0,0,2,1
2022-05-07 07:57:01 UTC,8292,9,45,,0,0,0,2,1
2022-05-07 08:57:01 UTC,8293,27,72,,0,0,0,2,1
2022-05-07 09:57:01 UTC,8294,25,97,,0,0,0,2,1
2022-05-07 10:57:01 UTC,8295,28,125,,3.9,0,0,2,1
2022-05-07 11:57:01 UTC,8296,15,143,,0,0,0,3,1
2022-05-07 12:57:01 UTC,8297,11,154,,0,0,0,3,1
2022-05-07 13:57:01 UTC,8298,12,166,,0,0,0,3,1
2022-05-07 14:57:01 UTC,8299,7,173,,3.9,0,0,3,1
2022-05-07 15:57:01 UTC,8300,10,183,,0,0,0,3,1
2022-05-07 16:57:01 UTC,8301,12,195,,0,0,0,3,1
2022-05-07 17:57:01 UTC,8302,14,209,,0,0,0,3,1
2022-05-07 18:57:01 UTC,8303,17,226,,3.9,0,0,3,1
2022-05-07 19:57:01 UTC,8304,5,232,,0,0,0,4,1
2022-05-07 20:57:01 UTC,8305,19,251,,3.9,0,0,4,1
2022-05-07 21:57:01 UTC,8306,,,251,,,,,
