created_at,entry_id,field1,field2,field3,field4,field5,field6,field7,field8
2022-04-01 00:57:01 UTC,11227,3,16,,0,0,0,0,925
2022-04-01 01:57:01 UTC,11228,2,18,,0,0,0,0,925
2022-04-01 02:57:01 UTC,11229,1,19,,4,0,0,0,925
2022-04-01 03:57:01 UTC,11230,6,25,,0,0,0,0,925
2022-04-01 04:57:01 UTC,11231,21,46,,0,0,0,0,925
2022-04-01 05:57:01 UTC,11232,58,104,,0,0,0,0,925
2022-04-01 06:57:01 UTC,11233,130,234,,4,0,0,0,925
2022-04-01 07:57:01 UTC,11234,71,333,,0,0,0,0,925
2022-04-01 08:57:01 UTC,11235,45,378,,0,0,0,0,925
2022-04-01 09:57:01 UTC,11236,33,411,,0,0,0,0,925
2022-04-01 10:57:01 UTC,11237,36,447,,4,0,0,0,925
2022-04-01 11:57:01 UTC,11238,41,494,,0,0,0,0,925
2022-04-01 12:57:01 UTC,11239,61,555,,0,0,0,0,925
2022-04-01 13:57:01 UTC,11240,66,621,,0,0,0,0,925
2022-04-01 14:57:01 UTC,11241,47,668,,4,0,0,0,925
2022-04-01 15:57:01 UTC,11242,67,741,,0,0,0,0,925
2022-04-01 16:57:01 UTC,11243,126,867,,0,0,0,0,925
2022-04-01 17:57:01 UTC,11244,113,980,,0,0,0,0,925
2022-04-01 18:57:01 UTC,11245,89,1069,,4,0,0,0,925
2022-04-01 19:57:01 UTC,11246,57,1134,,0,0,0,0,925
2022-04-01 20:57:01 UTC,11247,25,1159,,4,0,0,0,925
2022-04-01 21:57:01 UTC,11248,,,1159,,,,,
2022-04-01 22:57:01 UTC,11249,16,16,,0,0,0,0,1182
2022-04-01 23:57:01 UTC,11250,10,26,,0,0,0,0,1182
2022-04-02 00:57:01 UTC,11251,5,31,,0,0,0,0,1182
2022-04-02 01:57:01 UTC,11252,2,33,,0,0,0,0,1182
2022-04-02 02:57:01 UTC,11253,4,37,,4,0,0,0,1182
2022-04-02 03:57:01 UTC,11254,5,42,,0,0,0,0,1182
2022-04-02 04:57:01 UTC,11255,7,49,,0,0,0,0,1182
2022-04-02 05:57:01 UTC,11256,19,68,,0,0,0,0,1182
2022-04-02 06:57:01 UTC,11257,32,100,,4,0,0,0,1182
2022-04-02 07:57:01 UTC,11258,34,143,,0,0,0,0,1182
2022-04-02 08:57:01 UTC,11259,65,208,,0,0,0,0,1182
2022-04-02 09:57:01 UTC,11260,62,270,,0,0,0,0,1182
2022-04-02 10:57:01 UTC,11261,80,350,,4,0,0,0,1182
2022-04-02 11:57:01 UTC,11262,42,404,,0,0,0,0,1182
2022-04-02 12:57:01 UTC,11263,31,435,,0,0,0,0,1182
2022-04-02 13:57:01 UTC,11264,37,472,,0,0,0,0,1182
2022-04-02 14:57:01 UTC,11265,23,495,,4,0,0,0,1182
2022-04-02 15:57:01 UTC,11266,20,518,,0,0,0,0,1182
2022-04-02 16:57:01 UTC,11267,29,547,,0,0,0,0,1182
2022-04-02 17:57:01 UTC,11268,31,578,,0,0,0,0,1182
2022-04-02 18:57:01 UTC,11269,24,602,,4,0,0,0,1182
2022-04-02 19:57:01 UTC,11270,11,615,,0,0,0,0,1182
2022-04-02 20:57:01 UTC,11271,20,635,,4,0,0,0,1182
2022-04-02 21:57:01 UTC,11272,,,635,,,,,
2022-04-02 22:57:01 UTC,11273,7,7,,0,0,0,0,641
2022-04-02 23:57:01 UTC,11274,2,9,,0,0,0,0,641
2022-04-03 00:57:01 UTC,11275,1,10,,0,0,0,0,641
2022-04-03 01:57:01 UTC,11276,1,11,,0,0,0,0,641
2022-04-03 02:57:01 UTC,11277,1,12,,4,0,0,0,641
2022-04-03 03:57:01 UTC,11278,5,18,,0,0,0,0,641
2022-04-03 04:57:01 UTC,11279,11,29,,0,0,0,0,641
2022-04-03 05:57:01 UTC,11280,15,44,,0,0,0,0,641
2022-04-03 06:57:01 UTC,11281,46,90,,4,0,0,0,641
2022-04-03 07:57:01 UTC,11282,89,201,,0,0,0,0,641
2022-04-03 08:57:01 UTC,11283,138,339,,0,0,0,0,641
2022-04-03 09:57:01 UTC,11284,195,534,,0,0,0,0,641
2022-04-03 10:57:01 UTC,11285,168,702,,4,0,0,0,641
2022-04-03 11:57:01 UTC,11286,90,803,,0,0,0,0,641
2022-04-03 12:57:01 UTC,11287,76,879,,0,0,0,0,641
2022-04-03 13:57:01 UTC,11288,120,999,,0,0,0,0,641
2022-04-03 14:57:01 UTC,11289,103,1102,,4,0,0,0,641
2022-04-03 15:57:01 UTC,11290,149,1260,,0,0,0,0,641
2022-04-03 16:57:01 UTC,11291,85,1345,,0,0,0,0,641
2022-04-03 17:57:01 UTC,11292,65,1410,,0,0,0,0,641
2022-04-03 18:57:01 UTC,11293,55,1465,,4,0,0,0,641
2022-04-03 19:57:01 UTC,11294,32,1501,,0,0,0,0,641
2022-04-03 20:57:01 UTC,11295,20,1521,,4,0,0,0,641
2022-04-03 21:57:01 UTC,11296,,,1521,,,,,
2022-04-03 22:57:01 UTC,11297,4,4,,0,0,0,0,1538
2022-04-03 23:57:01 UTC,11298,4,8,,0,0,0,0,1538
2022-04-04 00:57:01 UTC,11299,1,9,,0,0,0,0,1538
2022-04-04 01:57:01 UTC,11300,1,10,,0,0,0,0,1538
2022-04-04 02:57:01 UTC,11301,0,10,,4,0,0,0,1538
2022-04-04 03:57:01 UTC,11302,7,17,,0,0,0,0,1538
2022-04-04 04:57:01 UTC,11303,24,41,,0,0,0,0,1538
2022-04-04 05:57:01 UTC,11304,82,123,,0,0,0,0,1538
2022-04-04 06:57:01 UTC,11305,141,264,,4,0,0,0,1538
2022-04-04 07:57:01 UTC,11306,119,420,,0,0,0,0,1538
2022-04-04 08:57:01 UTC,11307,95,515,,0,0,0,0,1538
2022-04-04 09:57:01 UTC,11308,75,590,,0,0,0,0,1538
2022-04-04 10:57:01 UTC,11309,66,656,,4,0,0,0,1538
2022-04-04 11:57:01 UTC,11310,88,755,,0,0,0,0,1538
2022-04-04 12:57:01 UTC,11311,66,821,,0,0,0,0,1538
2022-04-04 13:57:01 UTC,11312,62,883,,0,0,0,0,1538
2022-04-04 14:57:01 UTC,11313,72,955,,4,0,0,0,1538
2022-04-04 15:57:01 UTC,11314,103,1065,,0,0,0,0,1538
2022-04-04 16:57:01 UTC,11315,96,1161,,0,0,0,0,1538
2022-04-04 17:57:01 UTC,11316,97,1258,,0,0,0,0,1538
2022-04-04 18:57:01 UTC,11317,72,1330,,4,0,0,0,1538
2022-04-04 19:57:01 UTC,11318,24,1360,,0,0,0,0,1538
2022-04-04 20:57:01 UTC,11319,13,1373,,4,0,0,0,1538
2022-04-04 21:57:01 UTC,11320,,,1373,,,,,
2022-04-04 22:57:01 UTC,11321,15,15,,0,0,0,0,1388
2022-04-04 23:57:01 UTC,11322,4,19,,0,0,0,0,1388
2022-04-05 00:57:01 UTC,11323,0,19,,0,0,0,0,1388
2022-04-05 01:57:01 UTC,11324,0,19,,0,0,0,0,1388
2022-04-05 02:57:01 UTC,11325,1,20,,4,0,0,0,1388
2022-04-05 03:57:01 UTC,11326,2,22,,0,0,0,0,1388
2022-04-05 04:57:01 UTC,11327,31,53,,0,0,0,0,1388
2022-04-05 05:57:01 UTC,11328,97,150,,0,0,0,0,1388
2022-04-05 06:57:01 UTC,11329,170,320,,4,0,0,0,1388
2022-04-05 07:57:01 UTC,11330,199,576,,0,0,0,0,1388
2022-04-05 08:57:01 UTC,11331,164,740,,0,0,0,0,1388
2022-04-05 09:57:01 UTC,11332,133,873,,0,0,0,0,1388
2022-04-05 10:57:01 UTC,11333,127,1000,,4,0,0,0,1388
2022-04-05 11:57:01 UTC,11334,157,1175,,0,0,0,0,1388
2022-04-05 12:57:01 UTC,11335,141,1316,,0,0,0,0,1388
2022-04-05 13:57:01 UTC,11336,132,1448,,0,0,0,0,1388
2022-04-05 14:57:01 UTC,11337,153,1601,,4,0,0,0,1388
2022-04-05 15:57:01 UTC,11338,176,1785,,0,0,0,0,1388
2022-04-05 16:57:01 UTC,11339,128,1913,,0,0,0,0,1388
2022-04-05 17:57:01 UTC,11340,126,2039,,0,0,0,0,1388
2022-04-05 18:57:01 UTC,11341,85,2124,,4,0,0,0,1388
2022-04-05 19:57:01 UTC,11342,38,2166,,0,0,0,0,1388
2022-04-05 20:57:01 UTC,11343,24,2190,,4,0,0,0,1388
2022-04-05 21:57:01 UTC,11344,,,2190,,,,,
2022-04-05 22:57:01 UTC,11345,12,12,,0,0,0,0,2209
2022-04-05 23:57:01 UTC,11346,7,19,,0,0,0,0,2209
2022-04-06 00:57:01 UTC,11347,0,19,,0,0,0,0,2209
2022-04-06 01:57:01 UTC,11348,0,19,,0,0,0,0,2209
2022-04-06 02:57:01 UTC,11349,2,21,,4,0,0,0,2209
2022-04-06 03:57:01 UTC,11350,4,25,,0,0,0,0,2209
2022-04-06 04:57:01 UTC,11351,23,48,,0,0,0,0,2209
2022-04-06 05:57:01 UTC,11352,70,118,,0,0,0,0,2209
2022-04-06 06:57:01 UTC,11353,154,272,,4,0,0,0,2209
2022-04-06 07:57:01 UTC,11354,127,443,,0,0,0,0,2209
2022-04-06 08:57:01 UTC,11355,74,517,,0,0,0,0,2209
2022-04-06 09:57:01 UTC,11356,79,596,,0,0,0,0,2209
2022-04-06 10:57:01 UTC,11357,64,660,,4,0,0,0,2209
2022-04-06 11:57:01 UTC,11358,58,730,,0,0,0,0,2209
2022-04-06 12:57:01 UTC,11359,43,773,,0,0,0,0,2209
2022-04-06 13:57:01 UTC,11360,28,801,,0,0,0,0,2209
2022-04-06 14:57:01 UTC,11361,30,831,,4,0,0,0,2209
2022-04-06 15:57:01 UTC,11362,76,910,,0,0,0,0,2209
2022-04-06 16:57:01 UTC,11363,124,1034,,0,0,0,0,2209
2022-04-06 17:57:01 UTC,11364,114,1148,,0,0,0,0,2209
2022-04-06 18:57:01 UTC,11365,81,1229,,4,0,0,0,2209
2022-04-06 19:57:01 UTC,11366,39,1278,,0,0,0,0,2209
2022-04-06 20:57:01 UTC,11367,20,1298,,4,0,0,0,2209
2022-04-06 21:57:01 UTC,11368,,,1298,,,,,
2022-04-06 22:57:01 UTC,11369,9,9,,0,0,0,0,1314
2022-04-06 23:57:01 UTC,11370,3,12,,0,0,0,0,1314
2022-04-07 00:57:01 UTC,11371,0,12,,0,0,0,0,1314
2022-04-07 01:57:01 UTC,11372,1,13,,0,0,0,0,1314
2022-04-07 02:57:01 UTC,11373,1,14,,4,0,0,0,1314
2022-04-07 03:57:01 UTC,11374,3,17,,0,0,0,0,1314
2022-04-07 04:57:01 UTC,11375,21,38,,0,0,0,0,1314
2022-04-07 05:57:01 UTC,11376,95,133,,0,0,0,0,1314
2022-04-07 06:57:01 UTC,11377,187,320,,4,0,0,0,1314
2022-04-07 07:57:01 UTC,11378,188,565,,0,0,0,0,1314
2022-04-07 08:57:01 UTC,11379,112,677,,0,0,0,0,1314
2022-04-07 09:57:01 UTC,11380,129,806,,0,0,0,0,1314
2022-04-07 10:57:01 UTC,11381,102,908,,4,0,0,0,1314
2022-04-07 11:57:01 UTC,11382,80,998,,0,0,0,0,1314
2022-04-07 12:57:01 UTC,11383,99,1097,,0,0,0,0,1314
2022-04-07 13:57:01 UTC,11384,102,1199,,0,0,0,0,1314
2022-04-07 14:57:01 UTC,11385,94,1293,,4,0,0,0,1314
2022-04-07 15:57:01 UTC,11386,133,1435,,0,0,0,0,1314
2022-04-07 16:57:01 UTC,11387,124,1559,,0,0,0,0,1314
2022-04-07 17:57:01 UTC,11388,156,1715,,0,0,0,0,1314
2022-04-07 18:57:01 UTC,11389,131,1846,,4,0,0,0,1314
2022-04-07 19:57:01 UTC,11390,62,1918,,0,0,0,0,1314
2022-04-07 20:57:01 UTC,11391,31,1949,,4,0,0,0,1314
2022-04-07 21:57:01 UTC,11392,,,1949,,,,,
2022-04-07 22:57:01 UTC,11393,23,23,,0,0,0,0,1984
2022-04-07 23:57:01 UTC,11394,8,31,,0,0,0,0,1984
2022-04-08 00:57:01 UTC,11395,2,33,,0,0,0,0,1984
2022-04-08 01:57:01 UTC,11396,2,35,,0,0,0,0,1984
2022-04-08 02:57:01 UTC,11397,8,43,,4,0,0,0,1984
2022-04-08 03:57:01 UTC,11398,9,52,,0,0,0,0,1984
2022-04-08 04:57:01 UTC,11399,32,84,,0,0,0,0,1984
2022-04-08 05:57:01 UTC,11400,107,191,,0,0,0,0,1984
2022-04-08 06:57:01 UTC,11401,186,377,,3.9,0,0,0,1984
2022-04-08 07:57:01 UTC,11402,156,567,,0,0,0,0,1984
2022-04-08 08:57:01 UTC,11403,86,653,,0,0,0,0,1984
2022-04-08 09:57:01 UTC,11404,43,696,,0,0,0,0,1984
2022-04-08 10:57:01 UTC,11405,42,738,,4,0,0,0,1984
2022-04-08 11:57:01 UTC,11406,73,814,,0,0,0,0,1984
2022-04-08 12:57:01 UTC,11407,38,852,,0,0,0,0,1984
2022-04-08 13:57:01 UTC,11408,62,914,,0,0,0,0,1984
2022-04-08 14:57:01 UTC,11409,95,1009,,4,0,0,0,1984
2022-04-08 15:57:01 UTC,11410,81,1099,,0,0,0,0,1984
2022-04-08 16:57:01 UTC,11411,52,1151,,0,0,0,0,1984
2022-04-08 17:57:01 UTC,11412,98,1249,,0,0,0,0,1984
2022-04-08 18:57:01 UTC,11413,69,1318,,4,0,0,0,1984
2022-04-08 19:57:01 UTC,11414,39,1361,,0,0,0,0,1984
2022-04-08 20:57:01 UTC,11415,31,1392,,4,0,0,0,1984
2022-04-08 21:57:01 UTC,11416,,,1392,,,,,
2022-04-08 22:57:01 UTC,11417,22,22,,0,0,0,0,1426
2022-04-08 23:57:01 UTC,11418,13,35,,0,0,0,0,1426
2022-04-09 00:57:01 UTC,11419,12,47,,0,0,0,0,1426
2022-04-09 01:57:01 UTC,11420,3,50,,0,0,0,0,1426
2022-04-09 02:57:01 UTC,11421,5,55,,4,0,0,0,1426
2022-04-09 03:57:01 UTC,11422,9,64,,0,0,0,0,1426
2022-04-09 04:57:01 UTC,11423,12,76,,0,0,0,0,1426
2022-04-09 05:57:01 UTC,11424,30,106,,0,0,0,0,1426
2022-04-09 06:57:01 UTC,11425,59,165,,4,0,0,0,1426
2022-04-09 07:57:01 UTC,11426,67,242,,0,0,0,0,1426
2022-04-09 08:57:01 UTC,11427,61,303,,0,0,0,0,1426
2022-04-09 09:57:01 UTC,11428,56,359,,0,0,0,0,1426
2022-04-09 10:57:01 UTC,11429,31,390,,4,0,0,0,1426
2022-04-09 11:57:01 UTC,11430,51,449,,0,0,0,0,1426
2022-04-09 12:57:01 UTC,11431,45,494,,0,0,0,0,1426
2022-04-09 13:57:01 UTC,11432,50,544,,0,0,0,0,1426
2022-04-09 14:57:01 UTC,11433,51,595,,4,0,0,0,1426
2022-04-09 15:57:01 UTC,11434,54,653,,0,0,0,0,1426
2022-04-09 16:57:01 UTC,11435,55,708,,0,0,0,0,1426
2022-04-09 17:57:01 UTC,11436,58,766,,0,0,0,0,1426
2022-04-09 18:57:01 UTC,11437,52,818,,4,0,0,0,1426
2022-04-09 19:57:01 UTC,11438,30,854,,0,0,0,0,1426
2022-04-09 20:57:01 UTC,11439,28,882,,4,0,0,0,1426
2022-04-09 21:57:01 UTC,11440,,,882,,,,,
2022-04-09 22:57:01 UTC,11441,24,24,,0,0,0,0,898
2022-04-09 23:57:01 UTC,11442,21,45,,0,0,0,0,898
2022-04-10 00:57:01 UTC,11443,3,48,,0,0,0,0,898
2022-04-10 01:57:01 UTC,11444,7,55,,0,0,0,0,898
2022-04-10 02:57:01 UTC,11445,7,62,,4,0,0,0,898
2022-04-10 03:57:01 UTC,11446,2,65,,0,0,0,0,898
2022-04-10 04:57:01 UTC,11447,8,73,,0,0,0,0,898
2022-04-10 05:57:01 UTC,11448,22,95,,0,0,0,0,898
2022-04-10 06:57:01 UTC,11449,51,146,,4,0,0,0,898
2022-04-10 07:57:01 UTC,11450,98,256,,0,0,0,0,898
2022-04-10 08:57:01 UTC,11451,146,402,,0,0,0,0,898
2022-04-10 09:57:01 UTC,11452,161,563,,0,0,0,0,898
2022-04-10 10:57:01 UTC,11453,164,727,,4,0,0,0,898
2022-04-10 11:57:01 UTC,11454,174,927,,0,0,0,0,898
2022-04-10 12:57:01 UTC,11455,79,1006,,0,0,0,0,898
2022-04-10 13:57:01 UTC,11456,128,1134,,0,0,0,0,898
2022-04-10 14:57:01 UTC,11457,159,1293,,4,0,0,0,898
2022-04-10 15:57:01 UTC,11458,179,1491,,0,0,0,0,898
2022-04-10 16:57:01 UTC,11459,95,1586,,0,0,0,0,898
2022-04-10 17:57:01 UTC,11460,71,1657,,0,0,0,0,898
2022-04-10 18:57:01 UTC,11461,55,1712,,4,0,0,0,898
2022-04-10 19:57:01 UTC,11462,23,1741,,0,0,0,0,898
2022-04-10 20:57:01 UTC,11463,18,1759,,4,0,0,0,898
2022-04-10 21:57:01 UTC,11464,,,1759,,,,,
