created_at,entry_id,field1,field2,field3,field4,field5,field6,field7,field8
2022-12-01 00:57:01 UTC,17016,3,17,,0,0,0,0,2220
2022-12-01 01:57:01 UTC,17017,2,19,,0,0,0,0,2220
2022-12-01 02:57:01 UTC,17018,1,20,,0,0,0,0,2220
2022-12-01 03:57:01 UTC,17019,0,20,,4,0,0,0,2220
2022-12-01 04:57:01 UTC,17020,8,28,,0,0,0,0,2220
2022-12-01 05:57:01 UTC,17021,27,55,,0,0,0,0,2220
2022-12-01 06:57:01 UTC,17022,91,146,,0,0,0,0,2220
2022-12-01 07:57:01 UTC,17023,171,317,,3.9,0,0,0,2220
2022-12-01 08:57:01 UTC,17024,151,528,,0,0,0,0,2220
2022-12-01 09:57:01 UTC,17025,105,633,,0,0,0,0,2220
2022-12-01 10:57:01 UTC,17026,101,734,,0,0,0,0,2220
2022-12-01 11:57:01 UTC,17027,100,834,,4,0,0,0,2220
2022-12-01 12:57:01 UTC,17028,132,983,,0,0,0,0,2220
2022-12-01 13:57:01 UTC,17029,126,1109,,0,0,0,0,2220
2022-12-01 14:57:01 UTC,17030,116,1225,,0,0,0,0,2220
2022-12-01 15:57:01 UTC,17031,137,1362,,4,0,0,0,2220
2022-12-01 16:57:01 UTC,17032,157,1536,,0,0,0,0,2220
2022-12-01 17:57:01 UTC,17033,190,1726,,0,0,0,0,2220
2022-12-01 18:57:01 UTC,17034,149,1875,,0,0,0,0,2220
2022-12-01 19:57:01 UTC,17035,90,1965,,4,0,0,0,2220
2022-12-01 20:57:01 UTC,17036,47,2021,,0,0,0,0,2220
2022-12-01 21:57:01 UTC,17037,30,2051,,3.9,0,0,0,2220
2022-12-01 22:57:01 UTC,17038,,,2051,,,,,
2022-12-01 23:57:01 UTC,17039,10,10,,0,0,0,0,2082
2022-12-02 00:57:01 UTC,17040,4,14,,0,0,0,0,2082
2022-12-02 01:57:01 UTC,17041,3,17,,0,0,0,0,2082
2022-12-02 02:57:01 UTC,17042,0,17,,0,0,0,0,2082
2022-12-02 03:57:01 UTC,17043,2,19,,4,0,0,0,2082
2022-12-02 04:57:01 UTC,17044,6,26,,0,0,0,0,2082
2022-12-02 05:57:01 UTC,17045,20,46,,0,0,0,0,2082
2022-12-02 06:57:01 UTC,17046,84,130,,0,0,0,0,2082
2022-12-02 07:57:01 UTC,17047,172,302,,4,0,0,0,2082
2022-12-02 08:57:01 UTC,17048,152,491,,0,0,0,0,2082
2022-12-02 09:57:01 UTC,17049,96,587,,0,0,0,0,2082
2022-12-02 10:57:01 UTC,17050,61,648,,0,0,0,0,2082
2022-12-02 11:57:01 UTC,17051,96,744,,4,0,0,0,2082
2022-12-02 12:57:01 UTC,17052,142,899,,0,0,0,0,2082
2022-12-02 13:57:01 UTC,17053,128,1027,,0,0,0,0,2082
2022-12-02 14:57:01 UTC,17054,70,1097,,0,0,0,0,2082
2022-12-02 15:57:01 UTC,17055,72,1169,,4,0,0,0,2082
2022-12-02 16:57:01 UTC,17056,77,1258,,0,0,0,0,2082
2022-12-02 17:57:01 UTC,17057,97,1355,,0,0,0,0,2082
2022-12-02 18:57:01 UTC,17058,85,1440,,0,0,0,0,2082
2022-12-02 19:57:01 UTC,17059,66,1506,,4,0,0,0,2082
2022-12-02 20:57:01 UTC,17060,15,1527,,0,0,0,0,2082
2022-12-02 21:57:01 UTC,17061,35,1562,,4,0,0,0,2082
2022-12-02 22:57:01 UTC,17062,,,1562,,,,,
2022-12-02 23:57:01 UTC,17063,11,11,,0,0,0,0,1591
2022-12-03 00:57:01 UTC,17064,9,20,,0,0,0,0,1591
2022-12-03 01:57:01 UTC,17065,2,22,,0,0,0,0,1591
2022-12-03 02:57:01 UTC,17066,6,28,,0,0,0,0,1591
2022-12-03 03:57:01 UTC,17067,3,31,,4,0,0,0,1591
2022-12-03 04:57:01 UTC,17068,1,33,,0,0,0,0,1591
2022-12-03 05:57:01 UTC,17069,3,36,,0,0,0,0,1591
2022-12-03 06:57:01 UTC,17070,11,47,,0,0,0,0,1591
2022-12-03 07:57:01 UTC,17071,10,57,,4,0,0,0,1591
2022-12-03 08:57:01 UTC,17072,8,67,,0,0,0,0,1591
2022-12-03 09:57:01 UTC,17073,20,87,,0,0,0,0,1591
2022-12-03 10:57:01 UTC,17074,15,102,,0,0,0,0,1591
2022-12-03 11:57:01 UTC,17075,13,115,,4,0,0,0,1591
2022-12-03 12:57:01 UTC,17076,38,157,,0,0,0,0,1591
2022-12-03 13:57:01 UTC,17077,43,200,,0,0,0,0,1591
2022-12-03 14:57:01 UTC,17078,35,235,,0,0,0,0,1591
2022-12-03 15:57:01 UTC,17079,50,285,,4,0,0,0,1591
2022-12-03 16:57:01 UTC,17080,60,351,,0,0,0,0,1591
2022-12-03 17:57:01 UTC,17081,46,397,,0,0,0,0,1591
2022-12-03 18:57:01 UTC,17082,45,442,,0,0,0,0,1591
2022-12-03 19:57:01 UTC,17083,37,479,,4,0,0,0,1591
2022-12-03 20:57:01 UTC,17084,11,493,,0,0,0,0,1591
2022-12-03 21:57:01 UTC,17085,8,501,,4,0,0,0,1591
2022-12-03 22:57:01 UTC,17086,,,501,,,,,
2022-12-03 23:57:01 UTC,17087,5,5,,0,0,0,0,509
2022-12-04 00:57:01 UTC,17088,5,10,,0,0,0,0,509
2022-12-04 01:57:01 UTC,17089,4,14,,0,0,0,0,509
2022-12-04 02:57:01 UTC,17090,0,14,,0,0,0,0,509
2022-12-04 03:57:01 UTC,17091,1,15,,4,0,0,0,509
2022-12-04 04:57:01 UTC,17092,2,20,,0,0,0,0,509
2022-12-04 05:57:01 UTC,17093,5,25,,0,0,0,0,509
2022-12-04 06:57:01 UTC,17094,11,36,,0,0,0,0,509
2022-12-04 07:57:01 UTC,17095,40,76,,4,0,0,0,509
2022-12-04 08:57:01 UTC,17096,70,158,,0,0,0,0,509
2022-12-04 09:57:01 UTC,17097,126,284,,0,0,0,0,509
2022-12-04 10:57:01 UTC,17098,164,448,,0,0,0,0,509
2022-12-04 11:57:01 UTC,17099,114,562,,4,0,0,0,509
2022-12-04 12:57:01 UTC,17100,30,597,,0,0,0,0,509
2022-12-04 13:57:01 UTC,17101,26,623,,0,0,0,0,509
2022-12-04 14:57:01 UTC,17102,55,678,,0,0,0,0,509
2022-12-04 15:57:01 UTC,17103,60,738,,4,0,0,0,509
2022-12-04 16:57:01 UTC,17104,61,811,,0,0,0,0,509
2022-12-04 17:57:01 UTC,17105,63,874,,0,0,0,0,509
2022-12-04 18:57:01 UTC,17106,53,927,,0,0,0,0,509
2022-12-04 19:57:01 UTC,17107,51,978,,4,0,0,0,509
2022-12-04 20:57:01 UTC,17108,20,1005,,0,0,0,0,509
2022-12-04 21:57:01 UTC,17109,23,1028,,4,0,0,0,509
2022-12-04 22:57:01 UTC,17110,,,1028,,,,,
2022-12-04 23:57:01 UTC,17111,5,5,,0,0,0,0,1037
2022-12-05 00:57:01 UTC,17112,4,9,,0,0,0,0,1037
2022-12-05 01:57:01 UTC,17113,1,10,,0,0,0,0,1037
2022-12-05 02:57:01 UTC,17114,1,11,,0,0,0,0,1037
2022-12-05 03:57:01 UTC,17115,1,12,,4,0,0,0,1037
2022-12-05 04:57:01 UTC,17116,5,18,,0,0,0,0,1037
2022-12-05 05:57:01 UTC,17117,32,50,,0,0,0,0,1037
2022-12-05 06:57:01 UTC,17118,87,137,,0,0,0,0,1037
2022-12-05 07:57:01 UTC,17119,198,335,,4,0,0,0,1037
2022-12-05 08:57:01 UTC,17120,140,520,,0,0,0,0,1037
2022-12-05 09:57:01 UTC,17121,103,623,,0,0,0,0,1037
2022-12-05 10:57:01 UTC,17122,79,702,,0,0,0,0,1037
2022-12-05 11:57:01 UTC,17123,94,796,,4,0,0,0,1037
2022-12-05 12:57:01 UTC,17124,118,928,,0,0,0,0,1037
2022-12-05 13:57:01 UTC,17125,126,1054,,0,0,0,0,1037
2022-12-05 14:57:01 UTC,17126,103,1157,,0,0,0,0,1037
2022-12-05 15:57:01 UTC,17127,130,1287,,4,0,0,0,1037
2022-12-05 16:57:01 UTC,17128,159,1462,,0,0,0,0,1037
2022-12-05 17:57:01 UTC,17129,189,1651,,0,0,0,0,1037
2022-12-05 18:57:01 UTC,17130,179,1830,,0,0,0,0,1037
2022-12-05 19:57:01 UTC,17131,100,1930,,4,0,0,0,1037
2022-12-05 20:57:01 UTC,17132,50,1986,,0,0,0,0,1037
2022-12-05 21:57:01 UTC,17133,29,2015,,4,0,0,0,1037
2022-12-05 22:57:01 UTC,17134,,,2015,,,,,
2022-12-05 23:57:01 UTC,17135,14,14,,0,0,0,0,2045
2022-12-06 00:57:01 UTC,17136,6,20,,0,0,0,0,2045
2022-12-06 01:57:01 UTC,17137,3,23,,0,0,0,0,2045
2022-12-06 02:57:01 UTC,17138,3,26,,0,0,0,0,2045
2022-12-06 03:57:01 UTC,17139,1,27,,4,0,0,0,2045
2022-12-06 04:57:01 UTC,17140,8,36,,0,0,0,0,2045
2022-12-06 05:57:01 UTC,17141,30,66,,0,0,0,0,2045
2022-12-06 06:57:01 UTC,17142,106,172,,0,0,0,0,2045
2022-12-06 07:57:01 UTC,17143,220,392,,4,0,0,0,2045
2022-12-06 08:57:01 UTC,17144,162,599,,0,0,0,0,2045
2022-12-06 09:57:01 UTC,17145,104,703,,0,0,0,0,2045
2022-12-06 10:57:01 UTC,17146,113,816,,0,0,0,0,2045
2022-12-06 11:57:01 UTC,17147,101,917,,4,0,0,0,2045
2022-12-06 12:57:01 UTC,17148,138,1063,,0,0,0,0,2045
2022-12-06 13:57:01 UTC,17149,121,1184,,0,0,0,0,2045
2022-12-06 14:57:01 UTC,17150,129,1313,,0,0,0,0,2045
2022-12-06 15:57:01 UTC,17151,158,1471,,4,0,0,0,2045
2022-12-06 16:57:01 UTC,17152,148,1640,,0,0,0,0,2045
2022-12-06 17:57:01 UTC,17153,191,1831,,0,0,0,0,2045
2022-12-06 18:57:01 UTC,17154,178,2009,,0,0,0,0,2045
2022-12-06 19:57:01 UTC,17155,97,2106,,4,0,0,0,2045
2022-12-06 20:57:01 UTC,17156,44,2155,,0,0,0,0,2045
2022-12-06 21:57:01 UTC,17157,33,2188,,4,0,0,0,2045
2022-12-06 22:57:01 UTC,17158,,,2188,,,,,
2022-12-06 23:57:01 UTC,17159,14,14,,0,0,0,0,2217
2022-12-07 00:57:01 UTC,17160,3,17,,0,0,0,0,2217
2022-12-07 01:57:01 UTC,17161,7,24,,0,0,0,0,2217
2022-12-07 02:57:01 UTC,17162,1,25,,0,0,0,0,2217
2022-12-07 03:57:01 UTC,17163,1,26,,4,0,0,0,2217
2022-12-07 04:57:01 UTC,17164,6,33,,0,0,0,0,2217
2022-12-07 05:57:01 UTC,17165,27,60,,0,0,0,0,2217
2022-12-07 06:57:01 UTC,17166,88,148,,0,0,0,0,2217
2022-12-07 07:57:01 UTC,17167,168,316,,4,0,0,0,2217
2022-12-07 08:57:01 UTC,17168,161,520,,0,0,0,0,2217
2022-12-07 09:57:01 UTC,17169,125,645,,0,0,0,0,2217
2022-12-07 10:57:01 UTC,17170,95,740,,0,0,0,0,2217
2022-12-07 11:57:01 UTC,17171,109,849,,4,0,0,0,2217
2022-12-07 12:57:01 UTC,17172,146,1006,,0,0,0,0,2217
2022-12-07 13:57:01 UTC,17173,120,1126,,0,0,0,0,2217
2022-12-07 14:57:01 UTC,17174,104,1230,,0,0,0,0,2217
2022-12-07 15:57:01 UTC,17175,114,1344,,4,0,0,0,2217
2022-12-07 16:57:01 UTC,17176,149,1509,,0,0,0,0,2217
2022-12-07 17:57:01 UTC,17177,152,1661,,0,0,0,0,2217
2022-12-07 18:57:01 UTC,17178,111,1772,,0,0,0,0,2217
2022-12-07 19:57:01 UTC,17179,86,1858,,4,0,0,0,2217
2022-12-07 20:57:01 UTC,17180,41,1908,,0,0,0,0,2217
2022-12-07 21:57:01 UTC,17181,25,1933,,4,0,0,0,2217
2022-12-07 22:57:01 UTC,17182,,,1933,,,,,
2022-12-07 23:57:01 UTC,17183,14,14,,0,0,0,0,1961
2022-12-08 00:57:01 UTC,17184,7,21,,0,0,0,0,1961
2022-12-08 01:57:01 UTC,17185,5,26,,0,0,0,0,1961
2022-12-08 02:57:01 UTC,17186,0,26,,0,0,0,0,1961
2022-12-08 03:57:01 UTC,17187,6,32,,4,0,0,0,1961
2022-12-08 04:57:01 UTC,17188,3,37,,0,0,0,0,1961
2022-12-08 05:57:01 UTC,17189,8,45,,0,0,0,0,1961
2022-12-08 06:57:01 UTC,17190,17,62,,0,0,0,0,1961
2022-12-08 07:57:01 UTC,17191,51,113,,4,0,0,0,1961
2022-12-08 08:57:01 UTC,17192,92,216,,0,0,0,0,1961
2022-12-08 09:57:01 UTC,17193,109,325,,0,0,0,0,1961
2022-12-08 10:57:01 UTC,17194,92,417,,0,0,0,0,1961
2022-12-08 11:57:01 UTC,17195,86,503,,4,0,0,0,1961
2022-12-08 12:57:01 UTC,17196,74,585,,0,0,0,0,1961
2022-12-08 13:57:01 UTC,17197,55,640,,0,0,0,0,1961
2022-12-08 14:57:01 UTC,17198,59,699,,0,0,0,0,1961
2022-12-08 15:57:01 UTC,17199,78,777,,4,0,0,0,1961
2022-12-08 16:57:01 UTC,17200,83,866,,0,0,0,0,1961
2022-12-08 17:57:01 UTC,17201,72,938,,0,0,0,0,1961
2022-12-08 18:57:01 UTC,17202,65,1003,,0,0,0,0,1961
2022-12-08 19:57:01 UTC,17203,48,1051,,4,0,0,0,1961
2022-12-08 20:57:01 UTC,17204,23,1082,,0,0,0,0,1961
2022-12-08 21:57:01 UTC,17205,26,1108,,4,0,0,0,1961
2022-12-08 22:57:01 UTC,17206,,,1108,,,,,
2022-12-08 23:57:01 UTC,17207,20,20,,0,0,0,0,1131
2022-12-09 00:57:01 UTC,17208,9,29,,0,0,0,0,1131
2022-12-09 01:57:01 UTC,17209,5,34,,0,0,0,0,1131
2022-12-09 02:57:01 UTC,17210,1,35,,0,0,0,0,1131
2022-12-09 03:57:01 UTC,17211,1,36,,4,0,0,0,1131
2022-12-09 04:57:01 UTC,17212,2,39,,0,0,0,0,1131
2022-12-09 05:57:01 UTC,17213,9,48,,0,0,0,0,1131
2022-12-09 06:57:01 UTC,17214,50,98,,0,0,0,0,1131
2022-12-09 07:57:01 UTC,17215,85,183,,4,0,0,0,1131
2022-12-09 08:57:01 UTC,17216,84,285,,0,0,0,0,1131
2022-12-09 09:57:01 UTC,17217,74,359,,0,0,0,0,1131
2022-12-09 10:57:01 UTC,17218,43,402,,0,0,0,0,1131
2022-12-09 11:57:01 UTC,17219,56,458,,4,0,0,0,1131
2022-12-09 12:57:01 UTC,17220,47,513,,0,0,0,0,1131
2022-12-09 13:57:01 UTC,17221,58,571,,0,0,0,0,1131
2022-12-09 14:57:01 UTC,17222,39,610,,0,0,0,0,1131
2022-12-09 15:57:01 UTC,17223,38,648,,4,0,0,0,1131
2022-12-09 16:57:01 UTC,17224,53,710,,0,0,0,0,1131
2022-12-09 17:57:01 UTC,17225,55,765,,0,0,0,0,1131
2022-12-09 18:57:01 UTC,17226,62,827,,0,0,0,0,1131
2022-12-09 19:57:01 UTC,17227,30,857,,4,0,0,0,1131
2022-12-09 20:57:01 UTC,17228,29,891,,0,0,0,0,1131
2022-12-09 21:57:01 UTC,17229,15,906,,4,0,0,0,1131
2022-12-09 22:57:01 UTC,17230,,,906,,,,,
2022-12-09 23:57:01 UTC,17231,13,13,,0,0,0,0,925
2022-12-10 00:57:01 UTC,17232,4,17,,0,0,0,0,925
2022-12-10 01:57:01 UTC,17233,8,25,,0,0,0,0,925
2022-12-10 02:57:01 UTC,17234,2,27,,0,0,0,0,925
2022-12-10 03:57:01 UTC,17235,2,29,,4,0,0,0,925
2022-12-10 04:57:01 UTC,17236,2,31,,0,0,0,0,925
2022-12-10 05:57:01 UTC,17237,5,36,,0,0,0,0,925
2022-12-10 06:57:01 UTC,17238,11,47,,0,0,0,0,925
2022-12-10 07:57:01 UTC,17239,15,62,,4,0,0,0,925
2022-12-10 08:57:01 UTC,17240,14,78,,0,0,0,0,925
2022-12-10 09:57:01 UTC,17241,25,103,,0,0,0,0,925
2022-12-10 10:57:01 UTC,17242,24,127,,0,0,0,0,925
2022-12-10 11:57:01 UTC,17243,43,170,,4,0,0,0,925
2022-12-10 12:57:01 UTC,17244,26,198,,0,0,0,0,925
2022-12-10 13:57:01 UTC,17245,16,214,,0,0,0,0,925
2022-12-10 14:57:01 UTC,17246,12,226,,0,0,0,0,925
2022-12-10 15:57:01 UTC,17247,35,261,,4,0,0,0,925
2022-12-10 16:57:01 UTC,17248,43,307,,0,0,0,0,925
2022-12-10 17:57:01 UTC,17249,34,341,,0,0,0,0,925
2022-12-10 18:57:01 UTC,17250,30,371,,0,0,0,0,925
2022-12-10 19:57:01 UTC,17251,49,420,,4,0,0,0,925
2022-12-10 20:57:01 UTC,17252,29,451,,0,0,0,0,925
2022-12-10 21:57:01 UTC,17253,21,472,,4,0,0,0,925
2022-12-10 22:57:01 UTC,17254,,,472,,,,,
