created_at,entry_id,field1,field2,field3,field4,field5,field6,field7,field8
2022-08-01 00:57:01 UTC,14120,1,15,,0,0,0,0,745
2022-08-01 01:57:01 UTC,14121,1,16,,0,0,0,0,745
2022-08-01 02:57:01 UTC,14122,1,17,,4,0,0,0,745
2022-08-01 03:57:01 UTC,14123,4,21,,0,0,0,0,745
2022-08-01 04:57:01 UTC,14124,13,34,,0,0,0,0,745
2022-08-01 05:57:01 UTC,14125,21,55,,0,0,0,0,745
2022-08-01 06:57:01 UTC,14126,26,81,,4,0,0,0,745
2022-08-01 07:57:01 UTC,14127,0,86,,0,0,0,0,745
2022-08-01 08:57:01 UTC,14128,13,99,,0,0,0,0,745
2022-08-01 09:57:01 UTC,14129,43,142,,0,0,0,0,745
2022-08-01 10:57:01 UTC,14130,63,205,,4,0,0,0,745
2022-08-01 11:57:01 UTC,14131,75,280,,0,0,0,0,745
2022-08-01 12:57:01 UTC,14132,72,352,,0,0,0,0,745
2022-08-01 13:57:01 UTC,14133,76,428,,0,0,0,0,745
2022-08-01 14:57:01 UTC,14134,83,511,,0,0,0,0,745
2022-08-01 15:57:01 UTC,14135,87,598,,0,0,0,0,745
2022-08-01 16:57:01 UTC,14136,149,747,,0,0,0,0,745
2022-08-01 17:57:01 UTC,14137,140,887,,0,0,0,0,745
2022-08-01 18:57:01 UTC,14138,108,995,,4,0,0,0,745
2022-08-01 19:57:01 UTC,14139,57,1052,,0,0,0,0,745
2022-08-01 20:57:01 UTC,14140,29,1081,,4,0,0,0,745
2022-08-01 21:57:01 UTC,14141,,,1081,,,,,
2022-08-01 22:57:01 UTC,14142,3,3,,0,0,0,0,1095
2022-08-01 23:57:01 UTC,14143,4,7,,0,0,0,0,1095
2022-08-02 00:57:01 UTC,14144,1,8,,0,0,0,0,1095
2022-08-02 01:57:01 UTC,14145,0,8,,0,0,0,0,1095
2022-08-02 02:57:01 UTC,14146,0,8,,4,0,0,0,1095
2022-08-02 03:57:01 UTC,14147,7,15,,0,0,0,0,1095
2022-08-02 04:57:01 UTC,14148,14,29,,0,0,0,0,1095
2022-08-02 05:57:01 UTC,14149,9,38,,0,0,0,0,1095
2022-08-02 06:57:01 UTC,14150,19,57,,4,0,0,0,1095
2022-08-02 07:57:01 UTC,14151,38,97,,0,0,0,0,1095
2022-08-02 08:57:01 UTC,14152,35,132,,0,0,0,0,1095
2022-08-02 09:57:01 UTC,14153,51,183,,0,0,0,0,1095
2022-08-02 10:57:01 UTC,14154,47,230,,4,0,0,0,1095
2022-08-02 11:57:01 UTC,14155,83,314,,0,0,0,0,1095
2022-08-02 12:57:01 UTC,14156,92,406,,0,0,0,0,1095
2022-08-02 13:57:01 UTC,14157,96,502,,0,0,0,0,1095
2022-08-02 14:57:01 UTC,14158,129,631,,0,0,0,0,1095
2022-08-02 15:57:01 UTC,14159,130,761,,0,0,0,0,1095
2022-08-02 16:57:01 UTC,14160,130,891,,0,0,0,0,1095
2022-08-02 17:57:01 UTC,14161,150,1041,,0,0,0,0,1095
2022-08-02 18:57:01 UTC,14162,106,1147,,4,0,0,0,1095
2022-08-02 19:57:01 UTC,14163,35,1182,,0,0,0,0,1095
2022-08-02 20:57:01 UTC,14164,19,1201,,4,0,0,0,1095
2022-08-02 21:57:01 UTC,14165,,,1201,,,,,
2022-08-02 22:57:01 UTC,14166,5,5,,0,0,0,0,1228
2022-08-02 23:57:01 UTC,14167,0,5,,0,0,0,0,1228
2022-08-03 00:57:01 UTC,14168,2,7,,0,0,0,0,1228
2022-08-03 01:57:01 UTC,14169,1,8,,0,0,0,0,1228
2022-08-03 02:57:01 UTC,14170,0,8,,4,0,0,0,1228
2022-08-03 03:57:01 UTC,14171,5,13,,0,0,0,0,1228
2022-08-03 04:57:01 UTC,14172,11,24,,0,0,0,0,1228
2022-08-03 05:57:01 UTC,14173,13,37,,0,0,0,0,1228
2022-08-03 06:57:01 UTC,14174,17,54,,4,0,0,0,1228
2022-08-03 07:57:01 UTC,14175,33,88,,0,0,0,0,1228
2022-08-03 08:57:01 UTC,14176,41,129,,0,0,0,0,1228
2022-08-03 09:57:01 UTC,14177,45,174,,0,0,0,0,1228
2022-08-03 10:57:01 UTC,14178,43,217,,4,0,0,0,1228
2022-08-03 11:57:01 UTC,14179,88,305,,0,0,0,0,1228
2022-08-03 12:57:01 UTC,14180,70,375,,0,0,0,0,1228
2022-08-03 13:57:01 UTC,14181,71,446,,0,0,0,0,1228
2022-08-03 14:57:01 UTC,14182,109,555,,0,0,0,0,1228
2022-08-03 15:57:01 UTC,14183,109,664,,0,0,0,0,1228
2022-08-03 16:57:01 UTC,14184,134,798,,0,0,0,0,1228
2022-08-03 17:57:01 UTC,14185,119,917,,0,0,0,0,1228
2022-08-03 18:57:01 UTC,14186,74,991,,4,0,0,0,1228
2022-08-03 19:57:01 UTC,14187,35,1026,,0,0,0,0,1228
2022-08-03 20:57:01 UTC,14188,18,1044,,4,0,0,0,1228
2022-08-03 21:57:01 UTC,14189,,,1044,,,,,
2022-08-03 22:57:01 UTC,14190,6,6,,0,0,0,0,1052
2022-08-03 23:57:01 UTC,14191,5,11,,0,0,0,0,1052
2022-08-04 00:57:01 UTC,14192,1,12,,0,0,0,0,1052
2022-08-04 01:57:01 UTC,14193,1,13,,0,0,0,0,1052
2022-08-04 02:57:01 UTC,14194,0,13,,4,0,0,0,1052
2022-08-04 03:57:01 UTC,14195,4,17,,0,0,0,0,1052
2022-08-04 04:57:01 UTC,14196,9,26,,0,0,0,0,1052
2022-08-04 05:57:01 UTC,14197,13,39,,0,0,0,0,1052
2022-08-04 06:57:01 UTC,14198,13,52,,4,0,0,0,1052
2022-08-04 07:57:01 UTC,14199,21,74,,0,0,0,0,1052
2022-08-04 08:57:01 UTC,14200,28,102,,0,0,0,0,1052
2022-08-04 09:57:01 UTC,14201,29,131,,0,0,0,0,1052
2022-08-04 10:57:01 UTC,14202,44,175,,4,0,0,0,1052
2022-08-04 11:57:01 UTC,14203,97,272,,0,0,0,0,1052
2022-08-04 12:57:01 UTC,14204,75,347,,0,0,0,0,1052
2022-08-04 13:57:01 UTC,14205,92,439,,0,0,0,0,1052
2022-08-04 14:57:01 UTC,14206,119,558,,0,0,0,0,1052
2022-08-04 15:57:01 UTC,14207,160,718,,0,0,0,0,1052
2022-08-04 16:57:01 UTC,14208,153,871,,0,0,0,0,1052
2022-08-04 17:57:01 UTC,14209,117,988,,0,0,0,0,1052
2022-08-04 18:57:01 UTC,14210,72,1060,,4,0,0,0,1052
2022-08-04 19:57:01 UTC,14211,39,1099,,0,0,0,0,1052
2022-08-04 20:57:01 UTC,14212,8,1107,,4,0,0,0,1052
2022-08-04 21:57:01 UTC,14213,,,1107,,,,,
2022-08-04 22:57:01 UTC,14214,5,5,,0,0,0,0,1117
2022-08-04 23:57:01 UTC,14215,1,6,,0,0,0,0,1117
2022-08-05 00:57:01 UTC,14216,0,6,,0,0,0,0,1117
2022-08-05 01:57:01 UTC,14217,1,7,,0,0,0,0,1117
2022-08-05 02:57:01 UTC,14218,0,7,,4,0,0,0,1117
2022-08-05 03:57:01 UTC,14219,4,11,,0,0,0,0,1117
2022-08-05 04:57:01 UTC,14220,10,21,,0,0,0,0,1117
2022-08-05 05:57:01 UTC,14221,18,39,,0,0,0,0,1117
2022-08-05 06:57:01 UTC,14222,14,53,,4,0,0,0,1117
2022-08-05 07:57:01 UTC,14223,13,68,,0,0,0,0,1117
2022-08-05 08:57:01 UTC,14224,43,111,,0,0,0,0,1117
2022-08-05 09:57:01 UTC,14225,36,147,,0,0,0,0,1117
2022-08-05 10:57:01 UTC,14226,52,199,,4,0,0,0,1117
2022-08-05 11:57:01 UTC,14227,69,270,,0,0,0,0,1117
2022-08-05 12:57:01 UTC,14228,75,345,,0,0,0,0,1117
2022-08-05 13:57:01 UTC,14229,132,477,,0,0,0,0,1117
2022-08-05 14:57:01 UTC,14230,93,570,,0,0,0,0,1117
2022-08-05 15:57:01 UTC,14231,48,618,,0,0,0,0,1117
2022-08-05 16:57:01 UTC,14232,796,1414,,0,0,0,0,1117
2022-08-05 17:57:01 UTC,14233,78,1492,,0,0,0,0,1117
2022-08-05 18:57:01 UTC,14234,63,1555,,4,0,0,0,1117
2022-08-05 19:57:01 UTC,14235,3,1558,,0,0,0,0,1117
2022-08-05 20:57:01 UTC,14236,9,1567,,4,0,0,0,1117
2022-08-05 21:57:01 UTC,14237,,,1567,,,,,
