created_at,entry_id,field1,field2,field3,field4,field5,field6,field7,field8
2023-02-01 23:57:01 UTC,18383,0,0,,0,0,0,0,0
2023-02-02 00:57:01 UTC,18384,0,0,,0,0,0,0,0
2023-02-02 01:57:01 UTC,18385,0,0,,0,0,0,0,0
2023-02-02 02:57:01 UTC,18386,0,0,,0,0,0,0,0
2023-02-02 03:57:01 UTC,18387,0,0,,3.9,0,0,0,0
2023-02-02 04:57:01 UTC,18388,0,0,,0,0,0,0,0
2023-02-02 05:57:01 UTC,18389,0,0,,0,0,0,0,0
2023-02-02 06:57:01 UTC,18390,0,0,,0,0,0,0,0
2023-02-02 07:57:01 UTC,18391,0,0,,3.9,0,0,0,0
2023-02-02 08:57:01 UTC,18392,0,0,,0,0,0,0,0
2023-02-02 09:57:01 UTC,18393,0,0,,0,0,0,0,0
2023-02-02 10:57:01 UTC,18394,0,0,,0,0,0,0,0
2023-02-02 11:57:01 UTC,18395,0,0,,3.9,0,0,0,0
2023-02-02 12:57:01 UTC,18396,0,0,,0,0,0,0,0
2023-02-02 13:57:01 UTC,18397,0,0,,0,0,0,0,0
2023-02-02 14:57:01 UTC,18398,0,0,,0,0,0,0,0
2023-02-02 15:57:01 UTC,18399,173,173,,4,0,0,0,0
2023-02-02 16:57:01 UTC,18400,155,359,,0,0,0,0,0
2023-02-02 17:57:01 UTC,18401,189,548,,0,0,0,0,0
2023-02-02 18:57:01 UTC,18402,147,695,,0,0,0,0,0
2023-02-02 19:57:01 UTC,18403,97,792,,3.9,0,0,0,0
2023-02-02 20:57:01 UTC,18404,34,838,,0,0,0,0,0
2023-02-02 21:57:01 UTC,18405,27,865,,3.9,0,0,0,0
2023-02-02 22:57:01 UTC,18406,,,865,,,,,
2023-02-02 23:57:01 UTC,18407,12,12,,0,0,0,0,890
2023-02-03 00:57:01 UTC,18408,4,16,,0,0,0,0,890
2023-02-03 01:57:01 UTC,18409,4,20,,0,0,0,0,890
2023-02-03 02:57:01 UTC,18410,0,20,,0,0,0,0,890
2023-02-03 03:57:01 UTC,18411,0,20,,3.9,0,0,0,890
2023-02-03 04:57:01 UTC,18412,3,24,,0,0,0,0,890
2023-02-03 05:57:01 UTC,18413,25,49,,0,0,0,0,890
2023-02-03 06:57:01 UTC,18414,68,117,,0,0,0,0,890
2023-02-03 07:57:01 UTC,18415,172,289,,3.9,0,0,0,890
2023-02-03 08:57:01 UTC,18416,131,472,,0,0,0,0,890
2023-02-03 09:57:01 UTC,18417,86,558,,0,0,0,0,890
2023-02-03 10:57:01 UTC,18418,82,640,,0,0,0,0,890
2023-02-03 11:57:01 UTC,18419,97,737,,4,0,0,0,890
2023-02-03 12:57:01 UTC,18420,125,884,,0,0,0,0,890
2023-02-03 13:57:01 UTC,18421,105,989,,0,0,0,0,890
2023-02-03 14:57:01 UTC,18422,127,1116,,0,0,0,0,890
2023-02-03 15:57:01 UTC,18423,142,1258,,4,0,0,0,890
2023-02-03 16:57:01 UTC,18424,147,1426,,0,0,0,0,890
2023-02-03 17:57:01 UTC,18425,157,1583,,0,0,0,0,890
2023-02-03 18:57:01 UTC,18426,113,1696,,0,0,0,0,890
2023-02-03 19:57:01 UTC,18427,56,1752,,3.9,0,0,0,890
2023-02-03 20:57:01 UTC,18428,32,1791,,0,0,0,0,890
2023-02-03 21:57:01 UTC,18429,27,1818,,3.9,0,0,0,890
2023-02-03 22:57:01 UTC,18430,,,1818,,,,,
2023-02-04 23:57:01 UTC,18431,0,0,,0,0,0,0,8422
2023-02-05 00:57:01 UTC,18432,0,0,,0,0,0,0,8422
2023-02-05 01:57:01 UTC,18433,0,0,,0,0,0,0,8422
2023-02-05 02:57:01 UTC,18434,0,0,,0,0,0,0,8422
2023-02-05 03:57:01 UTC,18435,0,0,,3.9,0,0,0,8422
2023-02-05 04:57:01 UTC,18436,0,0,,0,0,0,0,8422
2023-02-05 05:57:01 UTC,18437,0,0,,0,0,0,0,8422
2023-02-05 06:57:01 UTC,18438,0,0,,0,0,0,0,8422
2023-02-05 07:57:01 UTC,18439,0,0,,3.9,0,0,0,8422
2023-02-05 08:57:01 UTC,18440,0,0,,0,0,0,0,8422
2023-02-05 09:57:01 UTC,18441,0,0,,0,0,0,0,8422
2023-02-05 10:57:01 UTC,18442,0,0,,0,0,0,0,8422
2023-02-05 11:57:01 UTC,18443,0,0,,3.9,0,0,0,8422
2023-02-05 12:57:01 UTC,18444,0,0,,0,0,0,0,8422
2023-02-05 13:57:01 UTC,18445,0,0,,0,0,0,0,8422
2023-02-05 14:57:01 UTC,18446,50,50,,0,0,0,0,8422
2023-02-05 15:57:01 UTC,18447,150,200,,4,0,0,0,8422
2023-02-05 16:57:01 UTC,18448,104,398,,0,0,0,0,8422
2023-02-05 17:57:01 UTC,18449,87,485,,0,0,0,0,8422
2023-02-05 18:57:01 UTC,18450,67,552,,0,0,0,0,8422
2023-02-05 19:57:01 UTC,18451,49,601,,3.9,0,0,0,8422
2023-02-05 20:57:01 UTC,18452,26,629,,0,0,0,0,8422
2023-02-05 21:57:01 UTC,18453,22,651,,3.9,0,0,0,8422
2023-02-05 22:57:01 UTC,18454,,,651,,,,,
2023-02-05 23:57:01 UTC,18455,5,5,,0,0,0,0,663
2023-02-06 00:57:01 UTC,18456,1,6,,0,0,0,0,663
2023-02-06 01:57:01 UTC,18457,1,7,,0,0,0,0,663
2023-02-06 02:57:01 UTC,18458,1,8,,0,0,0,0,663
2023-02-06 03:57:01 UTC,18459,1,9,,3.9,0,0,0,663
2023-02-06 04:57:01 UTC,18460,4,14,,0,0,0,0,663
2023-02-06 05:57:01 UTC,18461,24,38,,0,0,0,0,663
2023-02-06 06:57:01 UTC,18462,65,103,,0,0,0,0,663
2023-02-06 07:57:01 UTC,18463,169,272,,3.9,0,0,0,663
2023-02-06 08:57:01 UTC,18464,189,506,,0,0,0,0,663
2023-02-06 09:57:01 UTC,18465,108,614,,0,0,0,0,663
2023-02-06 10:57:01 UTC,18466,103,717,,0,0,0,0,663
2023-02-06 11:57:01 UTC,18467,89,806,,4,0,0,0,663
2023-02-06 12:57:01 UTC,18468,131,959,,0,0,0,0,663
2023-02-06 13:57:01 UTC,18469,104,1063,,0,0,0,0,663
2023-02-06 14:57:01 UTC,18470,101,1164,,0,0,0,0,663
2023-02-06 15:57:01 UTC,18471,111,1275,,4,0,0,0,663
2023-02-06 16:57:01 UTC,18472,154,1455,,0,0,0,0,663
2023-02-06 17:57:01 UTC,18473,200,1655,,0,0,0,0,663
2023-02-06 18:57:01 UTC,18474,140,1795,,0,0,0,0,663
2023-02-06 19:57:01 UTC,18475,95,1890,,3.9,0,0,0,663
2023-02-06 20:57:01 UTC,18476,24,1925,,0,0,0,0,663
2023-02-06 21:57:01 UTC,18477,20,1945,,3.9,0,0,0,663
2023-02-06 22:57:01 UTC,18478,,,1945,,,,,
2023-02-06 23:57:01 UTC,18479,12,12,,0,0,0,0,1960
2023-02-07 00:57:01 UTC,18480,7,19,,0,0,0,0,1960
2023-02-07 01:57:01 UTC,18481,1,20,,0,0,0,0,1960
2023-02-07 02:57:01 UTC,18482,0,20,,0,0,0,0,1960
2023-02-07 03:57:01 UTC,18483,1,21,,3.9,0,0,0,1960
2023-02-07 04:57:01 UTC,18484,4,25,,0,0,0,0,1960
2023-02-07 05:57:01 UTC,18485,33,58,,0,0,0,0,1960
2023-02-07 06:57:01 UTC,18486,67,125,,0,0,0,0,1960
2023-02-07 07:57:01 UTC,18487,179,304,,3.9,0,0,0,1960
2023-02-07 08:57:01 UTC,18488,187,556,,0,0,0,0,1960
2023-02-07 09:57:01 UTC,18489,108,664,,0,0,0,0,1960
2023-02-07 10:57:01 UTC,18490,101,765,,0,0,0,0,1960
2023-02-07 11:57:01 UTC,18491,107,872,,4,0,0,0,1960
2023-02-07 12:57:01 UTC,18492,133,1034,,0,0,0,0,1960
2023-02-07 13:57:01 UTC,18493,155,1189,,0,0,0,0,1960
2023-02-07 14:57:01 UTC,18494,144,1333,,0,0,0,0,1960
2023-02-07 15:57:01 UTC,18495,151,1484,,4,0,0,0,1960
2023-02-07 16:57:01 UTC,18496,155,1657,,0,0,0,0,1960
2023-02-07 17:57:01 UTC,18497,383,2040,,0,0,0,0,1960
2023-02-07 18:57:01 UTC,18498,149,2189,,0,0,0,0,1960
2023-02-07 19:57:01 UTC,18499,71,2260,,4,0,0,0,1960
2023-02-07 20:57:01 UTC,18500,32,2300,,0,0,0,0,1960
2023-02-07 21:57:01 UTC,18501,29,2329,,3.9,0,0,0,1960
2023-02-07 22:57:01 UTC,18502,,,2329,,,,,
2023-02-07 23:57:01 UTC,18503,12,12,,0,0,0,0,2345
2023-02-08 00:57:01 UTC,18504,6,18,,0,0,0,0,2345
2023-02-08 01:57:01 UTC,18505,1,19,,0,0,0,0,2345
2023-02-08 02:57:01 UTC,18506,2,21,,0,0,0,0,2345
2023-02-08 03:57:01 UTC,18507,0,21,,3.9,0,0,0,2345
2023-02-08 04:57:01 UTC,18508,3,25,,0,0,0,0,2345
2023-02-08 05:57:01 UTC,18509,27,52,,0,0,0,0,2345
2023-02-08 06:57:01 UTC,18510,82,134,,0,0,0,0,2345
2023-02-08 07:57:01 UTC,18511,197,331,,3.9,0,0,0,2345
2023-02-08 08:57:01 UTC,18512,185,592,,0,0,0,0,2345
2023-02-08 09:57:01 UTC,18513,105,697,,0,0,0,0,2345
2023-02-08 10:57:01 UTC,18514,111,808,,0,0,0,0,2345
2023-02-08 11:57:01 UTC,18515,92,900,,4,0,0,0,2345
2023-02-08 12:57:01 UTC,18516,141,1061,,0,0,0,0,2345
2023-02-08 13:57:01 UTC,18517,106,1167,,0,0,0,0,2345
2023-02-08 14:57:01 UTC,18518,92,1259,,0,0,0,0,2345
2023-02-08 15:57:01 UTC,18519,132,1391,,4,0,0,0,2345
2023-02-08 16:57:01 UTC,18520,176,1598,,0,0,0,0,2345
2023-02-08 17:57:01 UTC,18521,196,1794,,0,0,0,0,2345
2023-02-08 18:57:01 UTC,18522,131,1925,,0,0,0,0,2345
2023-02-08 19:57:01 UTC,18523,92,2017,,4,0,0,0,2345
2023-02-08 20:57:01 UTC,18524,49,2078,,0,0,0,0,2345
2023-02-08 21:57:01 UTC,18525,32,2110,,4,0,0,0,2345
2023-02-08 22:57:01 UTC,18526,,,2110,,,,,
2023-02-08 23:57:01 UTC,18527,14,14,,0,0,0,0,2132
2023-02-09 00:57:01 UTC,18528,8,22,,0,0,0,0,2132
2023-02-09 01:57:01 UTC,18529,5,27,,0,0,0,0,2132
2023-02-09 02:57:01 UTC,18530,1,28,,0,0,0,0,2132
2023-02-09 03:57:01 UTC,18531,0,28,,3.9,0,0,0,2132
2023-02-09 04:57:01 UTC,18532,9,37,,0,0,0,0,2132
2023-02-09 05:57:01 UTC,18533,26,63,,0,0,0,0,2132
2023-02-09 06:57:01 UTC,18534,66,129,,0,0,0,0,2132
2023-02-09 07:57:01 UTC,18535,182,311,,4,0,0,0,2132
2023-02-09 08:57:01 UTC,18536,165,547,,0,0,0,0,2132
2023-02-09 09:57:01 UTC,18537,94,641,,0,0,0,0,2132
2023-02-09 10:57:01 UTC,18538,95,736,,0,0,0,0,2132
2023-02-09 11:57:01 UTC,18539,102,838,,4,0,0,0,2132
2023-02-09 12:57:01 UTC,18540,111,974,,0,0,0,0,2132
2023-02-09 13:57:01 UTC,18541,107,1081,,0,0,0,0,2132
2023-02-09 14:57:01 UTC,18542,100,1181,,0,0,0,0,2132
2023-02-09 15:57:01 UTC,18543,110,1291,,4,0,0,0,2132
2023-02-09 16:57:01 UTC,18544,159,1469,,0,0,0,0,2132
2023-02-09 17:57:01 UTC,18545,167,1636,,0,0,0,0,2132
2023-02-09 18:57:01 UTC,18546,144,1780,,0,0,0,0,2132
2023-02-09 19:57:01 UTC,18547,92,1872,,4,0,0,0,2132
2023-02-09 20:57:01 UTC,18548,34,1914,,0,0,0,0,2132
2023-02-09 21:57:01 UTC,18549,22,1936,,4,0,0,0,2132
2023-02-09 22:57:01 UTC,18550,,,1936,,,,,
2023-02-09 23:57:01 UTC,18551,8,8,,0,0,0,0,1962
2023-02-10 00:57:01 UTC,18552,4,12,,0,0,0,0,1962
2023-02-10 01:57:01 UTC,18553,7,19,,0,0,0,0,1962
2023-02-10 02:57:01 UTC,18554,1,20,,0,0,0,0,1962
2023-02-10 03:57:01 UTC,18555,1,21,,4,0,0,0,1962
2023-02-10 04:57:01 UTC,18556,5,27,,0,0,0,0,1962
2023-02-10 05:57:01 UTC,18557,24,51,,0,0,0,0,1962
2023-02-10 06:57:01 UTC,18558,65,116,,0,0,0,0,1962
2023-02-10 07:57:01 UTC,18559,165,281,,3.9,0,0,0,1962
2023-02-10 08:57:01 UTC,18560,145,499,,0,0,0,0,1962
2023-02-10 09:57:01 UTC,18561,60,559,,0,0,0,0,1962
2023-02-10 10:57:01 UTC,18562,78,637,,0,0,0,0,1962
2023-02-10 11:57:01 UTC,18563,93,730,,4,0,0,0,1962
2023-02-10 12:57:01 UTC,18564,144,894,,0,0,0,0,1962
2023-02-10 13:57:01 UTC,18565,141,1035,,0,0,0,0,1962
2023-02-10 14:57:01 UTC,18566,140,1175,,0,0,0,0,1962
2023-02-10 15:57:01 UTC,18567,149,1324,,4,0,0,0,1962
2023-02-10 16:57:01 UTC,18568,137,1486,,0,0,0,0,1962
2023-02-10 17:57:01 UTC,18569,131,1617,,0,0,0,0,1962
2023-02-10 18:57:01 UTC,18570,111,1728,,0,0,0,0,1962
2023-02-10 19:57:01 UTC,18571,55,1783,,4,0,0,0,1962
2023-02-10 20:57:01 UTC,18572,39,1833,,0,0,0,0,1962
2023-02-10 21:57:01 UTC,18573,54,1887,,4,0,0,0,1962
2023-02-10 22:57:01 UTC,18574,,,1887,,,,,
2023-02-10 23:57:01 UTC,18575,16,16,,0,0,0,0,1934
2023-02-11 00:57:01 UTC,18576,10,26,,0,0,0,0,1934
2023-02-11 01:57:01 UTC,18577,12,38,,0,0,0,0,1934
2023-02-11 02:57:01 UTC,18578,8,46,,0,0,0,0,1934
2023-02-11 03:57:01 UTC,18579,1,47,,3.9,0,0,0,1934
2023-02-11 04:57:01 UTC,18580,6,53,,0,0,0,0,1934
2023-02-11 05:57:01 UTC,18581,8,61,,0,0,0,0,1934
2023-02-11 06:57:01 UTC,18582,21,82,,0,0,0,0,1934
2023-02-11 07:57:01 UTC,18583,32,114,,4,0,0,0,1934
2023-02-11 08:57:01 UTC,18584,49,178,,0,0,0,0,1934
2023-02-11 09:57:01 UTC,18585,77,255,,0,0,0,0,1934
2023-02-11 10:57:01 UTC,18586,97,352,,0,0,0,0,1934
2023-02-11 11:57:01 UTC,18587,96,448,,4,0,0,0,1934
2023-02-11 12:57:01 UTC,18588,107,574,,0,0,0,0,1934
2023-02-11 13:57:01 UTC,18589,72,646,,0,0,0,0,1934
2023-02-11 14:57:01 UTC,18590,128,774,,0,0,0,0,1934
2023-02-11 15:57:01 UTC,18591,109,883,,4,0,0,0,1934
2023-02-11 16:57:01 UTC,18592,94,993,,0,0,0,0,1934
2023-02-11 17:57:01 UTC,18593,59,1052,,0,0,0,0,1934
2023-02-11 18:57:01 UTC,18594,52,1104,,0,0,0,0,1934
2023-02-11 19:57:01 UTC,18595,39,1143,,4,0,0,0,1934
2023-02-11 20:57:01 UTC,18596,21,1167,,0,0,0,0,1934
2023-02-11 21:57:01 UTC,18597,23,1190,,4,0,0,0,1934
2023-02-11 22:57:01 UTC,18598,,,1190,,,,,
2023-02-11 23:57:01 UTC,18599,21,21,,0,0,0,0,1217
2023-02-12 00:57:01 UTC,18600,10,31,,0,0,0,0,1217
2023-02-12 01:57:01 UTC,18601,9,40,,0,0,0,0,1217
2023-02-12 02:57:01 UTC,18602,4,44,,0,0,0,0,1217
2023-02-12 03:57:01 UTC,18603,1,45,,3.9,0,0,0,1217
2023-02-12 04:57:01 UTC,18604,7,52,,0,0,0,0,1217
2023-02-12 05:57:01 UTC,18605,7,59,,0,0,0,0,1217
2023-02-12 06:57:01 UTC,18606,14,73,,0,0,0,0,1217
2023-02-12 07:57:01 UTC,18607,47,120,,3.9,0,0,0,1217
2023-02-12 08:57:01 UTC,18608,67,204,,0,0,0,0,1217
2023-02-12 09:57:01 UTC,18609,112,316,,0,0,0,0,1217
2023-02-12 10:57:01 UTC,18610,152,468,,0,0,0,0,1217
2023-02-12 11:57:01 UTC,18611,146,614,,4,0,0,0,1217
2023-02-12 12:57:01 UTC,18612,112,740,,0,0,0,0,1217
2023-02-12 13:57:01 UTC,18613,63,803,,0,0,0,0,1217
2023-02-12 14:57:01 UTC,18614,70,873,,0,0,0,0,1217
2023-02-12 15:57:01 UTC,18615,89,962,,4,0,0,0,1217
2023-02-12 16:57:01 UTC,18616,84,1061,,0,0,0,0,1217
2023-02-12 17:57:01 UTC,18617,70,1131,,0,0,0,0,1217
2023-02-12 18:57:01 UTC,18618,54,1185,,0,0,0,0,1217
2023-02-12 19:57:01 UTC,18619,26,1211,,4,0,0,0,1217
2023-02-12 20:57:01 UTC,18620,19,1235,,0,0,0,0,1217
2023-02-12 21:57:01 UTC,18621,19,1254,,4,0,0,0,1217
2023-02-12 22:57:01 UTC,18622,,,1254,,,,,
2023-02-12 23:57:01 UTC,18623,5,5,,0,0,0,0,1269
2023-02-13 00:57:01 UTC,18624,2,7,,0,0,0,0,1269
2023-02-13 01:57:01 UTC,18625,3,10,,0,0,0,0,1269
2023-02-13 02:57:01 UTC,18626,1,11,,0,0,0,0,1269
2023-02-13 03:57:01 UTC,18627,1,12,,3.9,0,0,0,1269
2023-02-13 04:57:01 UTC,18628,5,18,,0,0,0,0,1269
2023-02-13 05:57:01 UTC,18629,33,51,,0,0,0,0,1269
2023-02-13 06:57:01 UTC,18630,67,118,,0,0,0,0,1269
2023-02-13 07:57:01 UTC,18631,170,288,,4,0,0,0,1269
2023-02-13 08:57:01 UTC,18632,164,503,,0,0,0,0,1269
2023-02-13 09:57:01 UTC,18633,99,602,,0,0,0,0,1269
2023-02-13 10:57:01 UTC,18634,81,683,,0,0,0,0,1269
2023-02-13 11:57:01 UTC,18635,103,786,,4,0,0,0,1269
2023-02-13 12:57:01 UTC,18636,117,918,,0,0,0,0,1269
2023-02-13 13:57:01 UTC,18637,127,1045,,0,0,0,0,1269
2023-02-13 14:57:01 UTC,18638,103,1148,,0,0,0,0,1269
2023-02-13 15:57:01 UTC,18639,130,1278,,4,0,0,0,1269
2023-02-13 16:57:01 UTC,18640,156,1450,,0,0,0,0,1269
2023-02-13 17:57:01 UTC,18641,182,1632,,0,0,0,0,1269
2023-02-13 18:57:01 UTC,18642,128,1760,,0,0,0,0,1269
2023-02-13 19:57:01 UTC,18643,91,1851,,4,0,0,0,1269
2023-02-13 20:57:01 UTC,18644,32,1893,,0,0,0,0,1269
2023-02-13 21:57:01 UTC,18645,16,1909,,4,0,0,0,1269
2023-02-13 22:57:01 UTC,18646,,,1909,,,,,
