created_at,entry_id,field1,field2,field3,field4,field5,field6,field7,field8
2022-06-01 00:57:01 UTC,12691,0,3,,0,0,0,0,1864
2022-06-01 01:57:01 UTC,12692,2,5,,0,0,0,0,1864
2022-06-01 02:57:01 UTC,12693,0,5,,4,0,0,0,1864
2022-06-01 03:57:01 UTC,12694,7,12,,0,0,0,0,1864
2022-06-01 04:57:01 UTC,12695,31,43,,0,0,0,0,1864
2022-06-01 05:57:01 UTC,12696,50,93,,0,0,0,0,1864
2022-06-01 06:57:01 UTC,12697,132,225,,4,0,0,0,1864
2022-06-01 07:57:01 UTC,12698,156,399,,0,0,0,0,1864
2022-06-01 08:57:01 UTC,12699,124,523,,0,0,0,0,1864
2022-06-01 09:57:01 UTC,12700,99,622,,0,0,0,0,1864
2022-06-01 10:57:01 UTC,12701,99,721,,4,0,0,0,1864
2022-06-01 11:57:01 UTC,12702,124,851,,0,0,0,0,1864
2022-06-01 12:57:01 UTC,12703,133,984,,0,0,0,0,1864
2022-06-01 13:57:01 UTC,12704,129,1113,,0,0,0,0,1864
2022-06-01 14:57:01 UTC,12705,167,1280,,0,0,0,0,1864
2022-06-01 15:57:01 UTC,12706,189,1469,,0,0,0,0,1864
2022-06-01 16:57:01 UTC,12707,229,1698,,0,0,0,0,1864
2022-06-01 17:57:01 UTC,12708,198,1896,,0,0,0,0,1864
2022-06-01 18:57:01 UTC,12709,123,2019,,4,0,0,0,1864
2022-06-01 19:57:01 UTC,12710,0,2019,,0,0,0,0,1864
2022-06-01 20:57:01 UTC,12711,0,2019,,4,0,0,0,1864
2022-06-01 21:57:01 UTC,12712,,,2019,,,,,
2022-06-01 22:57:01 UTC,12713,0,0,,0,0,0,0,2019
2022-06-01 23:57:01 UTC,12714,0,0,,0,0,0,0,2019
2022-06-02 00:57:01 UTC,12715,0,0,,0,0,0,0,2019
2022-06-02 01:57:01 UTC,12716,0,0,,0,0,0,0,2019
2022-06-02 02:57:01 UTC,12717,0,0,,4,0,0,0,2019
2022-06-02 03:57:01 UTC,12718,2,2,,0,0,0,0,2019
2022-06-02 04:57:01 UTC,12719,14,16,,0,0,0,0,2019
2022-06-02 05:57:01 UTC,12720,20,36,,0,0,0,0,2019
2022-06-02 06:57:01 UTC,12721,67,103,,4,0,0,0,2019
2022-06-02 07:57:01 UTC,12722,111,221,,0,0,0,0,2019
2022-06-02 08:57:01 UTC,12723,150,371,,0,0,0,0,2019
2022-06-02 09:57:01 UTC,12724,82,453,,0,0,0,0,2019
2022-06-02 10:57:01 UTC,12725,0,453,,4,0,0,0,2019
2022-06-02 11:57:01 UTC,12726,117,570,,0,0,0,0,2019
2022-06-02 12:57:01 UTC,12727,57,627,,0,0,0,0,2019
2022-06-02 13:57:01 UTC,12728,63,690,,0,0,0,0,2019
2022-06-02 14:57:01 UTC,12729,70,760,,0,0,0,0,2019
2022-06-02 15:57:01 UTC,12730,0,760,,0,0,0,0,2019
2022-06-02 16:57:01 UTC,12731,0,760,,0,0,0,0,2019
2022-06-02 17:57:01 UTC,12732,0,760,,0,0,0,0,2019
2022-06-02 18:57:01 UTC,12733,0,760,,4,0,0,0,2019
2022-06-02 19:57:01 UTC,12734,0,760,,0,0,0,0,2019
2022-06-02 20:57:01 UTC,12735,0,760,,4,0,0,0,2019
2022-06-02 21:57:01 UTC,12736,,,760,,,,,
2022-06-02 22:57:01 UTC,12737,0,0,,0,0,0,0,760
2022-06-02 23:57:01 UTC,12738,0,0,,0,0,0,0,760
2022-06-03 00:57:01 UTC,12739,0,0,,0,0,0,0,760
2022-06-03 01:57:01 UTC,12740,0,0,,0,0,0,0,760
2022-06-03 02:57:01 UTC,12741,0,0,,4,0,0,0,760
2022-06-03 03:57:01 UTC,12742,0,0,,0,0,0,0,760
2022-06-03 04:57:01 UTC,12743,0,0,,0,0,0,0,760
2022-06-03 05:57:01 UTC,12744,0,0,,0,0,0,0,760
2022-06-03 06:57:01 UTC,12745,0,0,,4,0,0,0,760
2022-06-03 07:57:01 UTC,12746,0,0,,0,0,0,0,760
2022-06-03 08:57:01 UTC,12747,0,0,,0,0,0,0,760
2022-06-03 09:57:01 UTC,12748,0,0,,0,0,0,0,760
2022-06-03 10:57:01 UTC,12749,0,0,,4,0,0,0,760
2022-06-03 11:57:01 UTC,12750,40,40,,0,0,0,0,760
2022-06-03 12:57:01 UTC,12751,93,133,,0,0,0,0,760
2022-06-03 13:57:01 UTC,12752,134,267,,0,0,0,0,760
2022-06-03 14:57:01 UTC,12753,81,348,,0,0,0,0,760
2022-06-03 15:57:01 UTC,12754,103,451,,0,0,0,0,760
2022-06-03 16:57:01 UTC,12755,130,581,,0,0,0,0,760
2022-06-03 17:57:01 UTC,12756,142,723,,0,0,0,0,760
2022-06-03 18:57:01 UTC,12757,82,805,,4,0,0,0,760
2022-06-03 19:57:01 UTC,12758,0,805,,0,0,0,0,760
2022-06-03 20:57:01 UTC,12759,0,805,,4,0,0,0,760
2022-06-03 21:57:01 UTC,12760,,,805,,,,,
2022-06-03 22:57:01 UTC,12761,0,0,,0,0,0,0,805
2022-06-03 23:57:01 UTC,12762,0,0,,0,0,0,0,805
2022-06-04 00:57:01 UTC,12763,0,0,,0,0,0,0,805
2022-06-04 01:57:01 UTC,12764,0,0,,0,0,0,0,805
2022-06-04 02:57:01 UTC,12765,0,0,,4,0,0,0,805
2022-06-04 03:57:01 UTC,12766,0,0,,0,0,0,0,805
2022-06-04 04:57:01 UTC,12767,0,0,,0,0,0,0,805
2022-06-04 05:57:01 UTC,12768,0,0,,0,0,0,0,805
2022-06-04 06:57:01 UTC,12769,0,0,,4,0,0,0,805
2022-06-04 07:57:01 UTC,12770,0,0,,0,0,0,0,805
2022-06-04 08:57:01 UTC,12771,0,0,,0,0,0,0,805
2022-06-04 09:57:01 UTC,12772,0,0,,0,0,0,0,805
2022-06-04 10:57:01 UTC,12773,0,0,,4,0,0,0,805
2022-06-04 11:57:01 UTC,12774,27,27,,0,0,0,0,805
2022-06-04 12:57:01 UTC,12775,55,82,,0,0,0,0,805
2022-06-04 13:57:01 UTC,12776,65,147,,0,0,0,0,805
2022-06-04 14:57:01 UTC,12777,51,198,,0,0,0,0,805
2022-06-04 15:57:01 UTC,12778,76,274,,0,0,0,0,805
2022-06-04 16:57:01 UTC,12779,107,381,,0,0,0,0,805
2022-06-04 17:57:01 UTC,12780,91,472,,0,0,0,0,805
2022-06-04 18:57:01 UTC,12781,44,516,,4,0,0,0,805
2022-06-04 19:57:01 UTC,12782,17,533,,0,0,0,0,805
2022-06-04 20:57:01 UTC,12783,12,545,,4,0,0,0,805
2022-06-04 21:57:01 UTC,12784,,,545,,,,,
2022-06-04 22:57:01 UTC,12785,8,8,,0,0,0,0,556
2022-06-04 23:57:01 UTC,12786,6,14,,0,0,0,0,556
2022-06-05 00:57:01 UTC,12787,5,19,,0,0,0,0,556
2022-06-05 01:57:01 UTC,12788,4,23,,0,0,0,0,556
2022-06-05 02:57:01 UTC,12789,1,24,,4,0,0,0,556
2022-06-05 03:57:01 UTC,12790,6,30,,0,0,0,0,556
2022-06-05 04:57:01 UTC,12791,12,42,,0,0,0,0,556
2022-06-05 05:57:01 UTC,12792,13,55,,0,0,0,0,556
2022-06-05 06:57:01 UTC,12793,10,65,,4,0,0,0,556
2022-06-05 07:57:01 UTC,12794,37,104,,0,0,0,0,556
2022-06-05 08:57:01 UTC,12795,61,165,,0,0,0,0,556
2022-06-05 09:57:01 UTC,12796,80,245,,0,0,0,0,556
2022-06-05 10:57:01 UTC,12797,88,333,,4,0,0,0,556
2022-06-05 11:57:01 UTC,12798,0,333,,0,0,0,0,556
2022-06-05 12:57:01 UTC,12799,0,333,,0,0,0,0,556
2022-06-05 13:57:01 UTC,12800,0,333,,0,0,0,0,556
2022-06-05 14:57:01 UTC,12801,0,333,,4,0,0,0,556
2022-06-05 15:57:01 UTC,12802,0,333,,0,0,0,0,556
2022-06-05 16:57:01 UTC,12803,0,333,,0,0,0,0,556
2022-06-05 17:57:01 UTC,12804,0,333,,0,0,0,0,556
2022-06-05 18:57:01 UTC,12805,0,333,,4,0,0,0,556
2022-06-05 19:57:01 UTC,12806,0,333,,0,0,0,0,556
2022-06-05 20:57:01 UTC,12807,0,333,,4,0,0,0,556
2022-06-05 21:57:01 UTC,12808,,,333,,,,,
2022-06-05 22:57:01 UTC,12809,0,0,,0,0,0,0,333
2022-06-05 23:57:01 UTC,12810,2,2,,0,0,0,0,333
2022-06-06 00:57:01 UTC,12811,3,5,,0,0,0,0,333
2022-06-06 01:57:01 UTC,12812,0,5,,0,0,0,0,333
2022-06-06 02:57:01 UTC,12813,0,5,,4,0,0,0,333
2022-06-06 03:57:01 UTC,12814,0,5,,0,0,0,0,333
2022-06-06 04:57:01 UTC,12815,0,5,,0,0,0,0,333
2022-06-06 05:57:01 UTC,12816,0,5,,0,0,0,0,333
2022-06-06 06:57:01 UTC,12817,0,5,,4,0,0,0,333
2022-06-06 07:57:01 UTC,12818,0,5,,0,0,0,0,333
2022-06-06 08:57:01 UTC,12819,0,5,,0,0,0,0,333
2022-06-06 09:57:01 UTC,12820,0,5,,0,0,0,0,333
2022-06-06 10:57:01 UTC,12821,0,5,,4,0,0,0,333
2022-06-06 11:57:01 UTC,12822,0,5,,0,0,0,0,333
2022-06-06 12:57:01 UTC,12823,0,5,,0,0,0,0,333
2022-06-06 13:57:01 UTC,12824,0,5,,0,0,0,0,333
2022-06-06 14:57:01 UTC,12825,0,5,,0,0,0,0,333
2022-06-06 15:57:01 UTC,12826,0,5,,0,0,0,0,333
2022-06-06 16:57:01 UTC,12827,0,5,,0,0,0,0,333
2022-06-06 17:57:01 UTC,12828,1,6,,0,0,0,0,333
2022-06-06 18:57:01 UTC,12829,0,6,,4,0,0,0,333
2022-06-06 19:57:01 UTC,12830,0,6,,0,0,0,0,333
2022-06-06 20:57:01 UTC,12831,8,14,,4,0,0,0,333
2022-06-06 21:57:01 UTC,12832,,,14,,,,,
2022-06-06 22:57:01 UTC,12833,4,4,,0,0,0,0,23
2022-06-06 23:57:01 UTC,12834,2,6,,0,0,0,0,23
2022-06-07 00:57:01 UTC,12835,0,6,,0,0,0,0,23
2022-06-07 01:57:01 UTC,12836,1,7,,0,0,0,0,23
2022-06-07 02:57:01 UTC,12837,1,8,,4,0,0,0,23
2022-06-07 03:57:01 UTC,12838,9,17,,0,0,0,0,23
2022-06-07 04:57:01 UTC,12839,34,51,,0,0,0,0,23
2022-06-07 05:57:01 UTC,12840,70,121,,0,0,0,0,23
2022-06-07 06:57:01 UTC,12841,173,294,,4,0,0,0,23
2022-06-07 07:57:01 UTC,12842,191,503,,0,0,0,0,23
2022-06-07 08:57:01 UTC,12843,124,627,,0,0,0,0,23
2022-06-07 09:57:01 UTC,12844,110,737,,0,0,0,0,23
2022-06-07 10:57:01 UTC,12845,94,831,,4,0,0,0,23
2022-06-07 11:57:01 UTC,12846,146,979,,0,0,0,0,23
2022-06-07 12:57:01 UTC,12847,136,1115,,0,0,0,0,23
2022-06-07 13:57:01 UTC,12848,128,1243,,0,0,0,0,23
2022-06-07 14:57:01 UTC,12849,35,1278,,0,0,0,0,23
2022-06-07 15:57:01 UTC,12850,185,1463,,0,0,0,0,23
2022-06-07 16:57:01 UTC,12851,230,1693,,0,0,0,0,23
2022-06-07 17:57:01 UTC,12852,245,1938,,0,0,0,0,23
2022-06-07 18:57:01 UTC,12853,152,2090,,4,0,0,0,23
2022-06-07 19:57:01 UTC,12854,64,2156,,0,0,0,0,23
2022-06-07 20:57:01 UTC,12855,31,2187,,4,0,0,0,23
2022-06-07 21:57:01 UTC,12856,,,2187,,,,,
2022-06-07 22:57:01 UTC,12857,9,9,,0,0,0,0,2205
2022-06-07 23:57:01 UTC,12858,0,9,,0,0,0,0,2205
2022-06-08 00:57:01 UTC,12859,2,11,,0,0,0,0,2205
2022-06-08 01:57:01 UTC,12860,2,13,,0,0,0,0,2205
2022-06-08 02:57:01 UTC,12861,2,15,,4,0,0,0,2205
2022-06-08 03:57:01 UTC,12862,7,22,,0,0,0,0,2205
2022-06-08 04:57:01 UTC,12863,23,45,,0,0,0,0,2205
2022-06-08 05:57:01 UTC,12864,51,96,,0,0,0,0,2205
2022-06-08 06:57:01 UTC,12865,119,215,,4,0,0,0,2205
2022-06-08 07:57:01 UTC,12866,0,215,,0,0,0,0,2205
2022-06-08 08:57:01 UTC,12867,0,215,,0,0,0,0,2205
2022-06-08 09:57:01 UTC,12868,0,215,,0,0,0,0,2205
2022-06-08 10:57:01 UTC,12869,0,215,,4,0,0,0,2205
2022-06-08 11:57:01 UTC,12870,0,215,,0,0,0,0,2205
2022-06-08 12:57:01 UTC,12871,0,215,,0,0,0,0,2205
2022-06-08 13:57:01 UTC,12872,88,303,,0,0,0,0,2205
2022-06-08 14:57:01 UTC,12873,186,489,,4,0,0,0,2205
2022-06-08 15:57:01 UTC,12874,201,691,,0,0,0,0,2205
2022-06-08 16:57:01 UTC,12875,229,920,,0,0,0,0,2205
2022-06-08 17:57:01 UTC,12876,192,1112,,0,0,0,0,2205
2022-06-08 18:57:01 UTC,12877,109,1221,,4,0,0,0,2205
2022-06-08 19:57:01 UTC,12878,41,1265,,0,0,0,0,2205
2022-06-08 20:57:01 UTC,12879,16,1281,,4,0,0,0,2205
2022-06-08 21:57:01 UTC,12880,,,1281,,,,,
2022-06-08 22:57:01 UTC,12881,4,4,,0,0,0,0,1296
2022-06-08 23:57:01 UTC,12882,5,9,,0,0,0,0,1296
2022-06-09 00:57:01 UTC,12883,3,12,,0,0,0,0,1296
2022-06-09 01:57:01 UTC,12884,2,14,,0,0,0,0,1296
2022-06-09 02:57:01 UTC,12885,0,14,,4,0,0,0,1296
2022-06-09 03:57:01 UTC,12886,0,14,,0,0,0,0,1296
2022-06-09 04:57:01 UTC,12887,0,14,,0,0,0,0,1296
2022-06-09 05:57:01 UTC,12888,0,14,,0,0,0,0,1296
2022-06-09 06:57:01 UTC,12889,0,14,,4,0,0,0,1296
2022-06-09 07:57:01 UTC,12890,11,25,,0,0,0,0,1296
2022-06-09 08:57:01 UTC,12891,33,58,,0,0,0,0,1296
2022-06-09 09:57:01 UTC,12892,38,96,,0,0,0,0,1296
2022-06-09 10:57:01 UTC,12893,53,149,,4,0,0,0,1296
2022-06-09 11:57:01 UTC,12894,32,183,,0,0,0,0,1296
2022-06-09 12:57:01 UTC,12895,36,219,,0,0,0,0,1296
2022-06-09 13:57:01 UTC,12896,19,238,,0,0,0,0,1296
2022-06-09 14:57:01 UTC,12897,36,274,,4,0,0,0,1296
2022-06-09 15:57:01 UTC,12898,73,349,,0,0,0,0,1296
2022-06-09 16:57:01 UTC,12899,77,426,,0,0,0,0,1296
2022-06-09 17:57:01 UTC,12900,88,514,,0,0,0,0,1296
2022-06-09 18:57:01 UTC,12901,105,619,,4,0,0,0,1296
2022-06-09 19:57:01 UTC,12902,40,665,,0,0,0,0,1296
2022-06-09 20:57:01 UTC,12903,31,696,,4,0,0,0,1296
2022-06-09 21:57:01 UTC,12904,,,696,,,,,
2022-06-09 22:57:01 UTC,12905,31,31,,0,0,0,0,720
2022-06-09 23:57:01 UTC,12906,7,38,,0,0,0,0,720
2022-06-10 00:57:01 UTC,12907,6,44,,0,0,0,0,720
2022-06-10 01:57:01 UTC,12908,5,49,,0,0,0,0,720
2022-06-10 02:57:01 UTC,12909,0,49,,4,0,0,0,720
2022-06-10 03:57:01 UTC,12910,13,64,,0,0,0,0,720
2022-06-10 04:57:01 UTC,12911,52,116,,0,0,0,0,720
2022-06-10 05:57:01 UTC,12912,94,210,,0,0,0,0,720
2022-06-10 06:57:01 UTC,12913,198,408,,4,0,0,0,720
2022-06-10 07:57:01 UTC,12914,183,616,,0,0,0,0,720
2022-06-10 08:57:01 UTC,12915,125,741,,0,0,0,0,720
2022-06-10 09:57:01 UTC,12916,106,847,,0,0,0,0,720
2022-06-10 10:57:01 UTC,12917,104,951,,4,0,0,0,720
2022-06-10 11:57:01 UTC,12918,187,1147,,0,0,0,0,720
2022-06-10 12:57:01 UTC,12919,185,1332,,0,0,0,0,720
2022-06-10 13:57:01 UTC,12920,188,1520,,0,0,0,0,720
2022-06-10 14:57:01 UTC,12921,203,1723,,4,0,0,0,720
2022-06-10 15:57:01 UTC,12922,233,1960,,0,0,0,0,720
2022-06-10 16:57:01 UTC,12923,237,2197,,0,0,0,0,720
2022-06-10 17:57:01 UTC,12924,212,2409,,0,0,0,0,720
2022-06-10 18:57:01 UTC,12925,91,2500,,4,0,0,0,720
2022-06-10 19:57:01 UTC,12926,30,2531,,0,0,0,0,720
2022-06-10 20:57:01 UTC,12927,13,2544,,4,0,0,0,720
2022-06-10 21:57:01 UTC,12928,,,2544,,,,,
2022-06-10 22:57:01 UTC,12929,8,8,,0,0,0,0,2554
2022-06-10 23:57:01 UTC,12930,8,16,,0,0,0,0,2554
2022-06-11 00:57:01 UTC,12931,5,21,,0,0,0,0,2554
2022-06-11 01:57:01 UTC,12932,4,25,,0,0,0,0,2554
2022-06-11 02:57:01 UTC,12933,0,25,,4,0,0,0,2554
2022-06-11 03:57:01 UTC,12934,9,34,,0,0,0,0,2554
2022-06-11 04:57:01 UTC,12935,18,52,,0,0,0,0,2554
2022-06-11 05:57:01 UTC,12936,40,92,,0,0,0,0,2554
2022-06-11 06:57:01 UTC,12937,71,163,,4,0,0,0,2554
2022-06-11 07:57:01 UTC,12938,114,286,,0,0,0,0,2554
2022-06-11 08:57:01 UTC,12939,125,411,,0,0,0,0,2554
2022-06-11 09:57:01 UTC,12940,101,512,,0,0,0,0,2554
2022-06-11 10:57:01 UTC,12941,80,592,,4,0,0,0,2554
2022-06-11 11:57:01 UTC,12942,91,688,,0,0,0,0,2554
2022-06-11 12:57:01 UTC,12943,85,773,,0,0,0,0,2554
2022-06-11 13:57:01 UTC,12944,80,853,,0,0,0,0,2554
2022-06-11 14:57:01 UTC,12945,78,931,,0,0,0,0,2554
2022-06-11 15:57:01 UTC,12946,56,987,,0,0,0,0,2554
2022-06-11 16:57:01 UTC,12947,162,1149,,0,0,0,0,2554
2022-06-11 17:57:01 UTC,12948,125,1274,,0,0,0,0,2554
2022-06-11 18:57:01 UTC,12949,85,1359,,4,0,0,0,2554
2022-06-11 19:57:01 UTC,12950,20,1380,,0,0,0,0,2554
2022-06-11 20:57:01 UTC,12951,14,1394,,4,0,0,0,2554
2022-06-11 21:57:01 UTC,12952,,,1394,,,,,
