created_at,entry_id,field1,field2,field3,field4,field5,field6,field7,field8
2021-09-01 00:57:01 UTC,6143,0,10,,0,0,0,0,1299
2021-09-01 01:57:01 UTC,6144,1,11,,0,0,0,0,1299
2021-09-01 02:57:01 UTC,6145,2,13,,4,0,0,0,1299
2021-09-01 03:57:01 UTC,6146,6,19,,0,0,0,0,1299
2021-09-01 04:57:01 UTC,6147,33,52,,0,0,0,0,1299
2021-09-01 05:57:01 UTC,6148,73,125,,0,0,0,0,1299
2021-09-01 06:57:01 UTC,6149,141,266,,4,0,0,0,1299
2021-09-01 07:57:01 UTC,6150,126,413,,0,0,0,0,1299
2021-09-01 08:57:01 UTC,6151,80,493,,0,0,0,0,1299
2021-09-01 09:57:01 UTC,6152,76,569,,0,0,0,0,1299
2021-09-01 10:57:01 UTC,6153,66,635,,4,0,0,0,1299
2021-09-01 11:57:01 UTC,6154,83,719,,0,0,0,0,1299
2021-09-01 12:57:01 UTC,6155,35,754,,0,0,0,0,1299
2021-09-01 13:57:01 UTC,6156,51,805,,0,0,0,0,1299
2021-09-01 14:57:01 UTC,6157,90,895,,4,0,0,0,1299
2021-09-01 15:57:01 UTC,6158,126,1021,,0,0,0,0,1299
2021-09-01 16:57:01 UTC,6159,126,1147,,0,0,0,0,1299
2021-09-01 17:57:01 UTC,6160,62,1209,,0,0,0,0,1299
2021-09-01 18:57:01 UTC,6161,25,1234,,4,0,0,0,1299
2021-09-01 19:57:01 UTC,6162,24,1258,,0,0,0,0,1299
2021-09-01 20:57:01 UTC,6163,19,1277,,4,0,0,0,1299
2021-09-01 21:57:01 UTC,6164,,,1277,,,,,
2021-09-01 22:57:01 UTC,6165,14,14,,0,0,0,0,1295
2021-09-01 23:57:01 UTC,6166,10,24,,0,0,0,0,1295
2021-09-02 00:57:01 UTC,6167,3,27,,0,0,0,0,1295
2021-09-02 01:57:01 UTC,6168,1,28,,0,0,0,0,1295
2021-09-02 02:57:01 UTC,6169,2,30,,4,0,0,0,1295
2021-09-02 03:57:01 UTC,6170,3,33,,0,0,0,0,1295
2021-09-02 04:57:01 UTC,6171,34,67,,0,0,0,0,1295
2021-09-02 05:57:01 UTC,6172,88,155,,0,0,0,0,1295
2021-09-02 06:57:01 UTC,6173,137,292,,4,0,0,0,1295
2021-09-02 07:57:01 UTC,6174,102,402,,0,0,0,0,1295
2021-09-02 08:57:01 UTC,6175,60,462,,0,0,0,0,1295
2021-09-02 09:57:01 UTC,6176,80,542,,0,0,0,0,1295
2021-09-02 10:57:01 UTC,6177,73,615,,4,0,0,0,1295
2021-09-02 11:57:01 UTC,6178,92,709,,0,0,0,0,1295
2021-09-02 12:57:01 UTC,6179,27,736,,0,0,0,0,1295
2021-09-02 13:57:01 UTC,6180,56,792,,0,0,0,0,1295
2021-09-02 14:57:01 UTC,6181,103,895,,4,0,0,0,1295
2021-09-02 15:57:01 UTC,6182,140,1035,,0,0,0,0,1295
2021-09-02 16:57:01 UTC,6183,132,1167,,0,0,0,0,1295
2021-09-02 17:57:01 UTC,6184,51,1218,,0,0,0,0,1295
2021-09-02 18:57:01 UTC,6185,27,1245,,4,0,0,0,1295
2021-09-02 19:57:01 UTC,6186,14,1260,,0,0,0,0,1295
2021-09-02 20:57:01 UTC,6187,14,1274,,4,0,0,0,1295
2021-09-02 21:57:01 UTC,6188,,,1274,,,,,
2021-09-02 22:57:01 UTC,6189,16,16,,0,0,0,0,1292
2021-09-02 23:57:01 UTC,6190,4,20,,0,0,0,0,1292
2021-09-03 00:57:01 UTC,6191,5,25,,0,0,0,0,1292
2021-09-03 01:57:01 UTC,6192,1,26,,0,0,0,0,1292
2021-09-03 02:57:01 UTC,6193,0,26,,4,0,0,0,1292
2021-09-03 03:57:01 UTC,6194,4,31,,0,0,0,0,1292
2021-09-03 04:57:01 UTC,6195,26,57,,0,0,0,0,1292
2021-09-03 05:57:01 UTC,6196,57,114,,0,0,0,0,1292
2021-09-03 06:57:01 UTC,6197,54,168,,4,0,0,0,1292
2021-09-03 07:57:01 UTC,6198,54,228,,0,0,0,0,1292
2021-09-03 08:57:01 UTC,6199,28,256,,0,0,0,0,1292
2021-09-03 09:57:01 UTC,6200,26,282,,0,0,0,0,1292
2021-09-03 10:57:01 UTC,6201,55,337,,4,0,0,0,1292
2021-09-03 11:57:01 UTC,6202,66,410,,0,0,0,0,1292
2021-09-03 12:57:01 UTC,6203,24,434,,0,0,0,0,1292
2021-09-03 13:57:01 UTC,6204,51,485,,0,0,0,0,1292
2021-09-03 14:57:01 UTC,6205,87,572,,4,0,0,0,1292
2021-09-03 15:57:01 UTC,6206,126,699,,0,0,0,0,1292
2021-09-03 16:57:01 UTC,6207,98,797,,0,0,0,0,1292
2021-09-03 17:57:01 UTC,6208,36,833,,0,0,0,0,1292
2021-09-03 18:57:01 UTC,6209,19,852,,4,0,0,0,1292
2021-09-03 19:57:01 UTC,6210,23,875,,0,0,0,0,1292
2021-09-03 20:57:01 UTC,6211,15,890,,4,0,0,0,1292
2021-09-03 21:57:01 UTC,6212,,,890,,,,,
2021-09-03 22:57:01 UTC,6213,9,9,,0,0,0,0,915
2021-09-03 23:57:01 UTC,6214,6,15,,0,0,0,0,915
2021-09-04 00:57:01 UTC,6215,3,18,,0,0,0,0,915
2021-09-04 01:57:01 UTC,6216,0,18,,0,0,0,0,915
2021-09-04 02:57:01 UTC,6217,3,21,,4,0,0,0,915
2021-09-04 03:57:01 UTC,6218,8,29,,0,0,0,0,915
2021-09-04 04:57:01 UTC,6219,7,36,,0,0,0,0,915
2021-09-04 05:57:01 UTC,6220,23,59,,0,0,0,0,915
2021-09-04 06:57:01 UTC,6221,46,105,,4,0,0,0,915
2021-09-04 07:57:01 UTC,6222,48,157,,0,0,0,0,915
2021-09-04 08:57:01 UTC,6223,55,212,,0,0,0,0,915
2021-09-04 09:57:01 UTC,6224,53,265,,0,0,0,0,915
2021-09-04 10:57:01 UTC,6225,91,356,,4,0,0,0,915
2021-09-04 11:57:01 UTC,6226,71,429,,0,0,0,0,915
2021-09-04 12:57:01 UTC,6227,30,459,,0,0,0,0,915
2021-09-04 13:57:01 UTC,6228,40,499,,0,0,0,0,915
2021-09-04 14:57:01 UTC,6229,71,570,,4,0,0,0,915
2021-09-04 15:57:01 UTC,6230,101,672,,0,0,0,0,915
2021-09-04 16:57:01 UTC,6231,73,745,,0,0,0,0,915
2021-09-04 17:57:01 UTC,6232,54,799,,0,0,0,0,915
2021-09-04 18:57:01 UTC,6233,16,815,,4,0,0,0,915
2021-09-04 19:57:01 UTC,6234,17,832,,0,0,0,0,915
2021-09-04 20:57:01 UTC,6235,13,845,,4,0,0,0,915
2021-09-04 21:57:01 UTC,6236,,,845,,,,,
2021-09-04 22:57:01 UTC,6237,11,11,,0,0,0,0,858
2021-09-04 23:57:01 UTC,6238,8,19,,0,0,0,0,858
2021-09-05 00:57:01 UTC,6239,7,26,,0,0,0,0,858
2021-09-05 01:57:01 UTC,6240,5,31,,0,0,0,0,858
2021-09-05 02:57:01 UTC,6241,0,31,,4,0,0,0,858
2021-09-05 03:57:01 UTC,6242,1,32,,0,0,0,0,858
2021-09-05 04:57:01 UTC,6243,5,37,,0,0,0,0,858
2021-09-05 05:57:01 UTC,6244,19,56,,0,0,0,0,858
2021-09-05 06:57:01 UTC,6245,47,103,,4,0,0,0,858
2021-09-05 07:57:01 UTC,6246,98,209,,0,0,0,0,858
2021-09-05 08:57:01 UTC,6247,119,328,,0,0,0,0,858
2021-09-05 09:57:01 UTC,6248,160,488,,0,0,0,0,858
2021-09-05 10:57:01 UTC,6249,140,628,,4,0,0,0,858
2021-09-05 11:57:01 UTC,6250,82,712,,0,0,0,0,858
2021-09-05 12:57:01 UTC,6251,17,729,,0,0,0,0,858
2021-09-05 13:57:01 UTC,6252,49,778,,0,0,0,0,858
2021-09-05 14:57:01 UTC,6253,88,866,,4,0,0,0,858
2021-09-05 15:57:01 UTC,6254,112,978,,0,0,0,0,858
2021-09-05 16:57:01 UTC,6255,131,1109,,0,0,0,0,858
2021-09-05 17:57:01 UTC,6256,65,1174,,0,0,0,0,858
2021-09-05 18:57:01 UTC,6257,28,1202,,4,0,0,0,858
2021-09-05 19:57:01 UTC,6258,14,1217,,0,0,0,0,858
2021-09-05 20:57:01 UTC,6259,8,1225,,4,0,0,0,858
2021-09-05 21:57:01 UTC,6260,,,1225,,,,,
2021-09-05 22:57:01 UTC,6261,15,15,,0,0,0,0,1239
2021-09-05 23:57:01 UTC,6262,10,25,,0,0,0,0,1239
2021-09-06 00:57:01 UTC,6263,5,30,,0,0,0,0,1239
2021-09-06 01:57:01 UTC,6264,0,30,,0,0,0,0,1239
2021-09-06 02:57:01 UTC,6265,1,31,,4,0,0,0,1239
2021-09-06 03:57:01 UTC,6266,3,34,,0,0,0,0,1239
2021-09-06 04:57:01 UTC,6267,29,63,,0,0,0,0,1239
2021-09-06 05:57:01 UTC,6268,93,156,,0,0,0,0,1239
2021-09-06 06:57:01 UTC,6269,134,290,,4,0,0,0,1239
2021-09-06 07:57:01 UTC,6270,148,453,,0,0,0,0,1239
2021-09-06 08:57:01 UTC,6271,89,542,,0,0,0,0,1239
2021-09-06 09:57:01 UTC,6272,70,612,,0,0,0,0,1239
2021-09-06 10:57:01 UTC,6273,76,688,,4,0,0,0,1239
2021-09-06 11:57:01 UTC,6274,111,803,,0,0,0,0,1239
2021-09-06 12:57:01 UTC,6275,30,833,,0,0,0,0,1239
2021-09-06 13:57:01 UTC,6276,45,878,,0,0,0,0,1239
2021-09-06 14:57:01 UTC,6277,88,966,,4,0,0,0,1239
2021-09-06 15:57:01 UTC,6278,145,1112,,0,0,0,0,1239
2021-09-06 16:57:01 UTC,6279,151,1263,,0,0,0,0,1239
2021-09-06 17:57:01 UTC,6280,63,1326,,0,0,0,0,1239
2021-09-06 18:57:01 UTC,6281,36,1362,,4,0,0,0,1239
2021-09-06 19:57:01 UTC,6282,27,1391,,0,0,0,0,1239
2021-09-06 20:57:01 UTC,6283,15,1406,,4,0,0,0,1239
2021-09-06 21:57:01 UTC,6284,,,1406,,,,,
2021-09-06 22:57:01 UTC,6285,12,12,,0,0,0,0,1434
2021-09-06 23:57:01 UTC,6286,10,22,,0,0,0,0,1434
2021-09-07 00:57:01 UTC,6287,6,28,,0,0,0,0,1434
2021-09-07 01:57:01 UTC,6288,4,32,,0,0,0,0,1434
2021-09-07 02:57:01 UTC,6289,2,34,,4,0,0,0,1434
2021-09-07 03:57:01 UTC,6290,12,46,,0,0,0,0,1434
2021-09-07 04:57:01 UTC,6291,34,80,,0,0,0,0,1434
2021-09-07 05:57:01 UTC,6292,114,194,,0,0,0,0,1434
2021-09-07 06:57:01 UTC,6293,163,357,,4,0,0,0,1434
2021-09-07 07:57:01 UTC,6294,154,526,,0,0,0,0,1434
2021-09-07 08:57:01 UTC,6295,98,624,,0,0,0,0,1434
2021-09-07 09:57:01 UTC,6296,89,713,,0,0,0,0,1434
2021-09-07 10:57:01 UTC,6297,86,799,,4,0,0,0,1434
2021-09-07 11:57:01 UTC,6298,94,898,,0,0,0,0,1434
2021-09-07 12:57:01 UTC,6299,24,922,,0,0,0,0,1434
2021-09-07 13:57:01 UTC,6300,68,990,,0,0,0,0,1434
2021-09-07 14:57:01 UTC,6301,97,1087,,4,0,0,0,1434
2021-09-07 15:57:01 UTC,6302,123,1214,,0,0,0,0,1434
2021-09-07 16:57:01 UTC,6303,79,1293,,0,0,0,0,1434
2021-09-07 17:57:01 UTC,6304,75,1368,,0,0,0,0,1434
2021-09-07 18:57:01 UTC,6305,70,1438,,4,0,0,0,1434
2021-09-07 19:57:01 UTC,6306,38,1477,,0,0,0,0,1434
2021-09-07 20:57:01 UTC,6307,26,1503,,4,0,0,0,1434
2021-09-07 21:57:01 UTC,6308,,,1503,,,,,
2021-09-07 22:57:01 UTC,6309,14,14,,0,0,0,0,1537
2021-09-07 23:57:01 UTC,6310,8,22,,0,0,0,0,1537
2021-09-08 00:57:01 UTC,6311,7,29,,0,0,0,0,1537
2021-09-08 01:57:01 UTC,6312,0,29,,0,0,0,0,1537
2021-09-08 02:57:01 UTC,6313,1,30,,4,0,0,0,1537
2021-09-08 03:57:01 UTC,6314,6,36,,0,0,0,0,1537
2021-09-08 04:57:01 UTC,6315,43,79,,0,0,0,0,1537
2021-09-08 05:57:01 UTC,6316,82,161,,0,0,0,0,1537
2021-09-08 06:57:01 UTC,6317,146,307,,4,0,0,0,1537
2021-09-08 07:57:01 UTC,6318,127,456,,0,0,0,0,1537
2021-09-08 08:57:01 UTC,6319,89,545,,0,0,0,0,1537
2021-09-08 09:57:01 UTC,6320,75,620,,0,0,0,0,1537
2021-09-08 10:57:01 UTC,6321,77,697,,4,0,0,0,1537
2021-09-08 11:57:01 UTC,6322,99,798,,0,0,0,0,1537
2021-09-08 12:57:01 UTC,6323,37,835,,0,0,0,0,1537
2021-09-08 13:57:01 UTC,6324,57,892,,0,0,0,0,1537
2021-09-08 14:57:01 UTC,6325,108,1000,,4,0,0,0,1537
2021-09-08 15:57:01 UTC,6326,160,1165,,0,0,0,0,1537
2021-09-08 16:57:01 UTC,6327,174,1339,,0,0,0,0,1537
2021-09-08 17:57:01 UTC,6328,66,1405,,0,0,0,0,1537
2021-09-08 18:57:01 UTC,6329,35,1440,,4,0,0,0,1537
2021-09-08 19:57:01 UTC,6330,24,1466,,0,0,0,0,1537
2021-09-08 20:57:01 UTC,6331,18,1484,,4,0,0,0,1537
2021-09-08 21:57:01 UTC,6332,,,1484,,,,,
2021-09-08 22:57:01 UTC,6333,10,10,,0,0,0,0,1501
2021-09-08 23:57:01 UTC,6334,6,16,,0,0,0,0,1501
2021-09-09 00:57:01 UTC,6335,1,17,,0,0,0,0,1501
2021-09-09 01:57:01 UTC,6336,3,20,,0,0,0,0,1501
2021-09-09 02:57:01 UTC,6337,1,21,,4,0,0,0,1501
2021-09-09 03:57:01 UTC,6338,9,30,,0,0,0,0,1501
2021-09-09 04:57:01 UTC,6339,33,63,,0,0,0,0,1501
2021-09-09 05:57:01 UTC,6340,106,169,,0,0,0,0,1501
2021-09-09 06:57:01 UTC,6341,186,355,,4,0,0,0,1501
2021-09-09 07:57:01 UTC,6342,180,555,,0,0,0,0,1501
2021-09-09 08:57:01 UTC,6343,97,652,,0,0,0,0,1501
2021-09-09 09:57:01 UTC,6344,113,765,,0,0,0,0,1501
2021-09-09 10:57:01 UTC,6345,114,879,,4,0,0,0,1501
2021-09-09 11:57:01 UTC,6346,117,1007,,0,0,0,0,1501
2021-09-09 12:57:01 UTC,6347,47,1054,,0,0,0,0,1501
2021-09-09 13:57:01 UTC,6348,87,1141,,0,0,0,0,1501
2021-09-09 14:57:01 UTC,6349,118,1259,,4,0,0,0,1501
2021-09-09 15:57:01 UTC,6350,178,1438,,0,0,0,0,1501
2021-09-09 16:57:01 UTC,6351,127,1565,,0,0,0,0,1501
2021-09-09 17:57:01 UTC,6352,61,1626,,0,0,0,0,1501
2021-09-09 18:57:01 UTC,6353,67,1693,,4,0,0,0,1501
2021-09-09 19:57:01 UTC,6354,33,1726,,0,0,0,0,1501
2021-09-09 20:57:01 UTC,6355,32,1758,,4,0,0,0,1501
2021-09-09 21:57:01 UTC,6356,,,1758,,,,,
2021-09-09 22:57:01 UTC,6357,20,20,,0,0,0,0,1787
2021-09-09 23:57:01 UTC,6358,12,32,,0,0,0,0,1787
2021-09-10 00:57:01 UTC,6359,6,38,,0,0,0,0,1787
2021-09-10 01:57:01 UTC,6360,2,40,,0,0,0,0,1787
2021-09-10 02:57:01 UTC,6361,0,40,,4,0,0,0,1787
2021-09-10 03:57:01 UTC,6362,2,42,,0,0,0,0,1787
2021-09-10 04:57:01 UTC,6363,29,71,,0,0,0,0,1787
2021-09-10 05:57:01 UTC,6364,79,150,,0,0,0,0,1787
2021-09-10 06:57:01 UTC,6365,123,273,,4,0,0,0,1787
2021-09-10 07:57:01 UTC,6366,120,412,,0,0,0,0,1787
2021-09-10 08:57:01 UTC,6367,99,511,,0,0,0,0,1787
2021-09-10 09:57:01 UTC,6368,78,589,,0,0,0,0,1787
2021-09-10 10:57:01 UTC,6369,42,631,,4,0,0,0,1787
2021-09-10 11:57:01 UTC,6370,72,703,,0,0,0,0,1787
2021-09-10 12:57:01 UTC,6371,55,758,,0,0,0,0,1787
2021-09-10 13:57:01 UTC,6372,73,831,,0,0,0,0,1787
2021-09-10 14:57:01 UTC,6373,77,908,,4,0,0,0,1787
2021-09-10 15:57:01 UTC,6374,54,962,,0,0,0,0,1787
2021-09-10 16:57:01 UTC,6375,45,1007,,0,0,0,0,1787
2021-09-10 17:57:01 UTC,6376,60,1067,,0,0,0,0,1787
2021-09-10 18:57:01 UTC,6377,58,1125,,4,0,0,0,1787
2021-09-10 19:57:01 UTC,6378,21,1146,,0,0,0,0,1787
2021-09-10 20:57:01 UTC,6379,24,1170,,4,0,0,0,1787
2021-09-10 21:57:01 UTC,6380,,,1170,,,,,
2021-09-10 22:57:01 UTC,6381,17,17,,0,0,0,0,1200
2021-09-10 23:57:01 UTC,6382,11,28,,0,0,0,0,1200
2021-09-11 00:57:01 UTC,6383,9,37,,0,0,0,0,1200
2021-09-11 01:57:01 UTC,6384,2,39,,0,0,0,0,1200
2021-09-11 02:57:01 UTC,6385,7,46,,4,0,0,0,1200
2021-09-11 03:57:01 UTC,6386,4,50,,0,0,0,0,1200
2021-09-11 04:57:01 UTC,6387,15,65,,0,0,0,0,1200
2021-09-11 05:57:01 UTC,6388,31,96,,0,0,0,0,1200
2021-09-11 06:57:01 UTC,6389,65,161,,4,0,0,0,1200
2021-09-11 07:57:01 UTC,6390,69,235,,0,0,0,0,1200
2021-09-11 08:57:01 UTC,6391,90,325,,0,0,0,0,1200
2021-09-11 09:57:01 UTC,6392,92,417,,0,0,0,0,1200
2021-09-11 10:57:01 UTC,6393,101,518,,4,0,0,0,1200
2021-09-11 11:57:01 UTC,6394,69,591,,0,0,0,0,1200
2021-09-11 12:57:01 UTC,6395,23,614,,0,0,0,0,1200
2021-09-11 13:57:01 UTC,6396,43,657,,0,0,0,0,1200
2021-09-11 14:57:01 UTC,6397,84,741,,4,0,0,0,1200
2021-09-11 15:57:01 UTC,6398,120,861,,0,0,0,0,1200
2021-09-11 16:57:01 UTC,6399,35,896,,0,0,0,0,1200
2021-09-11 17:57:01 UTC,6400,48,944,,0,0,0,0,1200
2021-09-11 18:57:01 UTC,6401,46,990,,4,0,0,0,1200
2021-09-11 19:57:01 UTC,6402,24,1016,,0,0,0,0,1200
2021-09-11 20:57:01 UTC,6403,22,1038,,4,0,0,0,1200
2021-09-11 21:57:01 UTC,6404,,,1038,,,,,
