created_at,entry_id,field1,field2,field3,field4,field5,field6,field7,field8
2021-04-01 00:57:01 UTC,3311,0,0,,0,0,0,0,2188
2021-04-01 01:57:01 UTC,3312,0,0,,0,0,0,0,2188
2021-04-01 02:57:01 UTC,3313,1,1,,4,0,0,0,2188
2021-04-01 03:57:01 UTC,3314,8,9,,0,0,0,0,2188
2021-04-01 04:57:01 UTC,3315,31,40,,0,0,0,0,2188
2021-04-01 05:57:01 UTC,3316,67,107,,0,0,0,0,2188
2021-04-01 06:57:01 UTC,3317,124,231,,4,0,0,0,2188
2021-04-01 07:57:01 UTC,3318,170,415,,0,0,0,0,2188
2021-04-01 08:57:01 UTC,3319,172,587,,0,0,0,0,2188
2021-04-01 09:57:01 UTC,3320,161,748,,0,0,0,0,2188
2021-04-01 10:57:01 UTC,3321,170,918,,4,0,0,0,2188
2021-04-01 11:57:01 UTC,3322,164,1090,,0,0,0,0,2188
2021-04-01 12:57:01 UTC,3323,114,1204,,0,0,0,0,2188
2021-04-01 13:57:01 UTC,3324,147,1351,,0,0,0,0,2188
2021-04-01 14:57:01 UTC,3325,163,1514,,4,0,0,0,2188
2021-04-01 15:57:01 UTC,3326,191,1708,,0,0,0,0,2188
2021-04-01 16:57:01 UTC,3327,155,1863,,0,0,0,0,2188
2021-04-01 17:57:01 UTC,3328,95,1958,,0,0,0,0,2188
2021-04-01 18:57:01 UTC,3329,84,2042,,4,0,0,0,2188
2021-04-01 19:57:01 UTC,3330,24,2068,,0,0,0,0,2188
2021-04-01 20:57:01 UTC,3331,18,2086,,4,0,0,0,2188
2021-04-01 21:57:01 UTC,3332,,,2086,,,,,
2021-04-01 22:57:01 UTC,3333,2,2,,0,0,0,0,2087
2021-04-01 23:57:01 UTC,3334,0,2,,0,0,0,0,2087
2021-04-02 00:57:01 UTC,3335,0,2,,0,0,0,0,2087
2021-04-02 01:57:01 UTC,3336,0,2,,0,0,0,0,2087
2021-04-02 02:57:01 UTC,3337,1,3,,4,0,0,0,2087
2021-04-02 03:57:01 UTC,3338,6,9,,0,0,0,0,2087
2021-04-02 04:57:01 UTC,3339,26,35,,0,0,0,0,2087
2021-04-02 05:57:01 UTC,3340,69,104,,0,0,0,0,2087
2021-04-02 06:57:01 UTC,3341,94,198,,4,0,0,0,2087
2021-04-02 07:57:01 UTC,3342,111,324,,0,0,0,0,2087
2021-04-02 08:57:01 UTC,3343,141,465,,0,0,0,0,2087
2021-04-02 09:57:01 UTC,3344,167,632,,0,0,0,0,2087
2021-04-02 10:57:01 UTC,3345,177,809,,4,0,0,0,2087
2021-04-02 11:57:01 UTC,3346,163,986,,0,0,0,0,2087
2021-04-02 12:57:01 UTC,3347,83,1069,,0,0,0,0,2087
2021-04-02 13:57:01 UTC,3348,145,1214,,0,0,0,0,2087
2021-04-02 14:57:01 UTC,3349,161,1375,,4,0,0,0,2087
2021-04-02 15:57:01 UTC,3350,195,1575,,0,0,0,0,2087
2021-04-02 16:57:01 UTC,3351,161,1736,,0,0,0,0,2087
2021-04-02 17:57:01 UTC,3352,90,1826,,0,0,0,0,2087
2021-04-02 18:57:01 UTC,3353,39,1865,,4,0,0,0,2087
2021-04-02 19:57:01 UTC,3354,21,1887,,0,0,0,0,2087
2021-04-02 20:57:01 UTC,3355,18,1905,,4,0,0,0,2087
2021-04-02 21:57:01 UTC,3356,,,1905,,,,,
2021-04-02 22:57:01 UTC,3357,1,1,,0,0,0,0,1911
2021-04-02 23:57:01 UTC,3358,0,1,,0,0,0,0,1911
2021-04-03 00:57:01 UTC,3359,0,1,,0,0,0,0,1911
2021-04-03 01:57:01 UTC,3360,0,1,,0,0,0,0,1911
2021-04-03 02:57:01 UTC,3361,0,1,,4,0,0,0,1911
2021-04-03 03:57:01 UTC,3362,4,5,,0,0,0,0,1911
2021-04-03 04:57:01 UTC,3363,14,19,,0,0,0,0,1911
2021-04-03 05:57:01 UTC,3364,25,44,,0,0,0,0,1911
2021-04-03 06:57:01 UTC,3365,44,88,,4,0,0,0,1911
2021-04-03 07:57:01 UTC,3366,126,223,,0,0,0,0,1911
2021-04-03 08:57:01 UTC,3367,226,449,,0,0,0,0,1911
2021-04-03 09:57:01 UTC,3368,266,715,,0,0,0,0,1911
2021-04-03 10:57:01 UTC,3369,258,973,,4,0,0,0,1911
2021-04-03 11:57:01 UTC,3370,125,1105,,0,0,0,0,1911
2021-04-03 12:57:01 UTC,3371,64,1169,,0,0,0,0,1911
2021-04-03 13:57:01 UTC,3372,102,1271,,0,0,0,0,1911
2021-04-03 14:57:01 UTC,3373,115,1386,,4,0,0,0,1911
2021-04-03 15:57:01 UTC,3374,123,1519,,0,0,0,0,1911
2021-04-03 16:57:01 UTC,3375,122,1641,,0,0,0,0,1911
2021-04-03 17:57:01 UTC,3376,76,1717,,0,0,0,0,1911
2021-04-03 18:57:01 UTC,3377,42,1759,,4,0,0,0,1911
2021-04-03 19:57:01 UTC,3378,16,1777,,0,0,0,0,1911
2021-04-03 20:57:01 UTC,3379,8,1785,,4,0,0,0,1911
2021-04-03 21:57:01 UTC,3380,,,1785,,,,,
2021-04-03 22:57:01 UTC,3381,0,0,,0,0,0,0,1787
2021-04-03 23:57:01 UTC,3382,0,0,,0,0,0,0,1787
2021-04-04 00:57:01 UTC,3383,0,0,,0,0,0,0,1787
2021-04-04 01:57:01 UTC,3384,0,0,,0,0,0,0,1787
2021-04-04 02:57:01 UTC,3385,0,0,,4,0,0,0,1787
2021-04-04 03:57:01 UTC,3386,0,0,,0,0,0,0,1787
2021-04-04 04:57:01 UTC,3387,8,8,,0,0,0,0,1787
2021-04-04 05:57:01 UTC,3388,36,44,,0,0,0,0,1787
2021-04-04 06:57:01 UTC,3389,64,108,,4,0,0,0,1787
2021-04-04 07:57:01 UTC,3390,127,242,,0,0,0,0,1787
2021-04-04 08:57:01 UTC,3391,196,438,,0,0,0,0,1787
2021-04-04 09:57:01 UTC,3392,258,696,,0,0,0,0,1787
2021-04-04 10:57:01 UTC,3393,251,947,,4,0,0,0,1787
2021-04-04 11:57:01 UTC,3394,144,1108,,0,0,0,0,1787
2021-04-04 12:57:01 UTC,3395,61,1169,,0,0,0,0,1787
2021-04-04 13:57:01 UTC,3396,96,1265,,0,0,0,0,1787
2021-04-04 14:57:01 UTC,3397,183,1448,,4,0,0,0,1787
2021-04-04 15:57:01 UTC,3398,274,1723,,0,0,0,0,1787
2021-04-04 16:57:01 UTC,3399,177,1900,,0,0,0,0,1787
2021-04-04 17:57:01 UTC,3400,130,2030,,0,0,0,0,1787
2021-04-04 18:57:01 UTC,3401,47,2077,,4,0,0,0,1787
2021-04-04 19:57:01 UTC,3402,11,2088,,0,0,0,0,1787
2021-04-04 20:57:01 UTC,3403,11,2099,,4,0,0,0,1787
2021-04-04 21:57:01 UTC,3404,,,2099,,,,,
2021-04-04 22:57:01 UTC,3405,0,0,,0,0,0,0,2099
2021-04-04 23:57:01 UTC,3406,1,1,,0,0,0,0,2099
2021-04-05 00:57:01 UTC,3407,0,1,,0,0,0,0,2099
2021-04-05 01:57:01 UTC,3408,0,1,,0,0,0,0,2099
2021-04-05 02:57:01 UTC,3409,0,1,,4,0,0,0,2099
2021-04-05 03:57:01 UTC,3410,7,8,,0,0,0,0,2099
2021-04-05 04:57:01 UTC,3411,4,12,,0,0,0,0,2099
2021-04-05 05:57:01 UTC,3412,19,31,,0,0,0,0,2099
2021-04-05 06:57:01 UTC,3413,76,107,,4,0,0,0,2099
2021-04-05 07:57:01 UTC,3414,157,277,,0,0,0,0,2099
2021-04-05 08:57:01 UTC,3415,327,604,,0,0,0,0,2099
2021-04-05 09:57:01 UTC,3416,415,1019,,0,0,0,0,2099
2021-04-05 10:57:01 UTC,3417,350,1369,,4,0,0,0,2099
2021-04-05 11:57:01 UTC,3418,128,1518,,0,0,0,0,2099
2021-04-05 12:57:01 UTC,3419,74,1592,,0,0,0,0,2099
2021-04-05 13:57:01 UTC,3420,122,1714,,0,0,0,0,2099
2021-04-05 14:57:01 UTC,3421,158,1872,,4,0,0,0,2099
2021-04-05 15:57:01 UTC,3422,170,2048,,0,0,0,0,2099
2021-04-05 16:57:01 UTC,3423,142,2190,,0,0,0,0,2099
2021-04-05 17:57:01 UTC,3424,152,2342,,0,0,0,0,2099
2021-04-05 18:57:01 UTC,3425,69,2411,,4,0,0,0,2099
2021-04-05 19:57:01 UTC,3426,18,2430,,0,0,0,0,2099
2021-04-05 20:57:01 UTC,3427,9,2439,,4,0,0,0,2099
2021-04-05 21:57:01 UTC,3428,,,2439,,,,,
2021-04-05 22:57:01 UTC,3429,1,1,,0,0,0,0,2440
2021-04-05 23:57:01 UTC,3430,0,1,,0,0,0,0,2440
2021-04-06 00:57:01 UTC,3431,0,1,,0,0,0,0,2440
2021-04-06 01:57:01 UTC,3432,0,1,,0,0,0,0,2440
2021-04-06 02:57:01 UTC,3433,0,1,,4,0,0,0,2440
2021-04-06 03:57:01 UTC,3434,6,7,,0,0,0,0,2440
2021-04-06 04:57:01 UTC,3435,25,32,,0,0,0,0,2440
2021-04-06 05:57:01 UTC,3436,73,105,,0,0,0,0,2440
2021-04-06 06:57:01 UTC,3437,130,235,,4,0,0,0,2440
2021-04-06 07:57:01 UTC,3438,74,319,,0,0,0,0,2440
2021-04-06 08:57:01 UTC,3439,63,382,,0,0,0,0,2440
2021-04-06 09:57:01 UTC,3440,56,438,,0,0,0,0,2440
2021-04-06 10:57:01 UTC,3441,62,500,,4,0,0,0,2440
2021-04-06 11:57:01 UTC,3442,76,583,,0,0,0,0,2440
2021-04-06 12:57:01 UTC,3443,45,628,,0,0,0,0,2440
2021-04-06 13:57:01 UTC,3444,75,703,,0,0,0,0,2440
2021-04-06 14:57:01 UTC,3445,138,841,,4,0,0,0,2440
2021-04-06 15:57:01 UTC,3446,164,1014,,0,0,0,0,2440
2021-04-06 16:57:01 UTC,3447,134,1148,,0,0,0,0,2440
2021-04-06 17:57:01 UTC,3448,110,1258,,0,0,0,0,2440
2021-04-06 18:57:01 UTC,3449,57,1315,,4,0,0,0,2440
2021-04-06 19:57:01 UTC,3450,24,1340,,0,0,0,0,2440
2021-04-06 20:57:01 UTC,3451,4,1344,,4,0,0,0,2440
2021-04-06 21:57:01 UTC,3452,,,1344,,,,,
2021-04-06 22:57:01 UTC,3453,0,0,,0,0,0,0,1348
2021-04-06 23:57:01 UTC,3454,0,0,,0,0,0,0,1348
2021-04-07 00:57:01 UTC,3455,0,0,,0,0,0,0,1348
2021-04-07 01:57:01 UTC,3456,0,0,,0,0,0,0,1348
2021-04-07 02:57:01 UTC,3457,0,0,,4,0,0,0,1348
2021-04-07 03:57:01 UTC,3458,8,8,,0,0,0,0,1348
2021-04-07 04:57:01 UTC,3459,32,40,,0,0,0,0,1348
2021-04-07 05:57:01 UTC,3460,91,131,,0,0,0,0,1348
2021-04-07 06:57:01 UTC,3461,159,290,,4,0,0,0,1348
2021-04-07 07:57:01 UTC,3462,184,509,,0,0,0,0,1348
2021-04-07 08:57:01 UTC,3463,121,630,,0,0,0,0,1348
2021-04-07 09:57:01 UTC,3464,114,744,,0,0,0,0,1348
2021-04-07 10:57:01 UTC,3465,129,873,,4,0,0,0,1348
2021-04-07 11:57:01 UTC,3466,131,1022,,0,0,0,0,1348
2021-04-07 12:57:01 UTC,3467,82,1104,,0,0,0,0,1348
2021-04-07 13:57:01 UTC,3468,63,1167,,0,0,0,0,1348
2021-04-07 14:57:01 UTC,3469,65,1232,,4,0,0,0,1348
2021-04-07 15:57:01 UTC,3470,105,1343,,0,0,0,0,1348
2021-04-07 16:57:01 UTC,3471,144,1487,,0,0,0,0,1348
2021-04-07 17:57:01 UTC,3472,100,1587,,0,0,0,0,1348
2021-04-07 18:57:01 UTC,3473,66,1653,,4,0,0,0,1348
2021-04-07 19:57:01 UTC,3474,21,1678,,0,0,0,0,1348
2021-04-07 20:57:01 UTC,3475,10,1688,,4,0,0,0,1348
2021-04-07 21:57:01 UTC,3476,,,1688,,,,,
2021-04-07 22:57:01 UTC,3477,1,1,,0,0,0,0,1689
2021-04-07 23:57:01 UTC,3478,0,1,,0,0,0,0,1689
2021-04-08 00:57:01 UTC,3479,0,1,,0,0,0,0,1689
2021-04-08 01:57:01 UTC,3480,0,1,,0,0,0,0,1689
2021-04-08 02:57:01 UTC,3481,0,1,,4,0,0,0,1689
2021-04-08 03:57:01 UTC,3482,6,7,,0,0,0,0,1689
2021-04-08 04:57:01 UTC,3483,26,33,,0,0,0,0,1689
2021-04-08 05:57:01 UTC,3484,86,119,,0,0,0,0,1689
2021-04-08 06:57:01 UTC,3485,161,280,,3.9,0,0,0,1689
2021-04-08 07:57:01 UTC,3486,155,486,,0,0,0,0,1689
2021-04-08 08:57:01 UTC,3487,128,614,,0,0,0,0,1689
2021-04-08 09:57:01 UTC,3488,125,739,,0,0,0,0,1689
2021-04-08 10:57:01 UTC,3489,167,906,,4,0,0,0,1689
2021-04-08 11:57:01 UTC,3490,193,1115,,0,0,0,0,1689
2021-04-08 12:57:01 UTC,3491,124,1239,,0,0,0,0,1689
2021-04-08 13:57:01 UTC,3492,145,1384,,0,0,0,0,1689
2021-04-08 14:57:01 UTC,3493,182,1566,,4,0,0,0,1689
2021-04-08 15:57:01 UTC,3494,166,1744,,0,0,0,0,1689
2021-04-08 16:57:01 UTC,3495,167,1911,,0,0,0,0,1689
2021-04-08 17:57:01 UTC,3496,159,2070,,0,0,0,0,1689
2021-04-08 18:57:01 UTC,3497,80,2150,,4,0,0,0,1689
2021-04-08 19:57:01 UTC,3498,32,2184,,0,0,0,0,1689
2021-04-08 20:57:01 UTC,3499,10,2194,,4,0,0,0,1689
2021-04-08 21:57:01 UTC,3500,,,2194,,,,,
2021-04-08 22:57:01 UTC,3501,1,1,,0,0,0,0,2200
2021-04-08 23:57:01 UTC,3502,0,1,,0,0,0,0,2200
2021-04-09 00:57:01 UTC,3503,0,1,,0,0,0,0,2200
2021-04-09 01:57:01 UTC,3504,0,1,,0,0,0,0,2200
2021-04-09 02:57:01 UTC,3505,0,1,,3.9,0,0,0,2200
2021-04-09 03:57:01 UTC,3506,9,10,,0,0,0,0,2200
2021-04-09 04:57:01 UTC,3507,32,42,,0,0,0,0,2200
2021-04-09 05:57:01 UTC,3508,68,110,,0,0,0,0,2200
2021-04-09 06:57:01 UTC,3509,143,253,,4,0,0,0,2200
2021-04-09 07:57:01 UTC,3510,165,453,,0,0,0,0,2200
2021-04-09 08:57:01 UTC,3511,146,599,,0,0,0,0,2200
2021-04-09 09:57:01 UTC,3512,137,736,,0,0,0,0,2200
2021-04-09 10:57:01 UTC,3513,150,886,,4,0,0,0,2200
2021-04-09 11:57:01 UTC,3514,176,1074,,0,0,0,0,2200
2021-04-09 12:57:01 UTC,3515,117,1191,,0,0,0,0,2200
2021-04-09 13:57:01 UTC,3516,118,1309,,0,0,0,0,2200
2021-04-09 14:57:01 UTC,3517,187,1496,,4,0,0,0,2200
2021-04-09 15:57:01 UTC,3518,199,1704,,0,0,0,0,2200
2021-04-09 16:57:01 UTC,3519,153,1857,,0,0,0,0,2200
2021-04-09 17:57:01 UTC,3520,126,1983,,0,0,0,0,2200
2021-04-09 18:57:01 UTC,3521,85,2068,,4,0,0,0,2200
2021-04-09 19:57:01 UTC,3522,31,2101,,0,0,0,0,2200
2021-04-09 20:57:01 UTC,3523,14,2115,,4,0,0,0,2200
2021-04-09 21:57:01 UTC,3524,,,2115,,,,,
2021-04-09 22:57:01 UTC,3525,1,1,,0,0,0,0,2116
2021-04-09 23:57:01 UTC,3526,1,2,,0,0,0,0,2116
2021-04-10 00:57:01 UTC,3527,1,3,,0,0,0,0,2116
2021-04-10 01:57:01 UTC,3528,0,3,,0,0,0,0,2116
2021-04-10 02:57:01 UTC,3529,2,5,,4,0,0,0,2116
2021-04-10 03:57:01 UTC,3530,2,7,,0,0,0,0,2116
2021-04-10 04:57:01 UTC,3531,10,17,,0,0,0,0,2116
2021-04-10 05:57:01 UTC,3532,27,44,,0,0,0,0,2116
2021-04-10 06:57:01 UTC,3533,62,106,,4,0,0,0,2116
2021-04-10 07:57:01 UTC,3534,93,214,,0,0,0,0,2116
2021-04-10 08:57:01 UTC,3535,133,347,,0,0,0,0,2116
2021-04-10 09:57:01 UTC,3536,150,497,,0,0,0,0,2116
2021-04-10 10:57:01 UTC,3537,120,617,,4,0,0,0,2116
2021-04-10 11:57:01 UTC,3538,57,683,,0,0,0,0,2116
2021-04-10 12:57:01 UTC,3539,51,734,,0,0,0,0,2116
2021-04-10 13:57:01 UTC,3540,52,786,,0,0,0,0,2116
2021-04-10 14:57:01 UTC,3541,62,848,,4,0,0,0,2116
2021-04-10 15:57:01 UTC,3542,63,914,,0,0,0,0,2116
2021-04-10 16:57:01 UTC,3543,73,987,,0,0,0,0,2116
2021-04-10 17:57:01 UTC,3544,76,1063,,0,0,0,0,2116
2021-04-10 18:57:01 UTC,3545,55,1118,,4,0,0,0,2116
2021-04-10 19:57:01 UTC,3546,37,1156,,0,0,0,0,2116
2021-04-10 20:57:01 UTC,3547,35,1191,,4,0,0,0,2116
2021-04-10 21:57:01 UTC,3548,,,1191,,,,,
2021-04-10 22:57:01 UTC,3549,4,4,,0,0,0,0,1196
2021-04-10 23:57:01 UTC,3550,0,4,,0,0,0,0,1196
2021-04-11 00:57:01 UTC,3551,0,4,,0,0,0,0,1196
2021-04-11 01:57:01 UTC,3552,1,5,,0,0,0,0,1196
2021-04-11 02:57:01 UTC,3553,0,5,,4,0,0,0,1196
2021-04-11 03:57:01 UTC,3554,3,8,,0,0,0,0,1196
2021-04-11 04:57:01 UTC,3555,9,17,,0,0,0,0,1196
2021-04-11 05:57:01 UTC,3556,17,34,,0,0,0,0,1196
2021-04-11 06:57:01 UTC,3557,31,65,,4,0,0,0,1196
2021-04-11 07:57:01 UTC,3558,68,139,,0,0,0,0,1196
2021-04-11 08:57:01 UTC,3559,116,255,,0,0,0,0,1196
2021-04-11 09:57:01 UTC,3560,168,423,,0,0,0,0,1196
2021-04-11 10:57:01 UTC,3561,160,583,,4,0,0,0,1196
2021-04-11 11:57:01 UTC,3562,74,671,,0,0,0,0,1196
2021-04-11 12:57:01 UTC,3563,82,753,,0,0,0,0,1196
2021-04-11 13:57:01 UTC,3564,76,829,,0,0,0,0,1196
2021-04-11 14:57:01 UTC,3565,93,922,,4,0,0,0,1196
2021-04-11 15:57:01 UTC,3566,145,1073,,0,0,0,0,1196
2021-04-11 16:57:01 UTC,3567,139,1212,,0,0,0,0,1196
2021-04-11 17:57:01 UTC,3568,127,1339,,0,0,0,0,1196
2021-04-11 18:57:01 UTC,3569,83,1422,,4,0,0,0,1196
