created_at,entry_id,field1,field2,field3,field4,field5,field6,field7,field8
2021-07-01 00:57:01 UTC,5495,1,24,,0,0,0,0,7859
2021-07-01 01:57:01 UTC,5496,2,26,,0,0,0,0,7859
2021-07-01 02:57:01 UTC,5497,1,27,,4,0,0,0,7859
2021-07-01 03:57:01 UTC,5498,31,58,,0,0,0,0,7859
2021-07-01 04:57:01 UTC,5499,29,87,,0,0,0,0,7859
2021-07-01 05:57:01 UTC,5500,51,138,,0,0,0,0,7859
2021-07-01 06:57:01 UTC,5501,85,223,,4,0,0,0,7859
2021-07-01 07:57:01 UTC,5502,60,288,,0,0,0,0,7859
2021-07-01 08:57:01 UTC,5503,32,320,,0,0,0,0,7859
2021-07-01 09:57:01 UTC,5504,120,440,,0,0,0,0,7859
2021-07-01 10:57:01 UTC,5505,844,1284,,4,0,0,0,7859
2021-07-01 11:57:01 UTC,5506,566,1850,,0,0,0,0,7859
2021-07-01 12:57:01 UTC,5507,227,2077,,0,0,0,0,7859
2021-07-01 13:57:01 UTC,5508,202,2279,,0,0,0,0,7859
2021-07-01 14:57:01 UTC,5509,148,2427,,0,0,0,0,7859
2021-07-01 15:57:01 UTC,5510,200,2627,,0,0,0,0,7859
2021-07-01 16:57:01 UTC,5511,690,3317,,0,0,0,0,7859
2021-07-01 17:57:01 UTC,5512,392,3709,,0,0,0,0,7859
2021-07-01 18:57:01 UTC,5513,98,3807,,0,0,0,0,7859
2021-07-01 19:57:01 UTC,5514,48,3855,,0,0,0,0,7859
2021-07-01 20:57:01 UTC,5515,17,3872,,4,0,0,0,7859
2021-07-01 21:57:01 UTC,5516,,,3872,,,,,
2021-07-01 22:57:01 UTC,5517,8,8,,0,0,0,0,3886
2021-07-01 23:57:01 UTC,5518,5,13,,0,0,0,0,3886
2021-07-02 00:57:01 UTC,5519,3,16,,0,0,0,0,3886
2021-07-02 01:57:01 UTC,5520,4,20,,0,0,0,0,3886
2021-07-02 02:57:01 UTC,5521,0,20,,4,0,0,0,3886
2021-07-02 03:57:01 UTC,5522,7,27,,0,0,0,0,3886
2021-07-02 04:57:01 UTC,5523,22,49,,0,0,0,0,3886
2021-07-02 05:57:01 UTC,5524,45,94,,0,0,0,0,3886
2021-07-02 06:57:01 UTC,5525,79,173,,4,0,0,0,3886
2021-07-02 07:57:01 UTC,5526,54,231,,0,0,0,0,3886
2021-07-02 08:57:01 UTC,5527,41,272,,0,0,0,0,3886
2021-07-02 09:57:01 UTC,5528,70,342,,0,0,0,0,3886
2021-07-02 10:57:01 UTC,5529,91,433,,4,0,0,0,3886
2021-07-02 11:57:01 UTC,5530,126,559,,0,0,0,0,3886
2021-07-02 12:57:01 UTC,5531,84,643,,0,0,0,0,3886
2021-07-02 13:57:01 UTC,5532,374,1017,,0,0,0,0,3886
2021-07-02 14:57:01 UTC,5533,343,1360,,0,0,0,0,3886
2021-07-02 15:57:01 UTC,5534,449,1809,,0,0,0,0,3886
2021-07-02 16:57:01 UTC,5535,493,2302,,0,0,0,0,3886
2021-07-02 17:57:01 UTC,5536,243,2545,,0,0,0,0,3886
2021-07-02 18:57:01 UTC,5537,87,2632,,0,0,0,0,3886
2021-07-02 19:57:01 UTC,5538,21,2653,,0,0,0,0,3886
2021-07-02 20:57:01 UTC,5539,16,2669,,4,0,0,0,3886
2021-07-02 21:57:01 UTC,5540,,,2669,,,,,
2021-07-02 22:57:01 UTC,5541,13,13,,0,0,0,0,2688
2021-07-02 23:57:01 UTC,5542,7,20,,0,0,0,0,2688
2021-07-03 00:57:01 UTC,5543,4,24,,0,0,0,0,2688
2021-07-03 01:57:01 UTC,5544,2,26,,0,0,0,0,2688
2021-07-03 02:57:01 UTC,5545,2,28,,4,0,0,0,2688
2021-07-03 03:57:01 UTC,5546,4,32,,0,0,0,0,2688
2021-07-03 04:57:01 UTC,5547,12,44,,0,0,0,0,2688
2021-07-03 05:57:01 UTC,5548,20,64,,0,0,0,0,2688
2021-07-03 06:57:01 UTC,5549,29,93,,4,0,0,0,2688
2021-07-03 07:57:01 UTC,5550,40,133,,0,0,0,0,2688
2021-07-03 08:57:01 UTC,5551,50,183,,0,0,0,0,2688
2021-07-03 09:57:01 UTC,5552,68,251,,0,0,0,0,2688
2021-07-03 10:57:01 UTC,5553,131,382,,0,0,0,0,2688
2021-07-03 11:57:01 UTC,5554,434,816,,0,0,0,0,2688
2021-07-03 12:57:01 UTC,5555,806,1622,,0,0,0,0,2688
2021-07-03 13:57:01 UTC,5556,860,2482,,0,0,0,0,2688
2021-07-03 14:57:01 UTC,5557,542,3024,,0,0,0,0,2688
2021-07-03 15:57:01 UTC,5558,401,3425,,0,0,0,0,2688
2021-07-03 16:57:01 UTC,5559,371,3796,,0,0,0,0,2688
2021-07-03 17:57:01 UTC,5560,217,4013,,0,0,0,0,2688
2021-07-03 18:57:01 UTC,5561,83,4096,,0,0,0,0,2688
2021-07-03 19:57:01 UTC,5562,28,4124,,0,0,0,0,2688
2021-07-03 20:57:01 UTC,5563,13,4137,,4,0,0,0,2688
2021-07-03 21:57:01 UTC,5564,,,4137,,,,,
2021-07-03 22:57:01 UTC,5565,6,6,,0,0,0,0,4153
2021-07-03 23:57:01 UTC,5566,4,10,,0,0,0,0,4153
2021-07-04 00:57:01 UTC,5567,5,15,,0,0,0,0,4153
2021-07-04 01:57:01 UTC,5568,2,17,,0,0,0,0,4153
2021-07-04 02:57:01 UTC,5569,1,18,,4,0,0,0,4153
2021-07-04 03:57:01 UTC,5570,0,18,,0,0,0,0,4153
2021-07-04 04:57:01 UTC,5571,14,32,,0,0,0,0,4153
2021-07-04 05:57:01 UTC,5572,15,47,,0,0,0,0,4153
2021-07-04 06:57:01 UTC,5573,29,76,,4,0,0,0,4153
2021-07-04 07:57:01 UTC,5574,28,105,,0,0,0,0,4153
2021-07-04 08:57:01 UTC,5575,27,132,,0,0,0,0,4153
2021-07-04 09:57:01 UTC,5576,75,207,,0,0,0,0,4153
2021-07-04 10:57:01 UTC,5577,362,569,,0,0,0,0,4153
2021-07-04 11:57:01 UTC,5578,135,704,,0,0,0,0,4153
2021-07-04 12:57:01 UTC,5579,272,976,,0,0,0,0,4153
2021-07-04 13:57:01 UTC,5580,158,1134,,0,0,0,0,4153
2021-07-04 14:57:01 UTC,5581,479,1613,,0,0,0,0,4153
2021-07-04 15:57:01 UTC,5582,515,2128,,0,0,0,0,4153
2021-07-04 16:57:01 UTC,5583,544,2672,,0,0,0,0,4153
2021-07-04 17:57:01 UTC,5584,146,2818,,0,0,0,0,4153
2021-07-04 18:57:01 UTC,5585,87,2905,,0,0,0,0,4153
2021-07-04 19:57:01 UTC,5586,31,2936,,0,0,0,0,4153
2021-07-04 20:57:01 UTC,5587,17,2953,,4,0,0,0,4153
2021-07-04 21:57:01 UTC,5588,,,2953,,,,,
2021-07-04 22:57:01 UTC,5589,9,9,,0,0,0,0,2962
2021-07-04 23:57:01 UTC,5590,2,11,,0,0,0,0,2962
2021-07-05 00:57:01 UTC,5591,1,12,,0,0,0,0,2962
2021-07-05 01:57:01 UTC,5592,0,12,,0,0,0,0,2962
2021-07-05 02:57:01 UTC,5593,0,12,,4,0,0,0,2962
2021-07-05 03:57:01 UTC,5594,5,17,,0,0,0,0,2962
2021-07-05 04:57:01 UTC,5595,29,46,,0,0,0,0,2962
2021-07-05 05:57:01 UTC,5596,56,102,,0,0,0,0,2962
2021-07-05 06:57:01 UTC,5597,76,178,,4,0,0,0,2962
2021-07-05 07:57:01 UTC,5598,64,245,,0,0,0,0,2962
2021-07-05 08:57:01 UTC,5599,59,304,,0,0,0,0,2962
2021-07-05 09:57:01 UTC,5600,62,366,,0,0,0,0,2962
2021-07-05 10:57:01 UTC,5601,307,673,,4,0,0,0,2962
2021-07-05 11:57:01 UTC,5602,458,1131,,0,0,0,0,2962
2021-07-05 12:57:01 UTC,5603,557,1688,,0,0,0,0,2962
2021-07-05 13:57:01 UTC,5604,426,2114,,0,0,0,0,2962
2021-07-05 14:57:01 UTC,5605,367,2481,,0,0,0,0,2962
2021-07-05 15:57:01 UTC,5606,255,2736,,0,0,0,0,2962
2021-07-05 16:57:01 UTC,5607,204,2940,,0,0,0,0,2962
2021-07-05 17:57:01 UTC,5608,194,3134,,0,0,0,0,2962
2021-07-05 18:57:01 UTC,5609,114,3248,,0,0,0,0,2962
2021-07-05 19:57:01 UTC,5610,39,3287,,0,0,0,0,2962
2021-07-05 20:57:01 UTC,5611,16,3303,,4,0,0,0,2962
2021-07-05 21:57:01 UTC,5612,,,3303,,,,,
2021-07-05 22:57:01 UTC,5613,4,4,,0,0,0,0,3317
2021-07-05 23:57:01 UTC,5614,4,8,,0,0,0,0,3317
2021-07-06 00:57:01 UTC,5615,1,9,,0,0,0,0,3317
2021-07-06 01:57:01 UTC,5616,2,11,,0,0,0,0,3317
2021-07-06 02:57:01 UTC,5617,1,12,,4,0,0,0,3317
2021-07-06 03:57:01 UTC,5618,0,12,,0,0,0,0,3317
2021-07-06 04:57:01 UTC,5619,19,31,,0,0,0,0,3317
2021-07-06 05:57:01 UTC,5620,35,66,,0,0,0,0,3317
2021-07-06 06:57:01 UTC,5621,60,126,,4,0,0,0,3317
2021-07-06 07:57:01 UTC,5622,97,229,,0,0,0,0,3317
2021-07-06 08:57:01 UTC,5623,83,312,,0,0,0,0,3317
2021-07-06 09:57:01 UTC,5624,63,375,,0,0,0,0,3317
2021-07-06 10:57:01 UTC,5625,64,439,,0,0,0,0,3317
2021-07-06 11:57:01 UTC,5626,88,527,,0,0,0,0,3317
2021-07-06 12:57:01 UTC,5627,93,620,,0,0,0,0,3317
2021-07-06 13:57:01 UTC,5628,112,732,,0,0,0,0,3317
2021-07-06 14:57:01 UTC,5629,97,829,,0,0,0,0,3317
2021-07-06 15:57:01 UTC,5630,128,957,,0,0,0,0,3317
2021-07-06 16:57:01 UTC,5631,203,1160,,0,0,0,0,3317
2021-07-06 17:57:01 UTC,5632,176,1336,,0,0,0,0,3317
2021-07-06 18:57:01 UTC,5633,93,1429,,0,0,0,0,3317
2021-07-06 19:57:01 UTC,5634,29,1458,,0,0,0,0,3317
2021-07-06 20:57:01 UTC,5635,14,1472,,4,0,0,0,3317
2021-07-06 21:57:01 UTC,5636,,,1472,,,,,
2021-07-06 22:57:01 UTC,5637,22,22,,0,0,0,0,1489
2021-07-06 23:57:01 UTC,5638,10,32,,0,0,0,0,1489
2021-07-07 00:57:01 UTC,5639,2,34,,0,0,0,0,1489
2021-07-07 01:57:01 UTC,5640,3,37,,0,0,0,0,1489
2021-07-07 02:57:01 UTC,5641,0,37,,4,0,0,0,1489
2021-07-07 03:57:01 UTC,5642,4,41,,0,0,0,0,1489
2021-07-07 04:57:01 UTC,5643,21,62,,0,0,0,0,1489
2021-07-07 05:57:01 UTC,5644,33,95,,0,0,0,0,1489
2021-07-07 06:57:01 UTC,5645,52,147,,4,0,0,0,1489
2021-07-07 07:57:01 UTC,5646,38,188,,0,0,0,0,1489
2021-07-07 08:57:01 UTC,5647,43,231,,0,0,0,0,1489
2021-07-07 09:57:01 UTC,5648,84,315,,0,0,0,0,1489
2021-07-07 10:57:01 UTC,5649,79,394,,0,0,0,0,1489
2021-07-07 11:57:01 UTC,5650,109,503,,0,0,0,0,1489
2021-07-07 12:57:01 UTC,5651,127,630,,0,0,0,0,1489
2021-07-07 13:57:01 UTC,5652,130,760,,0,0,0,0,1489
2021-07-07 14:57:01 UTC,5653,116,876,,0,0,0,0,1489
2021-07-07 15:57:01 UTC,5654,149,1025,,0,0,0,0,1489
2021-07-07 16:57:01 UTC,5655,215,1240,,0,0,0,0,1489
2021-07-07 17:57:01 UTC,5656,174,1414,,0,0,0,0,1489
2021-07-07 18:57:01 UTC,5657,113,1527,,0,0,0,0,1489
2021-07-07 19:57:01 UTC,5658,61,1588,,0,0,0,0,1489
2021-07-07 20:57:01 UTC,5659,19,1607,,4,0,0,0,1489
2021-07-07 21:57:01 UTC,5660,,,1607,,,,,
2021-07-07 22:57:01 UTC,5661,12,12,,0,0,0,0,1632
2021-07-07 23:57:01 UTC,5662,1,13,,0,0,0,0,1632
2021-07-08 00:57:01 UTC,5663,2,15,,0,0,0,0,1632
2021-07-08 01:57:01 UTC,5664,1,16,,0,0,0,0,1632
2021-07-08 02:57:01 UTC,5665,1,17,,4,0,0,0,1632
2021-07-08 03:57:01 UTC,5666,5,22,,0,0,0,0,1632
2021-07-08 04:57:01 UTC,5667,14,36,,0,0,0,0,1632
2021-07-08 05:57:01 UTC,5668,58,94,,0,0,0,0,1632
2021-07-08 06:57:01 UTC,5669,116,210,,4,0,0,0,1632
2021-07-08 07:57:01 UTC,5670,82,294,,0,0,0,0,1632
2021-07-08 08:57:01 UTC,5671,43,337,,0,0,0,0,1632
2021-07-08 09:57:01 UTC,5672,46,383,,0,0,0,0,1632
2021-07-08 10:57:01 UTC,5673,48,431,,0,0,0,0,1632
2021-07-08 11:57:01 UTC,5674,367,798,,0,0,0,0,1632
2021-07-08 12:57:01 UTC,5675,866,1664,,0,0,0,0,1632
2021-07-08 13:57:01 UTC,5676,877,2541,,0,0,0,0,1632
2021-07-08 14:57:01 UTC,5677,403,2944,,0,0,0,0,1632
2021-07-08 15:57:01 UTC,5678,406,3350,,0,0,0,0,1632
2021-07-08 16:57:01 UTC,5679,350,3700,,0,0,0,0,1632
2021-07-08 17:57:01 UTC,5680,203,3903,,0,0,0,0,1632
2021-07-08 18:57:01 UTC,5681,93,3996,,0,0,0,0,1632
2021-07-08 19:57:01 UTC,5682,28,4024,,0,0,0,0,1632
2021-07-08 20:57:01 UTC,5683,7,4031,,4,0,0,0,1632
2021-07-08 21:57:01 UTC,5684,,,4031,,,,,
2021-07-08 22:57:01 UTC,5685,7,7,,0,0,0,0,4038
2021-07-08 23:57:01 UTC,5686,1,8,,0,0,0,0,4038
2021-07-09 00:57:01 UTC,5687,1,9,,0,0,0,0,4038
2021-07-09 01:57:01 UTC,5688,1,10,,0,0,0,0,4038
2021-07-09 02:57:01 UTC,5689,1,11,,4,0,0,0,4038
2021-07-09 03:57:01 UTC,5690,3,15,,0,0,0,0,4038
2021-07-09 04:57:01 UTC,5691,17,32,,0,0,0,0,4038
2021-07-09 05:57:01 UTC,5692,44,76,,0,0,0,0,4038
2021-07-09 06:57:01 UTC,5693,51,127,,4,0,0,0,4038
2021-07-09 07:57:01 UTC,5694,43,172,,0,0,0,0,4038
2021-07-09 08:57:01 UTC,5695,35,207,,0,0,0,0,4038
2021-07-09 09:57:01 UTC,5696,48,255,,0,0,0,0,4038
2021-07-09 10:57:01 UTC,5697,196,451,,0,0,0,0,4038
2021-07-09 11:57:01 UTC,5698,362,813,,0,0,0,0,4038
2021-07-09 12:57:01 UTC,5699,437,1250,,0,0,0,0,4038
2021-07-09 13:57:01 UTC,5700,389,1639,,0,0,0,0,4038
2021-07-09 14:57:01 UTC,5701,332,1971,,0,0,0,0,4038
2021-07-09 15:57:01 UTC,5702,253,2224,,0,0,0,0,4038
2021-07-09 16:57:01 UTC,5703,243,2467,,0,0,0,0,4038
2021-07-09 17:57:01 UTC,5704,146,2613,,0,0,0,0,4038
2021-07-09 18:57:01 UTC,5705,78,2691,,0,0,0,0,4038
2021-07-09 19:57:01 UTC,5706,32,2723,,0,0,0,0,4038
2021-07-09 20:57:01 UTC,5707,26,2749,,4,0,0,0,4038
2021-07-09 21:57:01 UTC,5708,,,2749,,,,,
2021-07-09 22:57:01 UTC,5709,6,6,,0,0,0,0,2766
2021-07-09 23:57:01 UTC,5710,3,9,,0,0,0,0,2766
2021-07-10 00:57:01 UTC,5711,3,12,,0,0,0,0,2766
2021-07-10 01:57:01 UTC,5712,1,13,,0,0,0,0,2766
2021-07-10 02:57:01 UTC,5713,1,14,,4,0,0,0,2766
2021-07-10 03:57:01 UTC,5714,3,17,,0,0,0,0,2766
2021-07-10 04:57:01 UTC,5715,13,30,,0,0,0,0,2766
2021-07-10 05:57:01 UTC,5716,21,51,,0,0,0,0,2766
2021-07-10 06:57:01 UTC,5717,24,75,,4,0,0,0,2766
2021-07-10 07:57:01 UTC,5718,28,104,,0,0,0,0,2766
2021-07-10 08:57:01 UTC,5719,27,131,,0,0,0,0,2766
2021-07-10 09:57:01 UTC,5720,51,182,,0,0,0,0,2766
2021-07-10 10:57:01 UTC,5721,67,249,,0,0,0,0,2766
2021-07-10 11:57:01 UTC,5722,71,320,,0,0,0,0,2766
2021-07-10 12:57:01 UTC,5723,75,395,,0,0,0,0,2766
2021-07-10 13:57:01 UTC,5724,117,512,,0,0,0,0,2766
2021-07-10 14:57:01 UTC,5725,130,642,,0,0,0,0,2766
2021-07-10 15:57:01 UTC,5726,81,723,,0,0,0,0,2766
2021-07-10 16:57:01 UTC,5727,84,807,,0,0,0,0,2766
2021-07-10 17:57:01 UTC,5728,130,937,,0,0,0,0,2766
2021-07-10 18:57:01 UTC,5729,73,1010,,0,0,0,0,2766
2021-07-10 19:57:01 UTC,5730,28,1038,,0,0,0,0,2766
2021-07-10 20:57:01 UTC,5731,28,1066,,4,0,0,0,2766
2021-07-10 21:57:01 UTC,5732,,,1066,,,,,
