created_at,entry_id,field1,field2,field3,field4,field5,field6,field7,field8
2022-11-01 00:57:01 UTC,16327,10,40,,0,0,0,0,1643
2022-11-01 01:57:01 UTC,16328,13,53,,0,0,0,0,1643
2022-11-01 02:57:01 UTC,16329,9,62,,0,0,0,0,1643
2022-11-01 03:57:01 UTC,16330,12,74,,4,0,0,0,1643
2022-11-01 04:57:01 UTC,16331,5,80,,0,0,0,0,1643
2022-11-01 05:57:01 UTC,16332,12,92,,0,0,0,0,1643
2022-11-01 06:57:01 UTC,16333,21,113,,0,0,0,0,1643
2022-11-01 07:57:01 UTC,16334,61,174,,4,0,0,0,1643
2022-11-01 08:57:01 UTC,16335,124,319,,0,0,0,0,1643
2022-11-01 09:57:01 UTC,16336,170,489,,0,0,0,0,1643
2022-11-01 10:57:01 UTC,16337,205,694,,0,0,0,0,1643
2022-11-01 11:57:01 UTC,16338,154,848,,4,0,0,0,1643
2022-11-01 12:57:01 UTC,16339,110,977,,0,0,0,0,1643
2022-11-01 13:57:01 UTC,16340,79,1056,,0,0,0,0,1643
2022-11-01 14:57:01 UTC,16341,134,1190,,0,0,0,0,1643
2022-11-01 15:57:01 UTC,16342,128,1318,,4,0,0,0,1643
2022-11-01 16:57:01 UTC,16343,153,1478,,0,0,0,0,1643
2022-11-01 17:57:01 UTC,16344,93,1571,,0,0,0,0,1643
2022-11-01 18:57:01 UTC,16345,80,1651,,0,0,0,0,1643
2022-11-01 19:57:01 UTC,16346,39,1690,,4,0,0,0,1643
2022-11-01 20:57:01 UTC,16347,36,1732,,0,0,0,0,1643
2022-11-01 21:57:01 UTC,16348,21,1753,,4,0,0,0,1643
2022-11-01 22:57:01 UTC,16349,,,1753,,,,,
2022-11-01 23:57:01 UTC,16350,16,16,,0,0,0,0,1774
2022-11-02 00:57:01 UTC,16351,5,21,,0,0,0,0,1774
2022-11-02 01:57:01 UTC,16352,0,21,,0,0,0,0,1774
2022-11-02 02:57:01 UTC,16353,1,22,,0,0,0,0,1774
2022-11-02 03:57:01 UTC,16354,2,24,,4,0,0,0,1774
2022-11-02 04:57:01 UTC,16355,10,34,,0,0,0,0,1774
2022-11-02 05:57:01 UTC,16356,34,68,,0,0,0,0,1774
2022-11-02 06:57:01 UTC,16357,121,189,,0,0,0,0,1774
2022-11-02 07:57:01 UTC,16358,219,408,,4,0,0,0,1774
2022-11-02 08:57:01 UTC,16359,187,631,,0,0,0,0,1774
2022-11-02 09:57:01 UTC,16360,109,740,,0,0,0,0,1774
2022-11-02 10:57:01 UTC,16361,73,813,,0,0,0,0,1774
2022-11-02 11:57:01 UTC,16362,90,903,,4,0,0,0,1774
2022-11-02 12:57:01 UTC,16363,116,1033,,0,0,0,0,1774
2022-11-02 13:57:01 UTC,16364,123,1156,,0,0,0,0,1774
2022-11-02 14:57:01 UTC,16365,112,1268,,0,0,0,0,1774
2022-11-02 15:57:01 UTC,16366,150,1418,,4,0,0,0,1774
2022-11-02 16:57:01 UTC,16367,213,1640,,0,0,0,0,1774
2022-11-02 17:57:01 UTC,16368,211,1851,,0,0,0,0,1774
2022-11-02 18:57:01 UTC,16369,164,2015,,0,0,0,0,1774
2022-11-02 19:57:01 UTC,16370,104,2119,,4,0,0,0,1774
2022-11-02 20:57:01 UTC,16371,60,2185,,0,0,0,0,1774
2022-11-02 21:57:01 UTC,16372,25,2210,,4,0,0,0,1774
2022-11-02 22:57:01 UTC,16373,,,2210,,,,,
2022-11-02 23:57:01 UTC,16374,16,16,,0,0,0,0,2236
2022-11-03 00:57:01 UTC,16375,7,23,,0,0,0,0,2236
2022-11-03 01:57:01 UTC,16376,0,23,,0,0,0,0,2236
2022-11-03 02:57:01 UTC,16377,1,24,,0,0,0,0,2236
2022-11-03 03:57:01 UTC,16378,1,25,,4,0,0,0,2236
2022-11-03 04:57:01 UTC,16379,11,36,,0,0,0,0,2236
2022-11-03 05:57:01 UTC,16380,36,72,,0,0,0,0,2236
2022-11-03 06:57:01 UTC,16381,119,191,,0,0,0,0,2236
2022-11-03 07:57:01 UTC,16382,229,420,,4,0,0,0,2236
2022-11-03 08:57:01 UTC,16383,158,612,,0,0,0,0,2236
2022-11-03 09:57:01 UTC,16384,111,723,,0,0,0,0,2236
2022-11-03 10:57:01 UTC,16385,100,823,,0,0,0,0,2236
2022-11-03 11:57:01 UTC,16386,82,905,,4,0,0,0,2236
2022-11-03 12:57:01 UTC,16387,133,1052,,0,0,0,0,2236
2022-11-03 13:57:01 UTC,16388,134,1186,,0,0,0,0,2236
2022-11-03 14:57:01 UTC,16389,131,1317,,0,0,0,0,2236
2022-11-03 15:57:01 UTC,16390,149,1466,,4,0,0,0,2236
2022-11-03 16:57:01 UTC,16391,190,1667,,0,0,0,0,2236
2022-11-03 17:57:01 UTC,16392,232,1899,,0,0,0,0,2236
2022-11-03 18:57:01 UTC,16393,159,2058,,0,0,0,0,2236
2022-11-03 19:57:01 UTC,16394,131,2189,,4,0,0,0,2236
2022-11-03 20:57:01 UTC,16395,49,2244,,0,0,0,0,2236
2022-11-03 21:57:01 UTC,16396,24,2268,,4,0,0,0,2236
2022-11-03 22:57:01 UTC,16397,,,2268,,,,,
2022-11-03 23:57:01 UTC,16398,23,23,,0,0,0,0,2300
2022-11-04 00:57:01 UTC,16399,6,29,,0,0,0,0,2300
2022-11-04 01:57:01 UTC,16400,4,33,,0,0,0,0,2300
2022-11-04 02:57:01 UTC,16401,0,33,,0,0,0,0,2300
2022-11-04 03:57:01 UTC,16402,1,34,,4,0,0,0,2300
2022-11-04 04:57:01 UTC,16403,3,37,,0,0,0,0,2300
2022-11-04 05:57:01 UTC,16404,28,65,,0,0,0,0,2300
2022-11-04 06:57:01 UTC,16405,78,143,,0,0,0,0,2300
2022-11-04 07:57:01 UTC,16406,125,268,,4,0,0,0,2300
2022-11-04 08:57:01 UTC,16407,93,367,,0,0,0,0,2300
2022-11-04 09:57:01 UTC,16408,71,438,,0,0,0,0,2300
2022-11-04 10:57:01 UTC,16409,60,498,,0,0,0,0,2300
2022-11-04 11:57:01 UTC,16410,59,557,,4,0,0,0,2300
2022-11-04 12:57:01 UTC,16411,99,660,,0,0,0,0,2300
2022-11-04 13:57:01 UTC,16412,95,755,,0,0,0,0,2300
2022-11-04 14:57:01 UTC,16413,102,857,,0,0,0,0,2300
2022-11-04 15:57:01 UTC,16414,117,974,,4,0,0,0,2300
2022-11-04 16:57:01 UTC,16415,131,1111,,0,0,0,0,2300
2022-11-04 17:57:01 UTC,16416,128,1239,,0,0,0,0,2300
2022-11-04 18:57:01 UTC,16417,129,1368,,0,0,0,0,2300
2022-11-04 19:57:01 UTC,16418,69,1437,,4,0,0,0,2300
2022-11-04 20:57:01 UTC,16419,45,1488,,0,0,0,0,2300
2022-11-04 21:57:01 UTC,16420,40,1528,,4,0,0,0,2300
2022-11-04 22:57:01 UTC,16421,,,1528,,,,,
2022-11-04 23:57:01 UTC,16422,18,18,,0,0,0,0,1558
2022-11-05 00:57:01 UTC,16423,13,31,,0,0,0,0,1558
2022-11-05 01:57:01 UTC,16424,15,46,,0,0,0,0,1558
2022-11-05 02:57:01 UTC,16425,9,55,,0,0,0,0,1558
2022-11-05 03:57:01 UTC,16426,9,64,,4,0,0,0,1558
2022-11-05 04:57:01 UTC,16427,7,72,,0,0,0,0,1558
2022-11-05 05:57:01 UTC,16428,11,83,,0,0,0,0,1558
2022-11-05 06:57:01 UTC,16429,48,131,,0,0,0,0,1558
2022-11-05 07:57:01 UTC,16430,51,182,,4,0,0,0,1558
2022-11-05 08:57:01 UTC,16431,67,260,,0,0,0,0,1558
2022-11-05 09:57:01 UTC,16432,93,353,,0,0,0,0,1558
2022-11-05 10:57:01 UTC,16433,67,420,,0,0,0,0,1558
2022-11-05 11:57:01 UTC,16434,105,525,,4,0,0,0,1558
2022-11-05 12:57:01 UTC,16435,87,626,,0,0,0,0,1558
2022-11-05 13:57:01 UTC,16436,53,679,,0,0,0,0,1558
2022-11-05 14:57:01 UTC,16437,71,750,,0,0,0,0,1558
2022-11-05 15:57:01 UTC,16438,79,829,,4,0,0,0,1558
2022-11-05 16:57:01 UTC,16439,90,931,,0,0,0,0,1558
2022-11-05 17:57:01 UTC,16440,72,1003,,0,0,0,0,1558
2022-11-05 18:57:01 UTC,16441,59,1062,,0,0,0,0,1558
2022-11-05 19:57:01 UTC,16442,40,1102,,4,0,0,0,1558
2022-11-05 20:57:01 UTC,16443,38,1147,,0,0,0,0,1558
2022-11-05 21:57:01 UTC,16444,20,1167,,4,0,0,0,1558
2022-11-05 22:57:01 UTC,16445,,,1167,,,,,
2022-11-05 23:57:01 UTC,16446,25,25,,0,0,0,0,1195
2022-11-06 00:57:01 UTC,16447,16,41,,0,0,0,0,1195
2022-11-06 01:57:01 UTC,16448,9,50,,0,0,0,0,1195
2022-11-06 02:57:01 UTC,16449,3,53,,0,0,0,0,1195
2022-11-06 03:57:01 UTC,16450,5,58,,4,0,0,0,1195
2022-11-06 04:57:01 UTC,16451,3,63,,0,0,0,0,1195
2022-11-06 05:57:01 UTC,16452,9,72,,0,0,0,0,1195
2022-11-06 06:57:01 UTC,16453,24,96,,0,0,0,0,1195
2022-11-06 07:57:01 UTC,16454,73,169,,4,0,0,0,1195
2022-11-06 08:57:01 UTC,16455,109,291,,0,0,0,0,1195
2022-11-06 09:57:01 UTC,16456,140,431,,0,0,0,0,1195
2022-11-06 10:57:01 UTC,16457,169,600,,0,0,0,0,1195
2022-11-06 11:57:01 UTC,16458,184,784,,4,0,0,0,1195
2022-11-06 12:57:01 UTC,16459,127,935,,0,0,0,0,1195
2022-11-06 13:57:01 UTC,16460,103,1038,,0,0,0,0,1195
2022-11-06 14:57:01 UTC,16461,149,1187,,0,0,0,0,1195
2022-11-06 15:57:01 UTC,16462,160,1347,,4,0,0,0,1195
2022-11-06 16:57:01 UTC,16463,125,1485,,0,0,0,0,1195
2022-11-06 17:57:01 UTC,16464,83,1568,,0,0,0,0,1195
2022-11-06 18:57:01 UTC,16465,62,1630,,0,0,0,0,1195
2022-11-06 19:57:01 UTC,16466,49,1679,,4,0,0,0,1195
2022-11-06 20:57:01 UTC,16467,20,1711,,0,0,0,0,1195
2022-11-06 21:57:01 UTC,16468,28,1739,,4,0,0,0,1195
2022-11-06 22:57:01 UTC,16469,,,1739,,,,,
2022-11-06 23:57:01 UTC,16470,6,6,,0,0,0,0,1761
2022-11-07 00:57:01 UTC,16471,4,10,,0,0,0,0,1761
2022-11-07 01:57:01 UTC,16472,2,12,,0,0,0,0,1761
2022-11-07 02:57:01 UTC,16473,0,12,,0,0,0,0,1761
2022-11-07 03:57:01 UTC,16474,0,12,,4,0,0,0,1761
2022-11-07 04:57:01 UTC,16475,8,20,,0,0,0,0,1761
2022-11-07 05:57:01 UTC,16476,45,65,,0,0,0,0,1761
2022-11-07 06:57:01 UTC,16477,121,186,,0,0,0,0,1761
2022-11-07 07:57:01 UTC,16478,220,406,,4,0,0,0,1761
2022-11-07 08:57:01 UTC,16479,186,651,,0,0,0,0,1761
2022-11-07 09:57:01 UTC,16480,116,767,,0,0,0,0,1761
2022-11-07 10:57:01 UTC,16481,119,886,,0,0,0,0,1761
2022-11-07 11:57:01 UTC,16482,133,1019,,4,0,0,0,1761
2022-11-07 12:57:01 UTC,16483,143,1176,,0,0,0,0,1761
2022-11-07 13:57:01 UTC,16484,118,1294,,0,0,0,0,1761
2022-11-07 14:57:01 UTC,16485,119,1413,,0,0,0,0,1761
2022-11-07 15:57:01 UTC,16486,159,1572,,4,0,0,0,1761
2022-11-07 16:57:01 UTC,16487,207,1792,,0,0,0,0,1761
2022-11-07 17:57:01 UTC,16488,200,1992,,0,0,0,0,1761
2022-11-07 18:57:01 UTC,16489,166,2158,,0,0,0,0,1761
2022-11-07 19:57:01 UTC,16490,99,2257,,4,0,0,0,1761
2022-11-07 20:57:01 UTC,16491,56,2317,,0,0,0,0,1761
2022-11-07 21:57:01 UTC,16492,24,2341,,4,0,0,0,1761
2022-11-07 22:57:01 UTC,16493,,,2341,,,,,
2022-11-07 23:57:01 UTC,16494,18,18,,0,0,0,0,2361
2022-11-08 00:57:01 UTC,16495,8,26,,0,0,0,0,2361
2022-11-08 01:57:01 UTC,16496,2,28,,0,0,0,0,2361
2022-11-08 02:57:01 UTC,16497,0,28,,0,0,0,0,2361
2022-11-08 03:57:01 UTC,16498,0,28,,3.9,0,0,0,2361
2022-11-08 04:57:01 UTC,16499,10,38,,0,0,0,0,2361
2022-11-08 05:57:01 UTC,16500,35,73,,0,0,0,0,2361
2022-11-08 06:57:01 UTC,16501,116,189,,0,0,0,0,2361
2022-11-08 07:57:01 UTC,16502,241,430,,4,0,0,0,2361
2022-11-08 08:57:01 UTC,16503,203,700,,0,0,0,0,2361
2022-11-08 09:57:01 UTC,16504,114,814,,0,0,0,0,2361
2022-11-08 10:57:01 UTC,16505,118,932,,0,0,0,0,2361
2022-11-08 11:57:01 UTC,16506,108,1040,,4,0,0,0,2361
2022-11-08 12:57:01 UTC,16507,180,1229,,0,0,0,0,2361
2022-11-08 13:57:01 UTC,16508,160,1389,,0,0,0,0,2361
2022-11-08 14:57:01 UTC,16509,136,1525,,0,0,0,0,2361
2022-11-08 15:57:01 UTC,16510,181,1706,,4,0,0,0,2361
2022-11-08 16:57:01 UTC,16511,183,1904,,0,0,0,0,2361
2022-11-08 17:57:01 UTC,16512,219,2123,,0,0,0,0,2361
2022-11-08 18:57:01 UTC,16513,181,2304,,0,0,0,0,2361
2022-11-08 19:57:01 UTC,16514,109,2413,,4,0,0,0,2361
2022-11-08 20:57:01 UTC,16515,48,2469,,0,0,0,0,2361
2022-11-08 21:57:01 UTC,16516,32,2501,,4,0,0,0,2361
2022-11-08 22:57:01 UTC,16517,,,2501,,,,,
2022-11-08 23:57:01 UTC,16518,17,17,,0,0,0,0,2521
2022-11-09 00:57:01 UTC,16519,8,25,,0,0,0,0,2521
2022-11-09 01:57:01 UTC,16520,3,28,,0,0,0,0,2521
2022-11-09 02:57:01 UTC,16521,0,28,,0,0,0,0,2521
2022-11-09 03:57:01 UTC,16522,3,31,,4,0,0,0,2521
2022-11-09 04:57:01 UTC,16523,2,33,,0,0,0,0,2521
2022-11-09 05:57:01 UTC,16524,42,75,,0,0,0,0,2521
2022-11-09 06:57:01 UTC,16525,106,181,,0,0,0,0,2521
2022-11-09 07:57:01 UTC,16526,227,408,,4,0,0,0,2521
2022-11-09 08:57:01 UTC,16527,174,626,,0,0,0,0,2521
2022-11-09 09:57:01 UTC,16528,121,747,,0,0,0,0,2521
2022-11-09 10:57:01 UTC,16529,100,847,,0,0,0,0,2521
2022-11-09 11:57:01 UTC,16530,94,941,,4,0,0,0,2521
2022-11-09 12:57:01 UTC,16531,171,1130,,0,0,0,0,2521
2022-11-09 13:57:01 UTC,16532,130,1260,,0,0,0,0,2521
2022-11-09 14:57:01 UTC,16533,109,1369,,0,0,0,0,2521
2022-11-09 15:57:01 UTC,16534,158,1527,,4,0,0,0,2521
