created_at,entry_id,field1,field2,field3,field4,field5,field6,field7,field8
2021-08-09 22:57:01 UTC,5853,2,2,,0,0,0,0,64
2021-08-09 23:57:01 UTC,5854,4,6,,0,0,0,0,64
2021-08-10 00:57:01 UTC,5855,1,7,,0,0,0,0,64
2021-08-10 01:57:01 UTC,5856,0,7,,0,0,0,0,64
2021-08-10 02:57:01 UTC,5857,1,8,,4,0,0,0,64
2021-08-10 03:57:01 UTC,5858,4,12,,0,0,0,0,64
2021-08-10 04:57:01 UTC,5859,13,25,,0,0,0,0,64
2021-08-10 05:57:01 UTC,5860,18,43,,0,0,0,0,64
2021-08-10 06:57:01 UTC,5861,33,76,,4,0,0,0,64
2021-08-10 07:57:01 UTC,5862,28,107,,0,0,0,0,64
2021-08-10 08:57:01 UTC,5863,21,128,,0,0,0,0,64
2021-08-10 09:57:01 UTC,5864,16,144,,0,0,0,0,64
2021-08-10 10:57:01 UTC,5865,26,170,,4,0,0,0,64
2021-08-10 11:57:01 UTC,5866,29,199,,0,0,0,0,64
2021-08-10 12:57:01 UTC,5867,22,221,,0,0,0,0,64
2021-08-10 13:57:01 UTC,5868,35,256,,0,0,0,0,64
2021-08-10 14:57:01 UTC,5869,38,294,,0,0,0,0,64
2021-08-10 15:57:01 UTC,5870,53,347,,0,0,1,0,64
2021-08-10 16:57:01 UTC,5871,58,405,,0,0,1,0,64
2021-08-10 17:57:01 UTC,5872,11,416,,0,0,1,0,64
2021-08-10 18:57:01 UTC,5873,4,420,,4,0,1,0,64
2021-08-10 19:57:01 UTC,5874,6,426,,0,0,1,0,64
2021-08-10 20:57:01 UTC,5875,6,432,,4,0,1,0,64
2021-08-10 21:57:01 UTC,5876,,,432,,,,,
2021-08-10 22:57:01 UTC,5877,1,1,,0,0,0,0,440
2021-08-10 23:57:01 UTC,5878,1,2,,0,0,0,0,440
2021-08-11 00:57:01 UTC,5879,0,2,,0,0,0,0,440
2021-08-11 01:57:01 UTC,5880,0,2,,0,0,0,0,440
2021-08-11 02:57:01 UTC,5881,0,2,,4,0,0,0,440
2021-08-11 03:57:01 UTC,5882,3,5,,0,0,0,0,440
2021-08-11 04:57:01 UTC,5883,13,18,,0,0,0,0,440
2021-08-11 05:57:01 UTC,5884,5,23,,0,0,0,0,440
2021-08-11 06:57:01 UTC,5885,25,48,,4,0,0,0,440
2021-08-11 07:57:01 UTC,5886,22,70,,0,0,0,0,440
2021-08-11 08:57:01 UTC,5887,13,83,,0,0,0,0,440
2021-08-11 09:57:01 UTC,5888,10,93,,0,0,0,0,440
2021-08-11 10:57:01 UTC,5889,35,128,,4,0,0,0,440
2021-08-11 11:57:01 UTC,5890,28,157,,0,0,0,0,440
2021-08-11 12:57:01 UTC,5891,28,185,,0,0,0,0,440
2021-08-11 13:57:01 UTC,5892,28,213,,0,0,0,0,440
2021-08-11 14:57:01 UTC,5893,47,260,,0,0,0,0,440
2021-08-11 15:57:01 UTC,5894,60,320,,0,0,0,0,440
2021-08-11 16:57:01 UTC,5895,82,402,,0,0,0,0,440
2021-08-11 17:57:01 UTC,5896,72,474,,0,0,0,0,440
2021-08-11 18:57:01 UTC,5897,41,515,,4,0,0,0,440
2021-08-11 19:57:01 UTC,5898,13,528,,0,0,0,0,440
2021-08-11 20:57:01 UTC,5899,10,538,,4,0,0,0,440
2021-08-11 21:57:01 UTC,5900,,,538,,,,,
2021-08-11 22:57:01 UTC,5901,1,1,,0,0,0,0,547
2021-08-11 23:57:01 UTC,5902,1,2,,0,0,0,0,547
2021-08-12 00:57:01 UTC,5903,0,2,,0,0,0,0,547
2021-08-12 01:57:01 UTC,5904,1,3,,0,0,0,0,547
2021-08-12 02:57:01 UTC,5905,0,3,,4,0,0,0,547
2021-08-12 03:57:01 UTC,5906,2,5,,0,0,0,0,547
2021-08-12 04:57:01 UTC,5907,10,15,,0,0,0,0,547
2021-08-12 05:57:01 UTC,5908,25,40,,0,0,0,0,547
2021-08-12 06:57:01 UTC,5909,32,72,,4,0,0,0,547
2021-08-12 07:57:01 UTC,5910,28,101,,0,0,0,0,547
2021-08-12 08:57:01 UTC,5911,32,133,,0,0,0,0,547
2021-08-12 09:57:01 UTC,5912,42,175,,0,0,0,0,547
2021-08-12 10:57:01 UTC,5913,23,198,,4,0,0,0,547
2021-08-12 11:57:01 UTC,5914,39,238,,0,0,0,0,547
2021-08-12 12:57:01 UTC,5915,25,263,,0,0,0,0,547
2021-08-12 13:57:01 UTC,5916,29,292,,0,0,0,0,547
2021-08-12 14:57:01 UTC,5917,34,326,,0,0,0,0,547
2021-08-12 15:57:01 UTC,5918,57,383,,0,0,0,0,547
2021-08-12 16:57:01 UTC,5919,64,447,,0,0,0,0,547
2021-08-12 17:57:01 UTC,5920,74,521,,0,0,0,0,547
2021-08-12 18:57:01 UTC,5921,34,555,,4,0,0,0,547
2021-08-12 19:57:01 UTC,5922,17,572,,0,0,0,0,547
2021-08-12 20:57:01 UTC,5923,1,573,,4,0,0,0,547
2021-08-12 21:57:01 UTC,5924,,,573,,,,,
2021-08-12 22:57:01 UTC,5925,2,2,,0,0,0,0,577
2021-08-12 23:57:01 UTC,5926,1,3,,0,0,0,0,577
2021-08-13 00:57:01 UTC,5927,1,4,,0,0,0,0,577
2021-08-13 01:57:01 UTC,5928,1,5,,0,0,0,0,577
2021-08-13 02:57:01 UTC,5929,0,5,,4,0,0,0,577
2021-08-13 03:57:01 UTC,5930,2,7,,0,0,0,0,577
2021-08-13 04:57:01 UTC,5931,2,9,,0,0,0,0,577
2021-08-13 05:57:01 UTC,5932,8,17,,0,0,0,0,577
2021-08-13 06:57:01 UTC,5933,5,22,,4,0,0,0,577
2021-08-13 07:57:01 UTC,5934,14,36,,0,0,0,0,577
2021-08-13 08:57:01 UTC,5935,23,59,,0,0,0,0,577
2021-08-13 09:57:01 UTC,5936,19,78,,0,0,0,0,577
2021-08-13 10:57:01 UTC,5937,17,95,,4,0,0,0,577
2021-08-13 11:57:01 UTC,5938,35,130,,0,0,0,0,577
2021-08-13 12:57:01 UTC,5939,42,172,,0,0,0,0,577
2021-08-13 13:57:01 UTC,5940,24,196,,0,0,0,0,577
2021-08-13 14:57:01 UTC,5941,27,223,,0,0,0,0,577
2021-08-13 15:57:01 UTC,5942,35,258,,0,0,0,0,577
2021-08-13 16:57:01 UTC,5943,53,311,,0,0,0,0,577
2021-08-13 17:57:01 UTC,5944,61,372,,0,0,0,0,577
2021-08-13 18:57:01 UTC,5945,33,405,,0,0,0,0,577
2021-08-13 19:57:01 UTC,5946,15,420,,0,0,0,0,577
2021-08-13 20:57:01 UTC,5947,5,425,,4,0,0,0,577
2021-08-13 21:57:01 UTC,5948,,,425,,,,,
2021-08-13 22:57:01 UTC,5949,4,4,,0,0,0,0,429
2021-08-13 23:57:01 UTC,5950,1,5,,0,0,0,0,429
2021-08-14 00:57:01 UTC,5951,0,5,,0,0,0,0,429
2021-08-14 01:57:01 UTC,5952,0,5,,0,0,0,0,429
2021-08-14 02:57:01 UTC,5953,2,7,,4,0,0,0,429
2021-08-14 03:57:01 UTC,5954,1,9,,0,0,0,0,429
2021-08-14 04:57:01 UTC,5955,6,15,,0,0,0,0,429
2021-08-14 05:57:01 UTC,5956,7,22,,0,0,0,0,429
2021-08-14 06:57:01 UTC,5957,11,33,,4,0,0,0,429
2021-08-14 07:57:01 UTC,5958,12,45,,0,0,0,0,429
2021-08-14 08:57:01 UTC,5959,30,75,,0,0,0,0,429
2021-08-14 09:57:01 UTC,5960,19,94,,0,0,0,0,429
2021-08-14 10:57:01 UTC,5961,25,119,,4,0,0,0,429
2021-08-14 11:57:01 UTC,5962,19,138,,0,0,0,0,429
2021-08-14 12:57:01 UTC,5963,14,152,,0,0,0,0,429
2021-08-14 13:57:01 UTC,5964,11,163,,0,0,0,0,429
2021-08-14 14:57:01 UTC,5965,20,183,,0,0,0,0,429
2021-08-14 15:57:01 UTC,5966,26,209,,0,0,0,0,429
2021-08-14 16:57:01 UTC,5967,29,238,,0,0,0,0,429
2021-08-14 17:57:01 UTC,5968,42,280,,0,0,0,0,429
2021-08-14 18:57:01 UTC,5969,33,313,,4,0,0,0,429
2021-08-14 19:57:01 UTC,5970,14,327,,0,0,0,0,429
2021-08-14 20:57:01 UTC,5971,6,333,,4,0,0,0,429
2021-08-14 21:57:01 UTC,5972,,,333,,,,,
2021-08-14 22:57:01 UTC,5973,3,3,,0,0,0,0,341
2021-08-14 23:57:01 UTC,5974,0,3,,0,0,0,0,341
2021-08-15 00:57:01 UTC,5975,2,5,,0,0,0,0,341
2021-08-15 01:57:01 UTC,5976,3,8,,0,0,0,0,341
2021-08-15 02:57:01 UTC,5977,1,9,,4,0,0,0,341
2021-08-15 03:57:01 UTC,5978,2,11,,0,0,0,0,341
2021-08-15 04:57:01 UTC,5979,2,13,,0,0,0,0,341
2021-08-15 05:57:01 UTC,5980,8,21,,0,0,0,0,341
2021-08-15 06:57:01 UTC,5981,11,32,,4,0,0,0,341
2021-08-15 07:57:01 UTC,5982,15,51,,0,0,0,0,341
2021-08-15 08:57:01 UTC,5983,29,80,,0,0,0,0,341
2021-08-15 09:57:01 UTC,5984,12,92,,0,0,0,0,341
2021-08-15 10:57:01 UTC,5985,14,106,,4,0,0,0,341
2021-08-15 11:57:01 UTC,5986,14,120,,0,0,0,0,341
2021-08-15 12:57:01 UTC,5987,16,136,,0,0,0,0,341
2021-08-15 13:57:01 UTC,5988,18,154,,0,0,0,0,341
2021-08-15 14:57:01 UTC,5989,14,168,,0,0,0,0,341
2021-08-15 15:57:01 UTC,5990,17,185,,0,0,0,0,341
2021-08-15 16:57:01 UTC,5991,35,220,,0,0,0,0,341
2021-08-15 17:57:01 UTC,5992,54,274,,0,0,0,0,341
2021-08-15 18:57:01 UTC,5993,31,305,,4,0,0,0,341
2021-08-15 19:57:01 UTC,5994,9,315,,0,0,0,0,341
2021-08-15 20:57:01 UTC,5995,4,319,,4,0,0,0,341
2021-08-15 21:57:01 UTC,5996,,,319,,,,,
2021-08-15 22:57:01 UTC,5997,3,3,,0,0,0,0,325
2021-08-15 23:57:01 UTC,5998,3,6,,0,0,0,0,325
2021-08-16 00:57:01 UTC,5999,0,6,,0,0,0,0,325
2021-08-16 01:57:01 UTC,6000,2,8,,0,0,0,0,325
2021-08-16 02:57:01 UTC,6001,3,11,,4,0,0,0,325
2021-08-16 03:57:01 UTC,6002,3,14,,0,0,0,0,325
2021-08-16 04:57:01 UTC,6003,7,21,,0,0,0,0,325
2021-08-16 05:57:01 UTC,6004,11,32,,0,0,0,0,325
2021-08-16 06:57:01 UTC,6005,13,45,,4,0,0,0,325
2021-08-16 07:57:01 UTC,6006,6,52,,0,0,0,0,325
2021-08-16 08:57:01 UTC,6007,14,66,,0,0,0,0,325
2021-08-16 09:57:01 UTC,6008,11,77,,0,0,0,0,325
2021-08-16 10:57:01 UTC,6009,34,111,,4,0,0,0,325
2021-08-16 11:57:01 UTC,6010,29,140,,0,0,0,0,325
2021-08-16 12:57:01 UTC,6011,33,173,,0,0,0,0,325
2021-08-16 13:57:01 UTC,6012,19,192,,0,0,0,0,325
2021-08-16 14:57:01 UTC,6013,60,252,,0,0,0,0,325
2021-08-16 15:57:01 UTC,6014,35,287,,0,0,0,0,325
2021-08-16 16:57:01 UTC,6015,70,357,,0,0,0,0,325
2021-08-16 17:57:01 UTC,6016,57,414,,0,0,0,0,325
2021-08-16 18:57:01 UTC,6017,30,444,,4,0,0,0,325
2021-08-16 19:57:01 UTC,6018,13,459,,0,0,0,0,325
2021-08-16 20:57:01 UTC,6019,8,467,,4,0,0,0,325
2021-08-16 21:57:01 UTC,6020,,,467,,,,,
2021-08-16 22:57:01 UTC,6021,6,6,,0,0,0,0,471
2021-08-16 23:57:01 UTC,6022,0,6,,0,0,0,0,471
2021-08-17 00:57:01 UTC,6023,1,7,,0,0,0,0,471
2021-08-17 01:57:01 UTC,6024,0,7,,0,0,0,0,471
2021-08-17 02:57:01 UTC,6025,0,7,,4,0,0,0,471
2021-08-17 03:57:01 UTC,6026,1,8,,0,0,0,0,471
2021-08-17 04:57:01 UTC,6027,6,14,,0,0,0,0,471
2021-08-17 05:57:01 UTC,6028,6,20,,0,0,0,0,471
2021-08-17 06:57:01 UTC,6029,14,34,,4,0,0,0,471
2021-08-17 07:57:01 UTC,6030,10,45,,0,0,0,0,471
2021-08-17 08:57:01 UTC,6031,18,63,,0,0,0,0,471
2021-08-17 09:57:01 UTC,6032,18,81,,0,0,0,0,471
2021-08-17 10:57:01 UTC,6033,20,101,,4,0,0,0,471
2021-08-17 11:57:01 UTC,6034,11,112,,0,0,0,0,471
2021-08-17 12:57:01 UTC,6035,29,141,,0,0,0,0,471
2021-08-17 13:57:01 UTC,6036,26,167,,0,0,0,0,471
2021-08-17 14:57:01 UTC,6037,40,207,,0,0,0,0,471
2021-08-17 15:57:01 UTC,6038,50,257,,0,0,0,0,471
2021-08-17 16:57:01 UTC,6039,54,311,,0,0,0,0,471
2021-08-17 17:57:01 UTC,6040,59,370,,0,0,0,0,471
2021-08-17 18:57:01 UTC,6041,42,412,,4,0,0,0,471
2021-08-17 19:57:01 UTC,6042,11,423,,0,0,0,0,471
2021-08-17 20:57:01 UTC,6043,1,424,,4,0,0,0,471
2021-08-17 21:57:01 UTC,6044,,,424,,,,,
2021-08-17 22:57:01 UTC,6045,3,3,,0,0,0,0,427
2021-08-17 23:57:01 UTC,6046,3,6,,0,0,0,0,427
2021-08-18 00:57:01 UTC,6047,0,6,,0,0,0,0,427
2021-08-18 01:57:01 UTC,6048,1,7,,0,0,0,0,427
2021-08-18 02:57:01 UTC,6049,0,7,,4,0,0,0,427
2021-08-18 03:57:01 UTC,6050,1,8,,0,0,0,0,427
2021-08-18 04:57:01 UTC,6051,4,12,,0,0,0,0,427
2021-08-18 05:57:01 UTC,6052,5,17,,0,0,0,0,427
2021-08-18 06:57:01 UTC,6053,7,24,,4,0,0,0,427
2021-08-18 07:57:01 UTC,6054,11,36,,0,0,0,0,427
2021-08-18 08:57:01 UTC,6055,22,58,,0,0,0,0,427
2021-08-18 09:57:01 UTC,6056,12,70,,0,0,0,0,427
2021-08-18 10:57:01 UTC,6057,15,85,,4,0,0,0,427
2021-08-18 11:57:01 UTC,6058,34,121,,0,0,0,0,427
2021-08-18 12:57:01 UTC,6059,23,144,,0,0,0,0,427
2021-08-18 13:57:01 UTC,6060,20,164,,0,0,0,0,427
2021-08-18 14:57:01 UTC,6061,30,194,,0,0,0,0,427
2021-08-18 15:57:01 UTC,6062,54,248,,0,0,0,0,427
2021-08-18 16:57:01 UTC,6063,79,327,,0,0,0,0,427
2021-08-18 17:57:01 UTC,6064,60,387,,0,0,0,0,427
2021-08-18 18:57:01 UTC,6065,36,423,,4,0,0,0,427
2021-08-18 19:57:01 UTC,6066,16,440,,0,0,0,0,427
2021-08-18 20:57:01 UTC,6067,10,450,,4,0,0,0,427
2021-08-18 21:57:01 UTC,6068,,,450,,,,,
2021-08-18 22:57:01 UTC,6069,0,0,,0,0,0,0,455
2021-08-18 23:57:01 UTC,6070,0,0,,0,0,0,0,455
2021-08-19 00:57:01 UTC,6071,2,2,,0,0,0,0,455
2021-08-19 01:57:01 UTC,6072,0,2,,0,0,0,0,455
2021-08-19 02:57:01 UTC,6073,0,2,,4,0,0,0,455
2021-08-19 03:57:01 UTC,6074,2,4,,0,0,0,0,455
2021-08-19 04:57:01 UTC,6075,4,8,,0,0,0,0,455
2021-08-19 05:57:01 UTC,6076,5,13,,0,0,0,0,455
2021-08-19 06:57:01 UTC,6077,15,28,,4,0,0,0,455
2021-08-19 07:57:01 UTC,6078,14,42,,0,0,0,0,455
2021-08-19 08:57:01 UTC,6079,16,58,,0,0,0,0,455
2021-08-19 09:57:01 UTC,6080,19,77,,0,0,0,0,455
2021-08-19 10:57:01 UTC,6081,19,96,,4,0,0,0,455
2021-08-19 11:57:01 UTC,6082,38,136,,0,0,0,0,455
2021-08-19 12:57:01 UTC,6083,22,158,,0,0,0,0,455
2021-08-19 13:57:01 UTC,6084,27,185,,0,0,0,0,455
2021-08-19 14:57:01 UTC,6085,41,226,,4,0,0,0,455
2021-08-19 15:57:01 UTC,6086,56,282,,0,0,0,0,455
2021-08-19 16:57:01 UTC,6087,65,347,,0,0,0,0,455
2021-08-19 17:57:01 UTC,6088,56,403,,0,0,0,0,455
2021-08-19 18:57:01 UTC,6089,30,433,,4,0,0,0,455
2021-08-19 19:57:01 UTC,6090,9,443,,0,0,0,0,455
2021-08-19 20:57:01 UTC,6091,4,447,,4,0,0,0,455
2021-08-19 21:57:01 UTC,6092,,,447,,,,,
2021-08-19 22:57:01 UTC,6093,4,4,,0,0,0,0,453
2021-08-19 23:57:01 UTC,6094,0,4,,0,0,0,0,453
2021-08-20 00:57:01 UTC,6095,0,4,,0,0,0,0,453
2021-08-20 01:57:01 UTC,6096,0,4,,0,0,0,0,453
2021-08-20 02:57:01 UTC,6097,0,4,,4,0,0,0,453
2021-08-20 03:57:01 UTC,6098,1,6,,0,0,0,0,453
2021-08-20 04:57:01 UTC,6099,8,14,,0,0,0,0,453
2021-08-20 05:57:01 UTC,6100,19,33,,0,0,0,0,453
2021-08-20 06:57:01 UTC,6101,29,62,,4,0,0,0,453
2021-08-20 07:57:01 UTC,6102,41,106,,0,0,0,0,453
2021-08-20 08:57:01 UTC,6103,37,143,,0,0,0,0,453
2021-08-20 09:57:01 UTC,6104,28,171,,0,0,0,0,453
2021-08-20 10:57:01 UTC,6105,29,200,,4,0,0,0,453
2021-08-20 11:57:01 UTC,6106,41,242,,0,0,0,0,453
2021-08-20 12:57:01 UTC,6107,35,277,,0,0,0,0,453
2021-08-20 13:57:01 UTC,6108,35,312,,0,0,0,0,453
2021-08-20 14:57:01 UTC,6109,36,348,,0,0,0,0,453
2021-08-20 15:57:01 UTC,6110,53,401,,0,0,0,0,453
2021-08-20 16:57:01 UTC,6111,67,468,,0,0,0,0,453
2021-08-20 17:57:01 UTC,6112,4,472,,0,0,0,0,453
2021-08-20 18:57:01 UTC,6113,0,472,,4,0,0,0,453
2021-08-20 19:57:01 UTC,6114,13,485,,0,0,0,0,453
2021-08-20 20:57:01 UTC,6115,7,492,,4,0,0,0,453
2021-08-20 21:57:01 UTC,6116,,,492,,,,,
2021-08-20 22:57:01 UTC,6117,1,1,,0,0,0,0,495
2021-08-20 23:57:01 UTC,6118,2,3,,0,0,0,0,495
2021-08-21 00:57:01 UTC,6119,0,3,,0,0,0,0,495
2021-08-21 01:57:01 UTC,6120,0,3,,0,0,0,0,495
2021-08-21 02:57:01 UTC,6121,1,4,,4,0,0,0,495
2021-08-21 03:57:01 UTC,6122,5,9,,0,0,0,0,495
2021-08-21 04:57:01 UTC,6123,10,19,,0,0,0,0,495
2021-08-21 05:57:01 UTC,6124,14,33,,0,0,0,0,495
2021-08-21 06:57:01 UTC,6125,28,61,,4,0,0,0,495
2021-08-21 07:57:01 UTC,6126,29,93,,0,0,0,0,495
2021-08-21 08:57:01 UTC,6127,53,146,,0,0,0,0,495
2021-08-21 09:57:01 UTC,6128,37,183,,0,0,0,0,495
2021-08-21 10:57:01 UTC,6129,32,215,,4,0,0,0,495
2021-08-21 11:57:01 UTC,6130,20,235,,0,0,0,0,495
2021-08-21 12:57:01 UTC,6131,19,254,,0,0,0,0,495
2021-08-21 13:57:01 UTC,6132,22,276,,0,0,0,0,495
2021-08-21 14:57:01 UTC,6133,26,302,,0,0,0,0,495
2021-08-21 15:57:01 UTC,6134,43,345,,0,0,0,0,495
2021-08-21 16:57:01 UTC,6135,42,387,,0,0,0,0,495
2021-08-21 17:57:01 UTC,6136,50,437,,0,0,0,0,495
2021-08-21 18:57:01 UTC,6137,11,448,,4,0,0,0,495
2021-08-21 19:57:01 UTC,6138,7,456,,0,0,0,0,495
2021-08-21 20:57:01 UTC,6139,2,458,,4,0,0,0,495
2021-08-21 21:57:01 UTC,6140,,,458,,,,,
