created_at,entry_id,field1,field2,field3,field4,field5,field6,field7,field8
2022-10-01 00:57:01 UTC,15584,7,45,,0,0,0,0,1515
2022-10-01 01:57:01 UTC,15585,12,57,,0,0,0,0,1515
2022-10-01 02:57:01 UTC,15586,6,63,,4,0,0,0,1515
2022-10-01 03:57:01 UTC,15587,8,71,,0,0,0,0,1515
2022-10-01 04:57:01 UTC,15588,7,78,,0,0,0,0,1515
2022-10-01 05:57:01 UTC,15589,29,107,,0,0,0,0,1515
2022-10-01 06:57:01 UTC,15590,54,161,,4,0,0,0,1515
2022-10-01 07:57:01 UTC,15591,83,253,,0,0,0,0,1515
2022-10-01 08:57:01 UTC,15592,123,376,,0,0,0,0,1515
2022-10-01 09:57:01 UTC,15593,127,503,,0,0,0,0,1515
2022-10-01 10:57:01 UTC,15594,106,609,,4,0,0,0,1515
2022-10-01 11:57:01 UTC,15595,105,720,,0,0,0,0,1515
2022-10-01 12:57:01 UTC,15596,77,797,,0,0,0,0,1515
2022-10-01 13:57:01 UTC,15597,65,862,,0,0,0,0,1515
2022-10-01 14:57:01 UTC,15598,56,918,,4,0,0,0,1515
2022-10-01 15:57:01 UTC,15599,57,976,,0,0,0,0,1515
2022-10-01 16:57:01 UTC,15600,97,1073,,0,0,0,0,1515
2022-10-01 17:57:01 UTC,15601,102,1175,,0,0,0,0,1515
2022-10-01 18:57:01 UTC,15602,61,1236,,4,0,0,0,1515
2022-10-01 19:57:01 UTC,15603,38,1276,,0,0,0,0,1515
2022-10-01 20:57:01 UTC,15604,23,1299,,4,0,0,0,1515
2022-10-01 21:57:01 UTC,15605,,,1299,,,,,
2022-10-01 22:57:01 UTC,15606,36,36,,0,0,0,0,1323
2022-10-01 23:57:01 UTC,15607,15,51,,0,0,0,0,1323
2022-10-02 00:57:01 UTC,15608,13,64,,0,0,0,0,1323
2022-10-02 01:57:01 UTC,15609,11,75,,0,0,0,0,1323
2022-10-02 02:57:01 UTC,15610,14,89,,4,0,0,0,1323
2022-10-02 03:57:01 UTC,15611,2,92,,0,0,0,0,1323
2022-10-02 04:57:01 UTC,15612,14,106,,0,0,0,0,1323
2022-10-02 05:57:01 UTC,15613,32,138,,0,0,0,0,1323
2022-10-02 06:57:01 UTC,15614,58,196,,4,0,0,0,1323
2022-10-02 07:57:01 UTC,15615,125,336,,0,0,0,0,1323
2022-10-02 08:57:01 UTC,15616,169,505,,0,0,0,0,1323
2022-10-02 09:57:01 UTC,15617,184,689,,0,0,0,0,1323
2022-10-02 10:57:01 UTC,15618,159,848,,4,0,0,0,1323
2022-10-02 11:57:01 UTC,15619,126,981,,0,0,0,0,1323
2022-10-02 12:57:01 UTC,15620,90,1071,,0,0,0,0,1323
2022-10-02 13:57:01 UTC,15621,83,1154,,0,0,0,0,1323
2022-10-02 14:57:01 UTC,15622,77,1231,,4,0,0,0,1323
2022-10-02 15:57:01 UTC,15623,69,1303,,0,0,0,0,1323
2022-10-02 16:57:01 UTC,15624,143,1446,,0,0,0,0,1323
2022-10-02 17:57:01 UTC,15625,117,1563,,0,0,0,0,1323
2022-10-02 18:57:01 UTC,15626,65,1628,,4,0,0,0,1323
2022-10-02 19:57:01 UTC,15627,58,1689,,0,0,0,0,1323
2022-10-02 20:57:01 UTC,15628,26,1715,,4,0,0,0,1323
2022-10-02 21:57:01 UTC,15629,,,1715,,,,,
2022-10-02 22:57:01 UTC,15630,16,16,,0,0,0,0,1741
2022-10-02 23:57:01 UTC,15631,10,26,,0,0,0,0,1741
2022-10-03 00:57:01 UTC,15632,4,30,,0,0,0,0,1741
2022-10-03 01:57:01 UTC,15633,0,30,,0,0,0,0,1741
2022-10-03 02:57:01 UTC,15634,1,31,,4,0,0,0,1741
2022-10-03 03:57:01 UTC,15635,5,36,,0,0,0,0,1741
2022-10-03 04:57:01 UTC,15636,41,77,,0,0,0,0,1741
2022-10-03 05:57:01 UTC,15637,128,205,,0,0,0,0,1741
2022-10-03 06:57:01 UTC,15638,258,463,,4,0,0,0,1741
2022-10-03 07:57:01 UTC,15639,197,699,,0,0,0,0,1741
2022-10-03 08:57:01 UTC,15640,156,855,,0,0,0,0,1741
2022-10-03 09:57:01 UTC,15641,132,987,,0,0,0,0,1741
2022-10-03 10:57:01 UTC,15642,117,1104,,4,0,0,0,1741
2022-10-03 11:57:01 UTC,15643,144,1256,,0,0,0,0,1741
2022-10-03 12:57:01 UTC,15644,142,1398,,0,0,0,0,1741
2022-10-03 13:57:01 UTC,15645,118,1516,,0,0,0,0,1741
2022-10-03 14:57:01 UTC,15646,97,1613,,4,0,0,0,1741
2022-10-03 15:57:01 UTC,15647,82,1700,,0,0,0,0,1741
2022-10-03 16:57:01 UTC,15648,168,1868,,0,0,0,0,1741
2022-10-03 17:57:01 UTC,15649,186,2054,,0,0,0,0,1741
2022-10-03 18:57:01 UTC,15650,96,2150,,4,0,0,0,1741
2022-10-03 19:57:01 UTC,15651,45,2202,,0,0,0,0,1741
2022-10-03 20:57:01 UTC,15652,27,2229,,4,0,0,0,1741
2022-10-03 21:57:01 UTC,15653,,,2229,,,,,
2022-10-03 22:57:01 UTC,15654,17,17,,0,0,0,0,2257
2022-10-03 23:57:01 UTC,15655,7,24,,0,0,0,0,2257
2022-10-04 00:57:01 UTC,15656,0,24,,0,0,0,0,2257
2022-10-04 01:57:01 UTC,15657,1,25,,0,0,0,0,2257
2022-10-04 02:57:01 UTC,15658,2,27,,4,0,0,0,2257
2022-10-04 03:57:01 UTC,15659,10,38,,0,0,0,0,2257
2022-10-04 04:57:01 UTC,15660,46,84,,0,0,0,0,2257
2022-10-04 05:57:01 UTC,15661,134,218,,0,0,0,0,2257
2022-10-04 06:57:01 UTC,15662,281,499,,4,0,0,0,2257
2022-10-04 07:57:01 UTC,15663,222,759,,0,0,0,0,2257
2022-10-04 08:57:01 UTC,15664,148,907,,0,0,0,0,2257
2022-10-04 09:57:01 UTC,15665,136,1043,,0,0,0,0,2257
2022-10-04 10:57:01 UTC,15666,126,1169,,4,0,0,0,2257
2022-10-04 11:57:01 UTC,15667,164,1339,,0,0,0,0,2257
2022-10-04 12:57:01 UTC,15668,131,1470,,0,0,0,0,2257
2022-10-04 13:57:01 UTC,15669,103,1573,,0,0,0,0,2257
2022-10-04 14:57:01 UTC,15670,95,1668,,4,0,0,0,2257
2022-10-04 15:57:01 UTC,15671,85,1758,,0,0,0,0,2257
2022-10-04 16:57:01 UTC,15672,162,1920,,0,0,0,0,2257
2022-10-04 17:57:01 UTC,15673,171,2091,,0,0,0,0,2257
2022-10-04 18:57:01 UTC,15674,107,2198,,4,0,0,0,2257
2022-10-04 19:57:01 UTC,15675,58,2262,,0,0,0,0,2257
2022-10-04 20:57:01 UTC,15676,37,2299,,4,0,0,0,2257
2022-10-04 21:57:01 UTC,15677,,,2299,,,,,
2022-10-04 22:57:01 UTC,15678,15,15,,0,0,0,0,2333
2022-10-04 23:57:01 UTC,15679,10,25,,0,0,0,0,2333
2022-10-05 00:57:01 UTC,15680,3,28,,0,0,0,0,2333
2022-10-05 01:57:01 UTC,15681,0,28,,0,0,0,0,2333
2022-10-05 02:57:01 UTC,15682,1,29,,4,0,0,0,2333
2022-10-05 03:57:01 UTC,15683,6,37,,0,0,0,0,2333
2022-10-05 04:57:01 UTC,15684,50,87,,0,0,0,0,2333
2022-10-05 05:57:01 UTC,15685,141,228,,0,0,0,0,2333
2022-10-05 06:57:01 UTC,15686,271,499,,4,0,0,0,2333
2022-10-05 07:57:01 UTC,15687,203,737,,0,0,0,0,2333
2022-10-05 08:57:01 UTC,15688,144,881,,0,0,0,0,2333
2022-10-05 09:57:01 UTC,15689,116,997,,0,0,0,0,2333
2022-10-05 10:57:01 UTC,15690,104,1101,,4,0,0,0,2333
2022-10-05 11:57:01 UTC,15691,172,1277,,0,0,0,0,2333
2022-10-05 12:57:01 UTC,15692,156,1433,,0,0,0,0,2333
2022-10-05 13:57:01 UTC,15693,134,1567,,0,0,0,0,2333
2022-10-05 14:57:01 UTC,15694,57,1624,,4,0,0,0,2333
2022-10-05 15:57:01 UTC,15695,86,1712,,0,0,0,0,2333
2022-10-05 16:57:01 UTC,15696,202,1914,,0,0,0,0,2333
2022-10-05 17:57:01 UTC,15697,188,2102,,0,0,0,0,2333
2022-10-05 18:57:01 UTC,15698,102,2204,,4,0,0,0,2333
2022-10-05 19:57:01 UTC,15699,62,2269,,0,0,0,0,2333
2022-10-05 20:57:01 UTC,15700,39,2308,,4,0,0,0,2333
2022-10-05 21:57:01 UTC,15701,,,2308,,,,,
2022-10-05 22:57:01 UTC,15702,20,20,,0,0,0,0,2338
2022-10-05 23:57:01 UTC,15703,14,34,,0,0,0,0,2338
2022-10-06 00:57:01 UTC,15704,1,35,,0,0,0,0,2338
2022-10-06 01:57:01 UTC,15705,4,39,,0,0,0,0,2338
2022-10-06 02:57:01 UTC,15706,19,58,,4,0,0,0,2338
2022-10-06 03:57:01 UTC,15707,8,66,,0,0,0,0,2338
2022-10-06 04:57:01 UTC,15708,40,106,,0,0,0,0,2338
2022-10-06 05:57:01 UTC,15709,137,243,,0,0,0,0,2338
2022-10-06 06:57:01 UTC,15710,243,486,,4,0,0,0,2338
2022-10-06 07:57:01 UTC,15711,198,714,,0,0,0,0,2338
2022-10-06 08:57:01 UTC,15712,126,840,,0,0,0,0,2338
2022-10-06 09:57:01 UTC,15713,113,953,,0,0,0,0,2338
2022-10-06 10:57:01 UTC,15714,104,1057,,4,0,0,0,2338
2022-10-06 11:57:01 UTC,15715,148,1215,,0,0,0,0,2338
2022-10-06 12:57:01 UTC,15716,131,1346,,0,0,0,0,2338
2022-10-06 13:57:01 UTC,15717,116,1462,,0,0,0,0,2338
2022-10-06 14:57:01 UTC,15718,61,1523,,4,0,0,0,2338
2022-10-06 15:57:01 UTC,15719,91,1615,,0,0,0,0,2338
2022-10-06 16:57:01 UTC,15720,188,1803,,0,0,0,0,2338
2022-10-06 17:57:01 UTC,15721,170,1973,,0,0,0,0,2338
2022-10-06 18:57:01 UTC,15722,101,2074,,4,0,0,0,2338
2022-10-06 19:57:01 UTC,15723,51,2129,,0,0,0,0,2338
2022-10-06 20:57:01 UTC,15724,46,2175,,4,0,0,0,2338
2022-10-06 21:57:01 UTC,15725,,,2175,,,,,
2022-10-06 22:57:01 UTC,15726,29,29,,0,0,0,0,2214
2022-10-06 23:57:01 UTC,15727,11,40,,0,0,0,0,2214
2022-10-07 00:57:01 UTC,15728,4,44,,0,0,0,0,2214
2022-10-07 01:57:01 UTC,15729,0,44,,0,0,0,0,2214
2022-10-07 02:57:01 UTC,15730,3,47,,4,0,0,0,2214
2022-10-07 03:57:01 UTC,15731,9,56,,0,0,0,0,2214
2022-10-07 04:57:01 UTC,15732,42,98,,0,0,0,0,2214
2022-10-07 05:57:01 UTC,15733,120,218,,0,0,0,0,2214
2022-10-07 06:57:01 UTC,15734,246,464,,4,0,0,0,2214
2022-10-07 07:57:01 UTC,15735,136,631,,0,0,0,0,2214
2022-10-07 08:57:01 UTC,15736,109,740,,0,0,0,0,2214
2022-10-07 09:57:01 UTC,15737,96,836,,0,0,0,0,2214
2022-10-07 10:57:01 UTC,15738,99,935,,4,0,0,0,2214
2022-10-07 11:57:01 UTC,15739,105,1044,,0,0,0,0,2214
2022-10-07 12:57:01 UTC,15740,96,1140,,0,0,0,0,2214
2022-10-07 13:57:01 UTC,15741,103,1243,,0,0,0,0,2214
2022-10-07 14:57:01 UTC,15742,72,1315,,4,0,0,0,2214
2022-10-07 15:57:01 UTC,15743,110,1429,,0,0,0,0,2214
2022-10-07 16:57:01 UTC,15744,153,1582,,0,0,0,0,2214
2022-10-07 17:57:01 UTC,15745,159,1741,,0,0,0,0,2214
2022-10-07 18:57:01 UTC,15746,97,1838,,4,0,0,0,2214
2022-10-07 19:57:01 UTC,15747,43,1884,,0,0,0,0,2214
2022-10-07 20:57:01 UTC,15748,34,1918,,4,0,0,0,2214
2022-10-07 21:57:01 UTC,15749,,,1918,,,,,
2022-10-07 22:57:01 UTC,15750,54,54,,0,0,0,0,1952
2022-10-07 23:57:01 UTC,15751,11,65,,0,0,0,0,1952
2022-10-08 00:57:01 UTC,15752,6,71,,0,0,0,0,1952
2022-10-08 01:57:01 UTC,15753,3,74,,0,0,0,0,1952
2022-10-08 02:57:01 UTC,15754,13,87,,4,0,0,0,1952
2022-10-08 03:57:01 UTC,15755,6,94,,0,0,0,0,1952
2022-10-08 04:57:01 UTC,15756,16,110,,0,0,0,0,1952
2022-10-08 05:57:01 UTC,15757,45,155,,0,0,0,0,1952
2022-10-08 06:57:01 UTC,15758,56,211,,4,0,0,0,1952
2022-10-08 07:57:01 UTC,15759,99,324,,0,0,0,0,1952
2022-10-08 08:57:01 UTC,15760,91,415,,0,0,0,0,1952
2022-10-08 09:57:01 UTC,15761,105,520,,0,0,0,0,1952
2022-10-08 10:57:01 UTC,15762,59,579,,4,0,0,0,1952
2022-10-08 11:57:01 UTC,15763,78,664,,0,0,0,0,1952
2022-10-08 12:57:01 UTC,15764,73,737,,0,0,0,0,1952
2022-10-08 13:57:01 UTC,15765,68,805,,0,0,0,0,1952
2022-10-08 14:57:01 UTC,15766,31,836,,4,0,0,0,1952
2022-10-08 15:57:01 UTC,15767,61,901,,0,0,0,0,1952
2022-10-08 16:57:01 UTC,15768,105,1006,,0,0,0,0,1952
2022-10-08 17:57:01 UTC,15769,87,1093,,0,0,0,0,1952
2022-10-08 18:57:01 UTC,15770,56,1149,,4,0,0,0,1952
2022-10-08 19:57:01 UTC,15771,42,1195,,0,0,0,0,1952
2022-10-08 20:57:01 UTC,15772,43,1238,,4,0,0,0,1952
2022-10-08 21:57:01 UTC,15773,,,1238,,,,,
2022-10-08 22:57:01 UTC,15774,34,34,,0,0,0,0,1272
2022-10-08 23:57:01 UTC,15775,24,58,,0,0,0,0,1272
2022-10-09 00:57:01 UTC,15776,30,88,,0,0,0,0,1272
2022-10-09 01:57:01 UTC,15777,10,98,,0,0,0,0,1272
2022-10-09 02:57:01 UTC,15778,10,108,,4,0,0,0,1272
2022-10-09 03:57:01 UTC,15779,6,114,,0,0,0,0,1272
2022-10-09 04:57:01 UTC,15780,17,131,,0,0,0,0,1272
2022-10-09 05:57:01 UTC,15781,29,160,,0,0,0,0,1272
2022-10-09 06:57:01 UTC,15782,56,216,,4,0,0,0,1272
2022-10-09 07:57:01 UTC,15783,96,321,,0,0,0,0,1272
2022-10-09 08:57:01 UTC,15784,115,436,,0,0,0,0,1272
2022-10-09 09:57:01 UTC,15785,117,553,,0,0,0,0,1272
2022-10-09 10:57:01 UTC,15786,69,622,,4,0,0,0,1272
2022-10-09 11:57:01 UTC,15787,34,656,,0,0,0,0,1272
2022-10-09 12:57:01 UTC,15788,20,676,,0,0,0,0,1272
2022-10-09 13:57:01 UTC,15789,37,713,,0,0,0,0,1272
2022-10-09 14:57:01 UTC,15790,29,742,,4,0,0,0,1272
2022-10-09 15:57:01 UTC,15791,70,812,,0,0,0,0,1272
2022-10-09 16:57:01 UTC,15792,91,903,,0,0,0,0,1272
2022-10-09 17:57:01 UTC,15793,96,999,,0,0,0,0,1272
2022-10-09 18:57:01 UTC,15794,64,1063,,4,0,0,0,1272
2022-10-09 19:57:01 UTC,15795,34,1098,,0,0,0,0,1272
2022-10-09 20:57:01 UTC,15796,24,1122,,4,0,0,0,1272
2022-10-09 21:57:01 UTC,15797,,,1122,,,,,
2022-10-09 22:57:01 UTC,15798,17,17,,0,0,0,0,1161
2022-10-09 23:57:01 UTC,15799,12,29,,0,0,0,0,1161
2022-10-10 00:57:01 UTC,15800,6,35,,0,0,0,0,1161
2022-10-10 01:57:01 UTC,15801,4,39,,0,0,0,0,1161
2022-10-10 02:57:01 UTC,15802,1,40,,4,0,0,0,1161
2022-10-10 03:57:01 UTC,15803,4,45,,0,0,0,0,1161
2022-10-10 04:57:01 UTC,15804,32,77,,0,0,0,0,1161
2022-10-10 05:57:01 UTC,15805,111,188,,0,0,0,0,1161
2022-10-10 06:57:01 UTC,15806,185,373,,4,0,0,0,1161
2022-10-10 07:57:01 UTC,15807,193,598,,0,0,0,0,1161
2022-10-10 08:57:01 UTC,15808,144,742,,0,0,0,0,1161
2022-10-10 09:57:01 UTC,15809,119,861,,0,0,0,0,1161
2022-10-10 10:57:01 UTC,15810,91,952,,4,0,0,0,1161
2022-10-10 11:57:01 UTC,15811,89,1047,,0,0,0,0,1161
2022-10-10 12:57:01 UTC,15812,66,1113,,0,0,0,0,1161
2022-10-10 13:57:01 UTC,15813,56,1169,,0,0,0,0,1161
2022-10-10 14:57:01 UTC,15814,46,1215,,4,0,0,0,1161
2022-10-10 15:57:01 UTC,15815,66,1283,,0,0,0,0,1161
2022-10-10 16:57:01 UTC,15816,175,1458,,0,0,0,0,1161
2022-10-10 17:57:01 UTC,15817,183,1641,,0,0,0,0,1161
2022-10-10 18:57:01 UTC,15818,87,1728,,4,0,0,0,1161
2022-10-10 19:57:01 UTC,15819,47,1780,,0,0,0,0,1161
2022-10-10 20:57:01 UTC,15820,25,1805,,4,0,0,0,1161
2022-10-10 21:57:01 UTC,15821,,,1805,,,,,
