created_at,entry_id,field1,field2,field3,field4,field5,field6,field7,field8
2022-09-01 00:57:01 UTC,14864,0,0,,0,0,0,0,0
2022-09-01 01:57:01 UTC,14865,0,0,,0,0,0,0,0
2022-09-01 02:57:01 UTC,14866,0,0,,4,0,0,0,0
2022-09-01 03:57:01 UTC,14867,0,0,,0,0,0,0,0
2022-09-01 04:57:01 UTC,14868,0,0,,0,0,0,0,0
2022-09-01 05:57:01 UTC,14869,0,0,,0,0,0,0,0
2022-09-01 06:57:01 UTC,14870,0,0,,4,0,0,0,0
2022-09-01 07:57:01 UTC,14871,0,0,,0,0,0,0,0
2022-09-01 08:57:01 UTC,14872,0,0,,0,0,0,0,0
2022-09-01 09:57:01 UTC,14873,0,0,,0,0,0,0,0
2022-09-01 10:57:01 UTC,14874,0,0,,4,0,0,0,0
2022-09-01 11:57:01 UTC,14875,0,0,,0,0,0,0,0
2022-09-01 12:57:01 UTC,14876,0,0,,0,0,0,0,0
2022-09-01 13:57:01 UTC,14877,0,0,,0,0,0,0,0
2022-09-01 14:57:01 UTC,14878,0,0,,4,0,0,0,0
2022-09-01 15:57:01 UTC,14879,0,0,,0,0,0,0,0
2022-09-01 16:57:01 UTC,14880,0,0,,0,0,0,0,0
2022-09-01 17:57:01 UTC,14881,0,0,,0,0,0,0,0
2022-09-01 18:57:01 UTC,14882,0,0,,4,0,0,0,0
2022-09-01 19:57:01 UTC,14883,0,0,,0,0,0,0,0
2022-09-01 20:57:01 UTC,14884,0,0,,4,0,0,0,0
2022-09-01 21:57:01 UTC,14885,,,0,,,,,
2022-09-01 22:57:01 UTC,14886,0,0,,0,0,0,0,0
2022-09-01 23:57:01 UTC,14887,0,0,,0,0,0,0,0
2022-09-02 00:57:01 UTC,14888,0,0,,0,0,0,0,0
2022-09-02 01:57:01 UTC,14889,0,0,,0,0,0,0,0
2022-09-02 02:57:01 UTC,14890,0,0,,4,0,0,0,0
2022-09-02 03:57:01 UTC,14891,0,0,,0,0,0,0,0
2022-09-02 04:57:01 UTC,14892,0,0,,0,0,0,0,0
2022-09-02 05:57:01 UTC,14893,0,0,,0,0,0,0,0
2022-09-02 06:57:01 UTC,14894,0,0,,4,0,0,0,0
2022-09-02 07:57:01 UTC,14895,0,0,,0,0,0,0,0
2022-09-02 08:57:01 UTC,14896,0,0,,0,0,0,0,0
2022-09-02 09:57:01 UTC,14897,0,0,,0,0,0,0,0
2022-09-02 10:57:01 UTC,14898,0,0,,4,0,0,0,0
2022-09-02 11:57:01 UTC,14899,0,0,,0,0,0,0,0
2022-09-02 12:57:01 UTC,14900,0,0,,0,0,0,0,0
2022-09-02 13:57:01 UTC,14901,67,67,,0,0,0,0,0
2022-09-02 14:57:01 UTC,14902,117,184,,4,0,0,0,0
2022-09-02 15:57:01 UTC,14903,141,325,,0,0,0,0,0
2022-09-02 16:57:01 UTC,14904,119,444,,0,0,0,0,0
2022-09-02 17:57:01 UTC,14905,52,496,,0,0,0,0,0
2022-09-02 18:57:01 UTC,14906,23,519,,4,0,0,0,0
2022-09-02 19:57:01 UTC,14907,22,542,,0,0,0,0,0
2022-09-02 20:57:01 UTC,14908,23,565,,4,0,0,0,0
2022-09-02 21:57:01 UTC,14909,,,565,,,,,
2022-09-02 22:57:01 UTC,14910,14,14,,0,0,0,0,589
2022-09-02 23:57:01 UTC,14911,19,33,,0,0,0,0,589
2022-09-03 00:57:01 UTC,14912,9,42,,0,0,0,0,589
2022-09-03 01:57:01 UTC,14913,0,42,,0,0,0,0,589
2022-09-03 02:57:01 UTC,14914,4,46,,4,0,0,0,589
2022-09-03 03:57:01 UTC,14915,4,51,,0,0,0,0,589
2022-09-03 04:57:01 UTC,14916,15,66,,0,0,0,0,589
2022-09-03 05:57:01 UTC,14917,36,102,,0,0,0,0,589
2022-09-03 06:57:01 UTC,14918,47,149,,4,0,0,0,589
2022-09-03 07:57:01 UTC,14919,37,190,,0,0,0,0,589
2022-09-03 08:57:01 UTC,14920,23,213,,0,0,0,0,589
2022-09-03 09:57:01 UTC,14921,14,227,,0,0,0,0,589
2022-09-03 10:57:01 UTC,14922,10,237,,4,0,0,0,589
2022-09-03 11:57:01 UTC,14923,48,287,,0,0,0,0,589
2022-09-03 12:57:01 UTC,14924,17,304,,0,0,0,0,589
2022-09-03 13:57:01 UTC,14925,31,335,,0,0,0,0,589
2022-09-03 14:57:01 UTC,14926,58,393,,4,0,0,0,589
2022-09-03 15:57:01 UTC,14927,31,425,,0,0,0,0,589
2022-09-03 16:57:01 UTC,14928,14,439,,0,0,0,0,589
2022-09-03 17:57:01 UTC,14929,30,469,,0,0,0,0,589
2022-09-03 18:57:01 UTC,14930,24,493,,4,0,0,0,589
2022-09-03 19:57:01 UTC,14931,0,493,,0,0,0,0,589
2022-09-03 20:57:01 UTC,14932,0,493,,4,0,0,0,589
2022-09-03 21:57:01 UTC,14933,,,493,,,,,
2022-09-03 22:57:01 UTC,14934,0,0,,0,0,0,0,493
2022-09-03 23:57:01 UTC,14935,0,0,,0,0,0,0,493
2022-09-04 00:57:01 UTC,14936,0,0,,0,0,0,0,493
2022-09-04 01:57:01 UTC,14937,0,0,,0,0,0,0,493
2022-09-04 02:57:01 UTC,14938,0,0,,4,0,0,0,493
2022-09-04 03:57:01 UTC,14939,0,0,,0,0,0,0,493
2022-09-04 04:57:01 UTC,14940,0,0,,0,0,0,0,493
2022-09-04 05:57:01 UTC,14941,0,0,,0,0,0,0,493
2022-09-04 06:57:01 UTC,14942,0,0,,4,0,0,0,493
2022-09-04 07:57:01 UTC,14943,0,0,,0,0,0,0,493
2022-09-04 08:57:01 UTC,14944,0,0,,0,0,0,0,493
2022-09-04 09:57:01 UTC,14945,0,0,,0,0,0,0,493
2022-09-04 10:57:01 UTC,14946,0,0,,4,0,0,0,493
2022-09-04 11:57:01 UTC,14947,0,0,,0,0,0,0,493
2022-09-04 12:57:01 UTC,14948,0,0,,0,0,0,0,493
2022-09-04 13:57:01 UTC,14949,6,6,,0,0,0,0,493
2022-09-04 14:57:01 UTC,14950,101,107,,4,0,0,0,493
2022-09-04 15:57:01 UTC,14951,120,227,,0,0,0,0,493
2022-09-04 16:57:01 UTC,14952,75,302,,0,0,0,0,493
2022-09-04 17:57:01 UTC,14953,35,337,,0,0,0,0,493
2022-09-04 18:57:01 UTC,14954,41,378,,4,0,0,0,493
2022-09-04 19:57:01 UTC,14955,21,400,,0,0,0,0,493
2022-09-04 20:57:01 UTC,14956,15,415,,4,0,0,0,493
2022-09-04 21:57:01 UTC,14957,,,415,,,,,
2022-09-04 22:57:01 UTC,14958,19,19,,0,0,0,0,435
2022-09-04 23:57:01 UTC,14959,13,32,,0,0,0,0,435
2022-09-05 00:57:01 UTC,14960,7,39,,0,0,0,0,435
2022-09-05 01:57:01 UTC,14961,3,42,,0,0,0,0,435
2022-09-05 02:57:01 UTC,14962,2,44,,4,0,0,0,435
2022-09-05 03:57:01 UTC,14963,9,53,,0,0,0,0,435
2022-09-05 04:57:01 UTC,14964,31,84,,0,0,0,0,435
2022-09-05 05:57:01 UTC,14965,106,190,,0,0,0,0,435
2022-09-05 06:57:01 UTC,14966,198,388,,4,0,0,0,435
2022-09-05 07:57:01 UTC,14967,169,582,,0,0,0,0,435
2022-09-05 08:57:01 UTC,14968,108,690,,0,0,0,0,435
2022-09-05 09:57:01 UTC,14969,112,802,,0,0,0,0,435
2022-09-05 10:57:01 UTC,14970,67,869,,4,0,0,0,435
2022-09-05 11:57:01 UTC,14971,126,998,,0,0,0,0,435
2022-09-05 12:57:01 UTC,14972,55,1053,,0,0,0,0,435
2022-09-05 13:57:01 UTC,14973,91,1144,,0,0,0,0,435
2022-09-05 14:57:01 UTC,14974,115,1259,,0,0,0,0,435
2022-09-05 15:57:01 UTC,14975,150,1409,,0,0,0,0,435
2022-09-05 16:57:01 UTC,14976,137,1546,,0,0,0,0,435
2022-09-05 17:57:01 UTC,14977,46,1592,,0,0,0,0,435
2022-09-05 18:57:01 UTC,14978,22,1614,,4,0,0,0,435
2022-09-05 19:57:01 UTC,14979,15,1629,,0,0,0,0,435
2022-09-05 20:57:01 UTC,14980,24,1653,,4,0,0,0,435
2022-09-05 21:57:01 UTC,14981,,,1653,,,,,
2022-09-05 22:57:01 UTC,14982,18,18,,0,0,0,0,1667
2022-09-05 23:57:01 UTC,14983,11,29,,0,0,0,0,1667
2022-09-06 00:57:01 UTC,14984,3,32,,0,0,0,0,1667
2022-09-06 01:57:01 UTC,14985,0,32,,0,0,0,0,1667
2022-09-06 02:57:01 UTC,14986,2,34,,4,0,0,0,1667
2022-09-06 03:57:01 UTC,14987,7,41,,0,0,0,0,1667
2022-09-06 04:57:01 UTC,14988,48,89,,0,0,0,0,1667
2022-09-06 05:57:01 UTC,14989,128,217,,0,0,0,0,1667
2022-09-06 06:57:01 UTC,14990,194,411,,4,0,0,0,1667
2022-09-06 07:57:01 UTC,14991,162,604,,0,0,0,0,1667
2022-09-06 08:57:01 UTC,14992,123,727,,0,0,0,0,1667
2022-09-06 09:57:01 UTC,14993,120,847,,0,0,0,0,1667
2022-09-06 10:57:01 UTC,14994,91,938,,4,0,0,0,1667
2022-09-06 11:57:01 UTC,14995,114,1061,,0,0,0,0,1667
2022-09-06 12:57:01 UTC,14996,28,1089,,0,0,0,0,1667
2022-09-06 13:57:01 UTC,14997,86,1175,,0,0,0,0,1667
2022-09-06 14:57:01 UTC,14998,117,1292,,0,0,0,0,1667
2022-09-06 15:57:01 UTC,14999,176,1468,,0,0,0,0,1667
2022-09-06 16:57:01 UTC,15000,164,1632,,0,0,0,0,1667
2022-09-06 17:57:01 UTC,15001,36,1668,,0,0,0,0,1667
2022-09-06 18:57:01 UTC,15002,18,1686,,4,0,0,0,1667
2022-09-06 19:57:01 UTC,15003,19,1705,,0,0,0,0,1667
2022-09-06 20:57:01 UTC,15004,20,1725,,4,0,0,0,1667
2022-09-06 21:57:01 UTC,15005,,,1725,,,,,
2022-09-06 22:57:01 UTC,15006,16,16,,0,0,0,0,1749
2022-09-06 23:57:01 UTC,15007,11,27,,0,0,0,0,1749
2022-09-07 00:57:01 UTC,15008,1,28,,0,0,0,0,1749
2022-09-07 01:57:01 UTC,15009,4,32,,0,0,0,0,1749
2022-09-07 02:57:01 UTC,15010,0,32,,4,0,0,0,1749
2022-09-07 03:57:01 UTC,15011,8,41,,0,0,0,0,1749
2022-09-07 04:57:01 UTC,15012,35,76,,0,0,0,0,1749
2022-09-07 05:57:01 UTC,15013,90,166,,0,0,0,0,1749
2022-09-07 06:57:01 UTC,15014,190,356,,4,0,0,0,1749
2022-09-07 07:57:01 UTC,15015,171,547,,0,0,0,0,1749
2022-09-07 08:57:01 UTC,15016,100,647,,0,0,0,0,1749
2022-09-07 09:57:01 UTC,15017,93,740,,0,0,0,0,1749
2022-09-07 10:57:01 UTC,15018,84,824,,4,0,0,0,1749
2022-09-07 11:57:01 UTC,15019,106,933,,0,0,0,0,1749
2022-09-07 12:57:01 UTC,15020,21,954,,0,0,0,0,1749
2022-09-07 13:57:01 UTC,15021,89,1043,,0,0,0,0,1749
2022-09-07 14:57:01 UTC,15022,128,1171,,0,0,0,0,1749
2022-09-07 15:57:01 UTC,15023,165,1336,,0,0,0,0,1749
2022-09-07 16:57:01 UTC,15024,150,1486,,0,0,0,0,1749
2022-09-07 17:57:01 UTC,15025,29,1515,,0,0,0,0,1749
2022-09-07 18:57:01 UTC,15026,16,1531,,4,0,0,0,1749
2022-09-07 19:57:01 UTC,15027,20,1552,,0,0,0,0,1749
2022-09-07 20:57:01 UTC,15028,15,1567,,4,0,0,0,1749
2022-09-07 21:57:01 UTC,15029,,,1567,,,,,
2022-09-07 22:57:01 UTC,15030,14,14,,0,0,0,0,1588
2022-09-07 23:57:01 UTC,15031,16,30,,0,0,0,0,1588
2022-09-08 00:57:01 UTC,15032,3,33,,0,0,0,0,1588
2022-09-08 01:57:01 UTC,15033,1,34,,0,0,0,0,1588
2022-09-08 02:57:01 UTC,15034,4,38,,4,0,0,0,1588
2022-09-08 03:57:01 UTC,15035,8,46,,0,0,0,0,1588
2022-09-08 04:57:01 UTC,15036,30,76,,0,0,0,0,1588
2022-09-08 05:57:01 UTC,15037,77,153,,0,0,0,0,1588
2022-09-08 06:57:01 UTC,15038,138,291,,4,0,0,0,1588
2022-09-08 07:57:01 UTC,15039,113,417,,0,0,0,0,1588
2022-09-08 08:57:01 UTC,15040,28,445,,0,0,0,0,1588
2022-09-08 09:57:01 UTC,15041,11,456,,0,0,0,0,1588
2022-09-08 10:57:01 UTC,15042,18,474,,4,0,0,0,1588
2022-09-08 11:57:01 UTC,15043,36,511,,0,0,0,0,1588
2022-09-08 12:57:01 UTC,15044,13,524,,0,0,0,0,1588
2022-09-08 13:57:01 UTC,15045,27,551,,0,0,0,0,1588
2022-09-08 14:57:01 UTC,15046,68,619,,4,0,0,0,1588
2022-09-08 15:57:01 UTC,15047,80,700,,0,0,0,0,1588
2022-09-08 16:57:01 UTC,15048,78,778,,0,0,0,0,1588
2022-09-08 17:57:01 UTC,15049,17,795,,0,0,0,0,1588
2022-09-08 18:57:01 UTC,15050,35,830,,4,0,0,0,1588
2022-09-08 19:57:01 UTC,15051,20,851,,0,0,0,0,1588
2022-09-08 20:57:01 UTC,15052,16,867,,4,0,0,0,1588
2022-09-08 21:57:01 UTC,15053,,,867,,,,,
2022-09-08 22:57:01 UTC,15054,24,24,,0,0,0,0,889
2022-09-08 23:57:01 UTC,15055,10,34,,0,0,0,0,889
2022-09-09 00:57:01 UTC,15056,4,38,,0,0,0,0,889
2022-09-09 01:57:01 UTC,15057,2,40,,0,0,0,0,889
2022-09-09 02:57:01 UTC,15058,3,43,,4,0,0,0,889
2022-09-09 03:57:01 UTC,15059,7,50,,0,0,0,0,889
2022-09-09 04:57:01 UTC,15060,37,87,,0,0,0,0,889
2022-09-09 05:57:01 UTC,15061,107,194,,0,0,0,0,889
2022-09-09 06:57:01 UTC,15062,222,416,,4,0,0,0,889
2022-09-09 07:57:01 UTC,15063,153,584,,0,0,0,0,889
2022-09-09 08:57:01 UTC,15064,101,685,,0,0,0,0,889
2022-09-09 09:57:01 UTC,15065,63,748,,0,0,0,0,889
2022-09-09 10:57:01 UTC,15066,7,755,,4,0,0,0,889
2022-09-09 11:57:01 UTC,15067,88,847,,0,0,0,0,889
2022-09-09 12:57:01 UTC,15068,20,867,,0,0,0,0,889
2022-09-09 13:57:01 UTC,15069,56,923,,0,0,0,0,889
2022-09-09 14:57:01 UTC,15070,130,1053,,4,0,0,0,889
2022-09-09 15:57:01 UTC,15071,173,1226,,0,0,0,0,889
2022-09-09 16:57:01 UTC,15072,60,1286,,0,0,0,0,889
2022-09-09 17:57:01 UTC,15073,25,1311,,0,0,0,0,889
2022-09-09 18:57:01 UTC,15074,42,1353,,4,0,0,0,889
2022-09-09 19:57:01 UTC,15075,22,1375,,0,0,0,0,889
2022-09-09 20:57:01 UTC,15076,25,1400,,4,0,0,0,889
2022-09-09 21:57:01 UTC,15077,,,1400,,,,,
2022-09-09 22:57:01 UTC,15078,19,19,,0,0,0,0,1425
2022-09-09 23:57:01 UTC,15079,12,31,,0,0,0,0,1425
2022-09-10 00:57:01 UTC,15080,11,42,,0,0,0,0,1425
2022-09-10 01:57:01 UTC,15081,5,47,,0,0,0,0,1425
2022-09-10 02:57:01 UTC,15082,4,51,,4,0,0,0,1425
2022-09-10 03:57:01 UTC,15083,7,58,,0,0,0,0,1425
2022-09-10 04:57:01 UTC,15084,18,76,,0,0,0,0,1425
2022-09-10 05:57:01 UTC,15085,44,120,,0,0,0,0,1425
2022-09-10 06:57:01 UTC,15086,68,188,,4,0,0,0,1425
2022-09-10 07:57:01 UTC,15087,73,269,,0,0,0,0,1425
2022-09-10 08:57:01 UTC,15088,103,372,,0,0,0,0,1425
2022-09-10 09:57:01 UTC,15089,92,464,,0,0,0,0,1425
2022-09-10 10:57:01 UTC,15090,66,530,,4,0,0,0,1425
2022-09-10 11:57:01 UTC,15091,59,596,,0,0,0,0,1425
2022-09-10 12:57:01 UTC,15092,18,614,,0,0,0,0,1425
2022-09-10 13:57:01 UTC,15093,38,652,,0,0,0,0,1425
2022-09-10 14:57:01 UTC,15094,75,727,,4,0,0,0,1425
2022-09-10 15:57:01 UTC,15095,104,831,,0,0,0,0,1425
2022-09-10 16:57:01 UTC,15096,80,911,,0,0,0,0,1425
2022-09-10 17:57:01 UTC,15097,26,937,,0,0,0,0,1425
2022-09-10 18:57:01 UTC,15098,15,952,,4,0,0,0,1425
2022-09-10 19:57:01 UTC,15099,18,970,,0,0,0,0,1425
2022-09-10 20:57:01 UTC,15100,27,997,,4,0,0,0,1425
2022-09-10 21:57:01 UTC,15101,,,997,,,,,
