created_at,entry_id,field1,field2,field3,field4,field5,field6,field7,field8
2022-01-01 00:57:01 UTC,9067,17,32,,0,0,0,0,1171
2022-01-01 01:57:01 UTC,9068,8,40,,0,0,0,0,1171
2022-01-01 02:57:01 UTC,9069,8,48,,0,0,0,0,1171
2022-01-01 03:57:01 UTC,9070,12,60,,3.9,0,0,0,1171
2022-01-01 04:57:01 UTC,9071,8,71,,0,0,0,0,1171
2022-01-01 05:57:01 UTC,9072,3,74,,0,0,0,0,1171
2022-01-01 06:57:01 UTC,9073,8,82,,0,0,0,0,1171
2022-01-01 07:57:01 UTC,9074,6,88,,4,0,0,0,1171
2022-01-01 08:57:01 UTC,9075,37,127,,0,0,0,0,1171
2022-01-01 09:57:01 UTC,9076,68,195,,0,0,0,0,1171
2022-01-01 10:57:01 UTC,9077,101,296,,0,0,0,0,1171
2022-01-01 11:57:01 UTC,9078,129,425,,4,0,0,0,1171
2022-01-01 12:57:01 UTC,9079,101,547,,0,0,0,0,1171
2022-01-01 13:57:01 UTC,9080,93,640,,0,0,0,0,1171
2022-01-01 14:57:01 UTC,9081,133,773,,0,0,0,0,1171
2022-01-01 15:57:01 UTC,9082,126,899,,4,0,0,0,1171
2022-01-01 16:57:01 UTC,9083,102,1014,,0,0,0,0,1171
2022-01-01 17:57:01 UTC,9084,51,1065,,0,0,0,0,1171
2022-01-01 18:57:01 UTC,9085,35,1100,,0,0,0,0,1171
2022-01-01 19:57:01 UTC,9086,36,1136,,4,0,0,0,1171
2022-01-01 20:57:01 UTC,9087,10,1152,,0,0,0,0,1171
2022-01-01 21:57:01 UTC,9088,17,1169,,4,0,0,0,1171
2022-01-01 22:57:01 UTC,9089,,,1169,,,,,
2022-01-01 23:57:01 UTC,9090,11,11,,0,0,0,0,1181
2022-01-02 00:57:01 UTC,9091,2,13,,0,0,0,0,1181
2022-01-02 01:57:01 UTC,9092,3,16,,0,0,0,0,1181
2022-01-02 02:57:01 UTC,9093,2,18,,0,0,0,0,1181
2022-01-02 03:57:01 UTC,9094,1,19,,4,0,0,0,1181
2022-01-02 04:57:01 UTC,9095,4,23,,0,0,0,0,1181
2022-01-02 05:57:01 UTC,9096,11,34,,0,0,0,0,1181
2022-01-02 06:57:01 UTC,9097,14,48,,0,0,0,0,1181
2022-01-02 07:57:01 UTC,9098,34,82,,4,0,0,0,1181
2022-01-02 08:57:01 UTC,9099,74,166,,0,0,0,0,1181
2022-01-02 09:57:01 UTC,9100,82,248,,0,0,0,0,1181
2022-01-02 10:57:01 UTC,9101,149,397,,0,0,0,0,1181
2022-01-02 11:57:01 UTC,9102,143,540,,4,0,0,0,1181
2022-01-02 12:57:01 UTC,9103,75,641,,0,0,0,0,1181
2022-01-02 13:57:01 UTC,9104,55,696,,0,0,0,0,1181
2022-01-02 14:57:01 UTC,9105,89,785,,0,0,0,0,1181
2022-01-02 15:57:01 UTC,9106,96,881,,4,0,0,0,1181
2022-01-02 16:57:01 UTC,9107,68,970,,0,0,0,0,1181
2022-01-02 17:57:01 UTC,9108,43,1013,,0,0,0,0,1181
2022-01-02 18:57:01 UTC,9109,44,1057,,0,0,0,0,1181
2022-01-02 19:57:01 UTC,9110,41,1098,,4,0,0,0,1181
2022-01-02 20:57:01 UTC,9111,17,1118,,0,0,0,0,1181
2022-01-02 21:57:01 UTC,9112,11,1129,,4,0,0,0,1181
2022-01-02 22:57:01 UTC,9113,,,1129,,,,,
2022-01-02 23:57:01 UTC,9114,8,8,,0,0,0,0,1145
2022-01-03 00:57:01 UTC,9115,3,11,,0,0,0,0,1145
2022-01-03 01:57:01 UTC,9116,1,12,,0,0,0,0,1145
2022-01-03 02:57:01 UTC,9117,0,12,,0,0,0,0,1145
2022-01-03 03:57:01 UTC,9118,1,13,,4,0,0,0,1145
2022-01-03 04:57:01 UTC,9119,8,21,,0,0,0,0,1145
2022-01-03 05:57:01 UTC,9120,18,39,,0,0,0,0,1145
2022-01-03 06:57:01 UTC,9121,42,81,,0,0,0,0,1145
2022-01-03 07:57:01 UTC,9122,91,172,,4,0,0,0,1145
2022-01-03 08:57:01 UTC,9123,80,272,,0,0,0,0,1145
2022-01-03 09:57:01 UTC,9124,70,342,,0,0,0,0,1145
2022-01-03 10:57:01 UTC,9125,90,432,,0,0,0,0,1145
2022-01-03 11:57:01 UTC,9126,80,512,,4,0,0,0,1145
2022-01-03 12:57:01 UTC,9127,67,588,,0,0,0,0,1145
2022-01-03 13:57:01 UTC,9128,58,646,,0,0,0,0,1145
2022-01-03 14:57:01 UTC,9129,74,720,,0,0,0,0,1145
2022-01-03 15:57:01 UTC,9130,62,782,,4,0,0,0,1145
2022-01-03 16:57:01 UTC,9131,96,889,,0,0,0,0,1145
2022-01-03 17:57:01 UTC,9132,96,985,,0,0,0,0,1145
2022-01-03 18:57:01 UTC,9133,92,1077,,0,0,0,0,1145
2022-01-03 19:57:01 UTC,9134,43,1120,,4,0,0,0,1145
2022-01-03 20:57:01 UTC,9135,16,1140,,0,0,0,0,1145
2022-01-03 21:57:01 UTC,9136,15,1155,,4,0,0,0,1145
2022-01-03 22:57:01 UTC,9137,,,1155,,,,,
2022-01-03 23:57:01 UTC,9138,10,10,,0,0,0,0,1166
2022-01-04 00:57:01 UTC,9139,4,14,,0,0,0,0,1166
2022-01-04 01:57:01 UTC,9140,1,15,,0,0,0,0,1166
2022-01-04 02:57:01 UTC,9141,1,16,,0,0,0,0,1166
2022-01-04 03:57:01 UTC,9142,1,17,,4,0,0,0,1166
2022-01-04 04:57:01 UTC,9143,10,27,,0,0,0,0,1166
2022-01-04 05:57:01 UTC,9144,31,58,,0,0,0,0,1166
2022-01-04 06:57:01 UTC,9145,46,104,,0,0,0,0,1166
2022-01-04 07:57:01 UTC,9146,79,183,,4,0,0,0,1166
2022-01-04 08:57:01 UTC,9147,92,292,,0,0,0,0,1166
2022-01-04 09:57:01 UTC,9148,65,357,,0,0,0,0,1166
2022-01-04 10:57:01 UTC,9149,56,413,,0,0,0,0,1166
2022-01-04 11:57:01 UTC,9150,62,475,,4,0,0,0,1166
2022-01-04 12:57:01 UTC,9151,69,550,,0,0,0,0,1166
2022-01-04 13:57:01 UTC,9152,82,632,,0,0,0,0,1166
2022-01-04 14:57:01 UTC,9153,72,704,,0,0,0,0,1166
2022-01-04 15:57:01 UTC,9154,95,799,,4,0,0,0,1166
2022-01-04 16:57:01 UTC,9155,101,908,,0,0,0,0,1166
2022-01-04 17:57:01 UTC,9156,103,1011,,0,0,0,0,1166
2022-01-04 18:57:01 UTC,9157,84,1095,,0,0,0,0,1166
2022-01-04 19:57:01 UTC,9158,49,1144,,4,0,0,0,1166
2022-01-04 20:57:01 UTC,9159,26,1175,,0,0,0,0,1166
2022-01-04 21:57:01 UTC,9160,16,1191,,4,0,0,0,1166
2022-01-04 22:57:01 UTC,9161,,,1191,,,,,
2022-01-04 23:57:01 UTC,9162,15,15,,0,0,0,0,1209
2022-01-05 00:57:01 UTC,9163,3,18,,0,0,0,0,1209
2022-01-05 01:57:01 UTC,9164,6,24,,0,0,0,0,1209
2022-01-05 02:57:01 UTC,9165,0,24,,0,0,0,0,1209
2022-01-05 03:57:01 UTC,9166,0,24,,4,0,0,0,1209
2022-01-05 04:57:01 UTC,9167,7,31,,0,0,0,0,1209
2022-01-05 05:57:01 UTC,9168,21,52,,0,0,0,0,1209
2022-01-05 06:57:01 UTC,9169,51,103,,0,0,0,0,1209
2022-01-05 07:57:01 UTC,9170,77,180,,4,0,0,0,1209
2022-01-05 08:57:01 UTC,9171,101,296,,0,0,0,0,1209
2022-01-05 09:57:01 UTC,9172,88,384,,0,0,0,0,1209
2022-01-05 10:57:01 UTC,9173,87,471,,0,0,0,0,1209
2022-01-05 11:57:01 UTC,9174,104,575,,4,0,0,0,1209
2022-01-05 12:57:01 UTC,9175,90,680,,0,0,0,0,1209
2022-01-05 13:57:01 UTC,9176,64,744,,0,0,0,0,1209
2022-01-05 14:57:01 UTC,9177,70,814,,0,0,0,0,1209
2022-01-05 15:57:01 UTC,9178,83,897,,4,0,0,0,1209
2022-01-05 16:57:01 UTC,9179,54,960,,0,0,0,0,1209
2022-01-05 17:57:01 UTC,9180,66,1026,,0,0,0,0,1209
2022-01-05 18:57:01 UTC,9181,44,1070,,0,0,0,0,1209
2022-01-05 19:57:01 UTC,9182,28,1098,,4,0,0,0,1209
2022-01-05 20:57:01 UTC,9183,18,1120,,0,0,0,0,1209
2022-01-05 21:57:01 UTC,9184,14,1134,,4,0,0,0,1209
2022-01-05 22:57:01 UTC,9185,,,1134,,,,,
2022-01-05 23:57:01 UTC,9186,5,5,,0,0,0,0,1151
2022-01-06 00:57:01 UTC,9187,3,8,,0,0,0,0,1151
2022-01-06 01:57:01 UTC,9188,0,8,,0,0,0,0,1151
2022-01-06 02:57:01 UTC,9189,1,9,,0,0,0,0,1151
2022-01-06 03:57:01 UTC,9190,0,9,,4,0,0,0,1151
2022-01-06 04:57:01 UTC,9191,1,11,,0,0,0,0,1151
2022-01-06 05:57:01 UTC,9192,6,17,,0,0,0,0,1151
2022-01-06 06:57:01 UTC,9193,12,29,,0,0,0,0,1151
2022-01-06 07:57:01 UTC,9194,47,76,,4,0,0,0,1151
2022-01-06 08:57:01 UTC,9195,58,147,,0,0,0,0,1151
2022-01-06 09:57:01 UTC,9196,92,239,,0,0,0,0,1151
2022-01-06 10:57:01 UTC,9197,94,333,,0,0,0,0,1151
2022-01-06 11:57:01 UTC,9198,98,431,,4,0,0,0,1151
2022-01-06 12:57:01 UTC,9199,77,528,,0,0,0,0,1151
2022-01-06 13:57:01 UTC,9200,69,597,,0,0,0,0,1151
2022-01-06 14:57:01 UTC,9201,91,688,,0,0,0,0,1151
2022-01-06 15:57:01 UTC,9202,113,801,,3.9,0,0,0,1151
2022-01-06 16:57:01 UTC,9203,86,899,,0,0,0,0,1151
2022-01-06 17:57:01 UTC,9204,48,947,,0,0,0,0,1151
2022-01-06 18:57:01 UTC,9205,32,979,,0,0,0,0,1151
2022-01-06 19:57:01 UTC,9206,44,1023,,4,0,0,0,1151
2022-01-06 20:57:01 UTC,9207,25,1053,,0,0,0,0,1151
2022-01-06 21:57:01 UTC,9208,15,1068,,3.9,0,0,0,1151
2022-01-06 22:57:01 UTC,9209,,,1068,,,,,
2022-01-06 23:57:01 UTC,9210,9,9,,0,0,0,0,1088
2022-01-07 00:57:01 UTC,9211,3,12,,0,0,0,0,1088
2022-01-07 01:57:01 UTC,9212,1,13,,0,0,0,0,1088
2022-01-07 02:57:01 UTC,9213,2,15,,0,0,0,0,1088
2022-01-07 03:57:01 UTC,9214,0,15,,4,0,0,0,1088
2022-01-07 04:57:01 UTC,9215,6,22,,0,0,0,0,1088
2022-01-07 05:57:01 UTC,9216,19,41,,0,0,0,0,1088
2022-01-07 06:57:01 UTC,9217,36,77,,0,0,0,0,1088
2022-01-07 07:57:01 UTC,9218,55,132,,4,0,0,0,1088
2022-01-07 08:57:01 UTC,9219,74,227,,0,0,0,0,1088
2022-01-07 09:57:01 UTC,9220,96,323,,0,0,0,0,1088
2022-01-07 10:57:01 UTC,9221,99,422,,0,0,0,0,1088
2022-01-07 11:57:01 UTC,9222,111,533,,4,0,0,0,1088
2022-01-07 12:57:01 UTC,9223,115,663,,0,0,0,0,1088
2022-01-07 13:57:01 UTC,9224,89,752,,0,0,0,0,1088
2022-01-07 14:57:01 UTC,9225,109,861,,0,0,0,0,1088
2022-01-07 15:57:01 UTC,9226,121,982,,4,0,0,0,1088
2022-01-07 16:57:01 UTC,9227,94,1089,,0,0,0,0,1088
2022-01-07 17:57:01 UTC,9228,81,1170,,0,0,0,0,1088
2022-01-07 18:57:01 UTC,9229,85,1255,,0,0,0,0,1088
2022-01-07 19:57:01 UTC,9230,44,1299,,4,0,0,0,1088
2022-01-07 20:57:01 UTC,9231,28,1329,,0,0,0,0,1088
2022-01-07 21:57:01 UTC,9232,9,1338,,4,0,0,0,1088
2022-01-07 22:57:01 UTC,9233,,,1338,,,,,
2022-01-07 23:57:01 UTC,9234,13,13,,0,0,0,0,1354
2022-01-08 00:57:01 UTC,9235,5,18,,0,0,0,0,1354
2022-01-08 01:57:01 UTC,9236,1,19,,0,0,0,0,1354
2022-01-08 02:57:01 UTC,9237,2,21,,0,0,0,0,1354
2022-01-08 03:57:01 UTC,9238,1,22,,4,0,0,0,1354
2022-01-08 04:57:01 UTC,9239,3,25,,0,0,0,0,1354
2022-01-08 05:57:01 UTC,9240,10,35,,0,0,0,0,1354
2022-01-08 06:57:01 UTC,9241,15,50,,0,0,0,0,1354
2022-01-08 07:57:01 UTC,9242,42,92,,4,0,0,0,1354
2022-01-08 08:57:01 UTC,9243,65,164,,0,0,0,0,1354
2022-01-08 09:57:01 UTC,9244,85,249,,0,0,0,0,1354
2022-01-08 10:57:01 UTC,9245,108,357,,0,0,0,0,1354
2022-01-08 11:57:01 UTC,9246,112,469,,4,0,0,0,1354
2022-01-08 12:57:01 UTC,9247,96,589,,0,0,0,0,1354
2022-01-08 13:57:01 UTC,9248,94,683,,0,0,0,0,1354
2022-01-08 14:57:01 UTC,9249,120,803,,0,0,0,0,1354
2022-01-08 15:57:01 UTC,9250,146,949,,4,0,0,0,1354
2022-01-08 16:57:01 UTC,9251,92,1063,,0,0,0,0,1354
2022-01-08 17:57:01 UTC,9252,79,1142,,0,0,0,0,1354
2022-01-08 18:57:01 UTC,9253,75,1217,,0,0,0,0,1354
2022-01-08 19:57:01 UTC,9254,32,1249,,4,0,0,0,1354
2022-01-08 20:57:01 UTC,9255,19,1274,,0,0,0,0,1354
2022-01-08 21:57:01 UTC,9256,11,1285,,4,0,0,0,1354
2022-01-08 22:57:01 UTC,9257,,,1285,,,,,
2022-01-08 23:57:01 UTC,9258,12,12,,0,0,0,0,1302
2022-01-09 00:57:01 UTC,9259,3,15,,0,0,0,0,1302
2022-01-09 01:57:01 UTC,9260,3,18,,0,0,0,0,1302
2022-01-09 02:57:01 UTC,9261,4,22,,0,0,0,0,1302
2022-01-09 03:57:01 UTC,9262,1,23,,4,0,0,0,1302
2022-01-09 04:57:01 UTC,9263,4,27,,0,0,0,0,1302
2022-01-09 05:57:01 UTC,9264,11,38,,0,0,0,0,1302
2022-01-09 06:57:01 UTC,9265,17,55,,0,0,0,0,1302
2022-01-09 07:57:01 UTC,9266,41,96,,4,0,0,0,1302
2022-01-09 08:57:01 UTC,9267,46,160,,0,0,0,0,1302
2022-01-09 09:57:01 UTC,9268,69,229,,0,0,0,0,1302
2022-01-09 10:57:01 UTC,9269,61,290,,0,0,0,0,1302
2022-01-09 11:57:01 UTC,9270,50,340,,4,0,0,0,1302
2022-01-09 12:57:01 UTC,9271,20,365,,0,0,0,0,1302
2022-01-09 13:57:01 UTC,9272,7,372,,0,0,0,0,1302
2022-01-09 14:57:01 UTC,9273,8,380,,0,0,0,0,1302
2022-01-09 15:57:01 UTC,9274,29,409,,4,0,0,0,1302
2022-01-09 16:57:01 UTC,9275,38,453,,0,0,0,0,1302
2022-01-09 17:57:01 UTC,9276,51,504,,0,0,0,0,1302
2022-01-09 18:57:01 UTC,9277,39,543,,0,0,0,0,1302
2022-01-09 19:57:01 UTC,9278,28,571,,4,0,0,0,1302
2022-01-09 20:57:01 UTC,9279,16,591,,0,0,0,0,1302
2022-01-09 21:57:01 UTC,9280,11,602,,4,0,0,0,1302
2022-01-09 22:57:01 UTC,9281,,,602,,,,,
