created_at,entry_id,field1,field2,field3,field4,field5,field6,field7,field8
2022-03-01 00:57:01 UTC,10483,4,20,,0,0,0,0,2024
2022-03-01 01:57:01 UTC,10484,3,23,,0,0,0,0,2024
2022-03-01 02:57:01 UTC,10485,2,25,,0,0,0,0,2024
2022-03-01 03:57:01 UTC,10486,2,27,,4,0,0,0,2024
2022-03-01 04:57:01 UTC,10487,10,37,,0,0,0,0,2024
2022-03-01 05:57:01 UTC,10488,31,68,,0,0,0,0,2024
2022-03-01 06:57:01 UTC,10489,102,170,,0,0,0,0,2024
2022-03-01 07:57:01 UTC,10490,168,338,,4,0,0,0,2024
2022-03-01 08:57:01 UTC,10491,151,532,,0,0,0,0,2024
2022-03-01 09:57:01 UTC,10492,97,629,,0,0,0,0,2024
2022-03-01 10:57:01 UTC,10493,91,720,,0,0,0,0,2024
2022-03-01 11:57:01 UTC,10494,119,839,,4,0,0,0,2024
2022-03-01 12:57:01 UTC,10495,129,993,,0,0,0,0,2024
2022-03-01 13:57:01 UTC,10496,78,1071,,0,0,0,0,2024
2022-03-01 14:57:01 UTC,10497,75,1146,,0,0,0,0,2024
2022-03-01 15:57:01 UTC,10498,68,1214,,4,0,0,0,2024
2022-03-01 16:57:01 UTC,10499,106,1333,,0,0,0,0,2024
2022-03-01 17:57:01 UTC,10500,125,1458,,0,0,0,0,2024
2022-03-01 18:57:01 UTC,10501,120,1578,,0,0,0,0,2024
2022-03-01 19:57:01 UTC,10502,74,1652,,4,0,0,0,2024
2022-03-01 20:57:01 UTC,10503,48,1716,,0,0,0,0,2024
2022-03-01 21:57:01 UTC,10504,17,1733,,3.9,0,0,0,2024
2022-03-01 22:57:01 UTC,10505,,,1733,,,,,
2022-03-01 23:57:01 UTC,10506,13,13,,0,0,0,0,1742
2022-03-02 00:57:01 UTC,10507,2,15,,0,0,0,0,1742
2022-03-02 01:57:01 UTC,10508,0,15,,0,0,0,0,1742
2022-03-02 02:57:01 UTC,10509,1,16,,0,0,0,0,1742
2022-03-02 03:57:01 UTC,10510,1,17,,4,0,0,0,1742
2022-03-02 04:57:01 UTC,10511,1,18,,0,0,0,0,1742
2022-03-02 05:57:01 UTC,10512,25,43,,0,0,0,0,1742
2022-03-02 06:57:01 UTC,10513,95,138,,0,0,0,0,1742
2022-03-02 07:57:01 UTC,10514,163,301,,4,0,0,0,1742
2022-03-02 08:57:01 UTC,10515,144,513,,0,0,0,0,1742
2022-03-02 09:57:01 UTC,10516,103,616,,0,0,0,0,1742
2022-03-02 10:57:01 UTC,10517,102,718,,0,0,0,0,1742
2022-03-02 11:57:01 UTC,10518,114,832,,4,0,0,0,1742
2022-03-02 12:57:01 UTC,10519,162,1009,,0,0,0,0,1742
2022-03-02 13:57:01 UTC,10520,137,1146,,0,0,0,0,1742
2022-03-02 14:57:01 UTC,10521,117,1263,,0,0,0,0,1742
2022-03-02 15:57:01 UTC,10522,94,1357,,4,0,0,0,1742
2022-03-02 16:57:01 UTC,10523,135,1504,,0,0,0,0,1742
2022-03-02 17:57:01 UTC,10524,166,1670,,0,0,0,0,1742
2022-03-02 18:57:01 UTC,10525,165,1835,,0,0,0,0,1742
2022-03-02 19:57:01 UTC,10526,87,1922,,4,0,0,0,1742
2022-03-02 20:57:01 UTC,10527,56,1990,,0,0,0,0,1742
2022-03-02 21:57:01 UTC,10528,23,2013,,4,0,0,0,1742
2022-03-02 22:57:01 UTC,10529,,,2013,,,,,
2022-03-02 23:57:01 UTC,10530,9,9,,0,0,0,0,2041
2022-03-03 00:57:01 UTC,10531,7,16,,0,0,0,0,2041
2022-03-03 01:57:01 UTC,10532,3,19,,0,0,0,0,2041
2022-03-03 02:57:01 UTC,10533,2,21,,0,0,0,0,2041
2022-03-03 03:57:01 UTC,10534,2,23,,4,0,0,0,2041
2022-03-03 04:57:01 UTC,10535,6,29,,0,0,0,0,2041
2022-03-03 05:57:01 UTC,10536,34,63,,0,0,0,0,2041
2022-03-03 06:57:01 UTC,10537,98,161,,0,0,0,0,2041
2022-03-03 07:57:01 UTC,10538,173,334,,3.9,0,0,0,2041
2022-03-03 08:57:01 UTC,10539,143,529,,0,0,0,0,2041
2022-03-03 09:57:01 UTC,10540,87,616,,0,0,0,0,2041
2022-03-03 10:57:01 UTC,10541,54,670,,0,0,0,0,2041
2022-03-03 11:57:01 UTC,10542,57,727,,4,0,0,0,2041
2022-03-03 12:57:01 UTC,10543,101,840,,0,0,0,0,2041
2022-03-03 13:57:01 UTC,10544,136,976,,0,0,0,0,2041
2022-03-03 14:57:01 UTC,10545,91,1067,,0,0,0,0,2041
2022-03-03 15:57:01 UTC,10546,84,1151,,4,0,0,0,2041
2022-03-03 16:57:01 UTC,10547,121,1292,,0,0,0,0,2041
2022-03-03 17:57:01 UTC,10548,183,1475,,0,0,0,0,2041
2022-03-03 18:57:01 UTC,10549,138,1613,,0,0,0,0,2041
2022-03-03 19:57:01 UTC,10550,90,1703,,4,0,0,0,2041
2022-03-03 20:57:01 UTC,10551,47,1761,,0,0,0,0,2041
2022-03-03 21:57:01 UTC,10552,28,1789,,3.9,0,0,0,2041
2022-03-03 22:57:01 UTC,10553,,,1789,,,,,
2022-03-03 23:57:01 UTC,10554,20,20,,0,0,0,0,1810
2022-03-04 00:57:01 UTC,10555,8,28,,0,0,0,0,1810
2022-03-04 01:57:01 UTC,10556,2,30,,0,0,0,0,1810
2022-03-04 02:57:01 UTC,10557,1,31,,0,0,0,0,1810
2022-03-04 03:57:01 UTC,10558,2,33,,4,0,0,0,1810
2022-03-04 04:57:01 UTC,10559,4,37,,0,0,0,0,1810
2022-03-04 05:57:01 UTC,10560,28,65,,0,0,0,0,1810
2022-03-04 06:57:01 UTC,10561,80,145,,0,0,0,0,1810
2022-03-04 07:57:01 UTC,10562,166,311,,4,0,0,0,1810
2022-03-04 08:57:01 UTC,10563,156,518,,0,0,0,0,1810
2022-03-04 09:57:01 UTC,10564,85,603,,0,0,0,0,1810
2022-03-04 10:57:01 UTC,10565,112,715,,0,0,0,0,1810
2022-03-04 11:57:01 UTC,10566,80,795,,4,0,0,0,1810
2022-03-04 12:57:01 UTC,10567,123,933,,0,0,0,0,1810
2022-03-04 13:57:01 UTC,10568,100,1033,,0,0,0,0,1810
2022-03-04 14:57:01 UTC,10569,73,1106,,0,0,0,0,1810
2022-03-04 15:57:01 UTC,10570,51,1157,,4,0,0,0,1810
2022-03-04 16:57:01 UTC,10571,46,1208,,0,0,0,0,1810
2022-03-04 17:57:01 UTC,10572,67,1275,,0,0,0,0,1810
2022-03-04 18:57:01 UTC,10573,71,1346,,0,0,0,0,1810
2022-03-04 19:57:01 UTC,10574,57,1403,,4,0,0,0,1810
2022-03-04 20:57:01 UTC,10575,43,1456,,0,0,0,0,1810
2022-03-04 21:57:01 UTC,10576,30,1486,,4,0,0,0,1810
2022-03-04 22:57:01 UTC,10577,,,1486,,,,,
2022-03-04 23:57:01 UTC,10578,12,12,,0,0,0,0,1505
2022-03-05 00:57:01 UTC,10579,13,25,,0,0,0,0,1505
2022-03-05 01:57:01 UTC,10580,7,32,,0,0,0,0,1505
2022-03-05 02:57:01 UTC,10581,4,36,,0,0,0,0,1505
2022-03-05 03:57:01 UTC,10582,3,39,,4,0,0,0,1505
2022-03-05 04:57:01 UTC,10583,5,44,,0,0,0,0,1505
2022-03-05 05:57:01 UTC,10584,14,58,,0,0,0,0,1505
2022-03-05 06:57:01 UTC,10585,32,90,,0,0,0,0,1505
2022-03-05 07:57:01 UTC,10586,52,142,,4,0,0,0,1505
2022-03-05 08:57:01 UTC,10587,84,238,,0,0,0,0,1505
2022-03-05 09:57:01 UTC,10588,122,360,,0,0,0,0,1505
2022-03-05 10:57:01 UTC,10589,128,488,,0,0,0,0,1505
2022-03-05 11:57:01 UTC,10590,126,614,,4,0,0,0,1505
2022-03-05 12:57:01 UTC,10591,120,754,,0,0,0,0,1505
2022-03-05 13:57:01 UTC,10592,93,847,,0,0,0,0,1505
2022-03-05 14:57:01 UTC,10593,84,931,,0,0,0,0,1505
2022-03-05 15:57:01 UTC,10594,112,1043,,4,0,0,0,1505
2022-03-05 16:57:01 UTC,10595,115,1173,,0,0,0,0,1505
2022-03-05 17:57:01 UTC,10596,76,1249,,0,0,0,0,1505
2022-03-05 18:57:01 UTC,10597,62,1311,,0,0,0,0,1505
2022-03-05 19:57:01 UTC,10598,46,1357,,4,0,0,0,1505
2022-03-05 20:57:01 UTC,10599,30,1397,,0,0,0,0,1505
2022-03-05 21:57:01 UTC,10600,18,1415,,4,0,0,0,1505
2022-03-05 22:57:01 UTC,10601,,,1415,,,,,
2022-03-05 23:57:01 UTC,10602,13,13,,0,0,0,0,1445
2022-03-06 00:57:01 UTC,10603,7,20,,0,0,0,0,1445
2022-03-06 01:57:01 UTC,10604,4,24,,0,0,0,0,1445
2022-03-06 02:57:01 UTC,10605,7,31,,0,0,0,0,1445
2022-03-06 03:57:01 UTC,10606,2,33,,4,0,0,0,1445
2022-03-06 04:57:01 UTC,10607,5,39,,0,0,0,0,1445
2022-03-06 05:57:01 UTC,10608,3,42,,0,0,0,0,1445
2022-03-06 06:57:01 UTC,10609,15,57,,0,0,0,0,1445
2022-03-06 07:57:01 UTC,10610,51,108,,4,0,0,0,1445
2022-03-06 08:57:01 UTC,10611,92,221,,0,0,0,0,1445
2022-03-06 09:57:01 UTC,10612,151,372,,0,0,0,0,1445
2022-03-06 10:57:01 UTC,10613,161,533,,0,0,0,0,1445
2022-03-06 11:57:01 UTC,10614,190,723,,4,0,0,0,1445
2022-03-06 12:57:01 UTC,10615,125,876,,0,0,0,0,1445
2022-03-06 13:57:01 UTC,10616,118,994,,0,0,0,0,1445
2022-03-06 14:57:01 UTC,10617,140,1134,,0,0,0,0,1445
2022-03-06 15:57:01 UTC,10618,114,1248,,4,0,0,0,1445
2022-03-06 16:57:01 UTC,10619,119,1386,,0,0,0,0,1445
2022-03-06 17:57:01 UTC,10620,83,1469,,0,0,0,0,1445
2022-03-06 18:57:01 UTC,10621,48,1517,,0,0,0,0,1445
2022-03-06 19:57:01 UTC,10622,32,1549,,4,0,0,0,1445
2022-03-06 20:57:01 UTC,10623,40,1594,,0,0,0,0,1445
2022-03-06 21:57:01 UTC,10624,20,1614,,4,0,0,0,1445
2022-03-06 22:57:01 UTC,10625,,,1614,,,,,
2022-03-06 23:57:01 UTC,10626,10,10,,0,0,0,0,1634
2022-03-07 00:57:01 UTC,10627,3,13,,0,0,0,0,1634
2022-03-07 01:57:01 UTC,10628,2,15,,0,0,0,0,1634
2022-03-07 02:57:01 UTC,10629,0,15,,0,0,0,0,1634
2022-03-07 03:57:01 UTC,10630,1,16,,4,0,0,0,1634
2022-03-07 04:57:01 UTC,10631,6,22,,0,0,0,0,1634
2022-03-07 05:57:01 UTC,10632,23,45,,0,0,0,0,1634
2022-03-07 06:57:01 UTC,10633,71,116,,0,0,0,0,1634
2022-03-07 07:57:01 UTC,10634,160,276,,4,0,0,0,1634
2022-03-07 08:57:01 UTC,10635,157,485,,0,0,0,0,1634
2022-03-07 09:57:01 UTC,10636,95,580,,0,0,0,0,1634
2022-03-07 10:57:01 UTC,10637,93,673,,0,0,0,0,1634
2022-03-07 11:57:01 UTC,10638,96,769,,4,0,0,0,1634
2022-03-07 12:57:01 UTC,10639,119,901,,0,0,0,0,1634
2022-03-07 13:57:01 UTC,10640,101,1002,,0,0,0,0,1634
2022-03-07 14:57:01 UTC,10641,76,1078,,0,0,0,0,1634
2022-03-07 15:57:01 UTC,10642,73,1151,,4,0,0,0,1634
2022-03-07 16:57:01 UTC,10643,115,1269,,0,0,0,0,1634
2022-03-07 17:57:01 UTC,10644,170,1439,,0,0,0,0,1634
2022-03-07 18:57:01 UTC,10645,149,1588,,0,0,0,0,1634
2022-03-07 19:57:01 UTC,10646,83,1671,,4,0,0,0,1634
2022-03-07 20:57:01 UTC,10647,35,1714,,0,0,0,0,1634
2022-03-07 21:57:01 UTC,10648,23,1737,,4,0,0,0,1634
2022-03-07 22:57:01 UTC,10649,,,1737,,,,,
2022-03-07 23:57:01 UTC,10650,5,5,,0,0,0,0,1751
2022-03-08 00:57:01 UTC,10651,7,12,,0,0,0,0,1751
2022-03-08 01:57:01 UTC,10652,5,17,,0,0,0,0,1751
2022-03-08 02:57:01 UTC,10653,1,18,,0,0,0,0,1751
2022-03-08 03:57:01 UTC,10654,1,19,,4,0,0,0,1751
2022-03-08 04:57:01 UTC,10655,8,27,,0,0,0,0,1751
2022-03-08 05:57:01 UTC,10656,20,47,,0,0,0,0,1751
2022-03-08 06:57:01 UTC,10657,97,144,,0,0,0,0,1751
2022-03-08 07:57:01 UTC,10658,186,330,,4,0,0,0,1751
2022-03-08 08:57:01 UTC,10659,165,559,,0,0,0,0,1751
2022-03-08 09:57:01 UTC,10660,96,655,,0,0,0,0,1751
2022-03-08 10:57:01 UTC,10661,92,747,,0,0,0,0,1751
2022-03-08 11:57:01 UTC,10662,118,865,,4,0,0,0,1751
2022-03-08 12:57:01 UTC,10663,130,1036,,0,0,0,0,1751
2022-03-08 13:57:01 UTC,10664,132,1168,,0,0,0,0,1751
2022-03-08 14:57:01 UTC,10665,118,1286,,0,0,0,0,1751
2022-03-08 15:57:01 UTC,10666,120,1406,,4,0,0,0,1751
2022-03-08 16:57:01 UTC,10667,121,1542,,0,0,0,0,1751
2022-03-08 17:57:01 UTC,10668,172,1714,,0,0,0,0,1751
2022-03-08 18:57:01 UTC,10669,142,1856,,0,0,0,0,1751
2022-03-08 19:57:01 UTC,10670,86,1942,,4,0,0,0,1751
2022-03-08 20:57:01 UTC,10671,35,1985,,0,0,0,0,1751
2022-03-08 21:57:01 UTC,10672,14,1999,,4,0,0,0,1751
2022-03-08 22:57:01 UTC,10673,,,1999,,,,,
2022-03-08 23:57:01 UTC,10674,9,9,,0,0,0,0,2014
2022-03-09 00:57:01 UTC,10675,3,12,,0,0,0,0,2014
2022-03-09 01:57:01 UTC,10676,1,13,,0,0,0,0,2014
2022-03-09 02:57:01 UTC,10677,0,13,,0,0,0,0,2014
2022-03-09 03:57:01 UTC,10678,2,15,,4,0,0,0,2014
2022-03-09 04:57:01 UTC,10679,3,18,,0,0,0,0,2014
2022-03-09 05:57:01 UTC,10680,24,42,,0,0,0,0,2014
2022-03-09 06:57:01 UTC,10681,97,139,,0,0,0,0,2014
2022-03-09 07:57:01 UTC,10682,162,301,,3.9,0,0,0,2014
2022-03-09 08:57:01 UTC,10683,166,519,,0,0,0,0,2014
2022-03-09 09:57:01 UTC,10684,135,654,,0,0,0,0,2014
2022-03-09 10:57:01 UTC,10685,102,756,,0,0,0,0,2014
2022-03-09 11:57:01 UTC,10686,96,852,,4,0,0,0,2014
2022-03-09 12:57:01 UTC,10687,151,1017,,0,0,0,0,2014
2022-03-09 13:57:01 UTC,10688,126,1143,,0,0,0,0,2014
2022-03-09 14:57:01 UTC,10689,116,1259,,0,0,0,0,2014
2022-03-09 15:57:01 UTC,10690,92,1351,,4,0,0,0,2014
2022-03-09 16:57:01 UTC,10691,189,1551,,0,0,0,0,2014
2022-03-09 17:57:01 UTC,10692,190,1741,,0,0,0,0,2014
2022-03-09 18:57:01 UTC,10693,150,1891,,0,0,0,0,2014
2022-03-09 19:57:01 UTC,10694,113,2004,,4,0,0,0,2014
2022-03-09 20:57:01 UTC,10695,63,2078,,0,0,0,0,2014
2022-03-09 21:57:01 UTC,10696,31,2109,,4,0,0,0,2014
2022-03-09 22:57:01 UTC,10697,,,2109,,,,,
2022-03-09 23:57:01 UTC,10698,11,11,,0,0,0,0,2135
2022-03-10 00:57:01 UTC,10699,6,17,,0,0,0,0,2135
2022-03-10 01:57:01 UTC,10700,0,17,,0,0,0,0,2135
2022-03-10 02:57:01 UTC,10701,2,19,,0,0,0,0,2135
2022-03-10 03:57:01 UTC,10702,1,20,,4,0,0,0,2135
2022-03-10 04:57:01 UTC,10703,9,29,,0,0,0,0,2135
2022-03-10 05:57:01 UTC,10704,34,63,,0,0,0,0,2135
2022-03-10 06:57:01 UTC,10705,106,169,,0,0,0,0,2135
2022-03-10 07:57:01 UTC,10706,194,363,,4,0,0,0,2135
2022-03-10 08:57:01 UTC,10707,194,613,,0,0,0,0,2135
2022-03-10 09:57:01 UTC,10708,143,756,,0,0,0,0,2135
2022-03-10 10:57:01 UTC,10709,100,856,,0,0,0,0,2135
2022-03-10 11:57:01 UTC,10710,119,975,,4,0,0,0,2135
2022-03-10 12:57:01 UTC,10711,167,1155,,0,0,0,0,2135
2022-03-10 13:57:01 UTC,10712,148,1303,,0,0,0,0,2135
2022-03-10 14:57:01 UTC,10713,116,1419,,0,0,0,0,2135
2022-03-10 15:57:01 UTC,10714,111,1530,,4,0,0,0,2135
2022-03-10 16:57:01 UTC,10715,179,1720,,0,0,0,0,2135
2022-03-10 17:57:01 UTC,10716,222,1942,,0,0,0,0,2135
2022-03-10 18:57:01 UTC,10717,193,2135,,0,0,0,0,2135
2022-03-10 19:57:01 UTC,10718,116,2251,,4,0,0,0,2135
2022-03-10 20:57:01 UTC,10719,43,2306,,0,0,0,0,2135
2022-03-10 21:57:01 UTC,10720,24,2330,,4,0,0,0,2135
2022-03-10 22:57:01 UTC,10721,,,2330,,,,,
