created_at,entry_id,field1,field2,field3,field4,field5,field6,field7,field8
2022-02-01 00:57:01 UTC,9811,1,6,,0,0,0,0,1151
2022-02-01 01:57:01 UTC,9812,0,6,,0,0,0,0,1151
2022-02-01 02:57:01 UTC,9813,2,8,,0,0,0,0,1151
2022-02-01 03:57:01 UTC,9814,1,9,,4,0,0,0,1151
2022-02-01 04:57:01 UTC,9815,11,20,,0,0,0,0,1151
2022-02-01 05:57:01 UTC,9816,20,40,,0,0,0,0,1151
2022-02-01 06:57:01 UTC,9817,93,133,,0,0,0,0,1151
2022-02-01 07:57:01 UTC,9818,172,305,,4,0,0,0,1151
2022-02-01 08:57:01 UTC,9819,136,477,,0,0,0,0,1151
2022-02-01 09:57:01 UTC,9820,78,555,,0,0,0,0,1151
2022-02-01 10:57:01 UTC,9821,105,660,,0,0,0,0,1151
2022-02-01 11:57:01 UTC,9822,116,776,,4,0,0,0,1151
2022-02-01 12:57:01 UTC,9823,127,922,,0,0,0,0,1151
2022-02-01 13:57:01 UTC,9824,130,1052,,0,0,0,0,1151
2022-02-01 14:57:01 UTC,9825,109,1161,,0,0,0,0,1151
2022-02-01 15:57:01 UTC,9826,121,1282,,4,0,0,0,1151
2022-02-01 16:57:01 UTC,9827,164,1461,,0,0,0,0,1151
2022-02-01 17:57:01 UTC,9828,172,1633,,0,0,0,0,1151
2022-02-01 18:57:01 UTC,9829,132,1765,,0,0,0,0,1151
2022-02-01 19:57:01 UTC,9830,92,1857,,4,0,0,0,1151
2022-02-01 20:57:01 UTC,9831,58,1923,,0,0,0,0,1151
2022-02-01 21:57:01 UTC,9832,25,1948,,4,0,0,0,1151
2022-02-01 22:57:01 UTC,9833,,,1948,,,,,
2022-02-01 23:57:01 UTC,9834,8,8,,0,0,0,0,1971
2022-02-02 00:57:01 UTC,9835,5,13,,0,0,0,0,1971
2022-02-02 01:57:01 UTC,9836,4,17,,0,0,0,0,1971
2022-02-02 02:57:01 UTC,9837,10,27,,0,0,0,0,1971
2022-02-02 03:57:01 UTC,9838,2,29,,3.9,0,0,0,1971
2022-02-02 04:57:01 UTC,9839,7,36,,0,0,0,0,1971
2022-02-02 05:57:01 UTC,9840,28,64,,0,0,0,0,1971
2022-02-02 06:57:01 UTC,9841,70,134,,0,0,0,0,1971
2022-02-02 07:57:01 UTC,9842,161,295,,4,0,0,0,1971
2022-02-02 08:57:01 UTC,9843,123,470,,0,0,0,0,1971
2022-02-02 09:57:01 UTC,9844,99,569,,0,0,0,0,1971
2022-02-02 10:57:01 UTC,9845,132,701,,0,0,0,0,1971
2022-02-02 11:57:01 UTC,9846,97,798,,4,0,0,0,1971
2022-02-02 12:57:01 UTC,9847,173,999,,0,0,0,0,1971
2022-02-02 13:57:01 UTC,9848,129,1128,,0,0,0,0,1971
2022-02-02 14:57:01 UTC,9849,139,1267,,0,0,0,0,1971
2022-02-02 15:57:01 UTC,9850,140,1407,,4,0,0,0,1971
2022-02-02 16:57:01 UTC,9851,165,1589,,0,0,0,0,1971
2022-02-02 17:57:01 UTC,9852,197,1786,,0,0,0,0,1971
2022-02-02 18:57:01 UTC,9853,151,1937,,0,0,0,0,1971
2022-02-02 19:57:01 UTC,9854,111,2048,,4,0,0,0,1971
2022-02-02 20:57:01 UTC,9855,39,2097,,0,0,0,0,1971
2022-02-02 21:57:01 UTC,9856,30,2127,,4,0,0,0,1971
2022-02-02 22:57:01 UTC,9857,,,2127,,,,,
2022-02-02 23:57:01 UTC,9858,16,16,,0,0,0,0,2151
2022-02-03 00:57:01 UTC,9859,5,21,,0,0,0,0,2151
2022-02-03 01:57:01 UTC,9860,0,21,,0,0,0,0,2151
2022-02-03 02:57:01 UTC,9861,0,21,,0,0,0,0,2151
2022-02-03 03:57:01 UTC,9862,1,22,,3.9,0,0,0,2151
2022-02-03 04:57:01 UTC,9863,9,31,,0,0,0,0,2151
2022-02-03 05:57:01 UTC,9864,32,63,,0,0,0,0,2151
2022-02-03 06:57:01 UTC,9865,84,147,,0,0,0,0,2151
2022-02-03 07:57:01 UTC,9866,163,310,,4,0,0,0,2151
2022-02-03 08:57:01 UTC,9867,167,527,,0,0,0,0,2151
2022-02-03 09:57:01 UTC,9868,103,630,,0,0,0,0,2151
2022-02-03 10:57:01 UTC,9869,109,739,,0,0,0,0,2151
2022-02-03 11:57:01 UTC,9870,116,855,,4,0,0,0,2151
2022-02-03 12:57:01 UTC,9871,170,1048,,0,0,0,0,2151
2022-02-03 13:57:01 UTC,9872,121,1169,,0,0,0,0,2151
2022-02-03 14:57:01 UTC,9873,140,1309,,0,0,0,0,2151
2022-02-03 15:57:01 UTC,9874,149,1458,,4,0,0,0,2151
2022-02-03 16:57:01 UTC,9875,152,1629,,0,0,0,0,2151
2022-02-03 17:57:01 UTC,9876,186,1815,,0,0,0,0,2151
2022-02-03 18:57:01 UTC,9877,143,1958,,0,0,0,0,2151
2022-02-03 19:57:01 UTC,9878,108,2066,,4,0,0,0,2151
2022-02-03 20:57:01 UTC,9879,47,2122,,0,0,0,0,2151
2022-02-03 21:57:01 UTC,9880,34,2156,,4,0,0,0,2151
2022-02-03 22:57:01 UTC,9881,,,2156,,,,,
2022-02-03 23:57:01 UTC,9882,17,17,,0,0,0,0,2180
2022-02-04 00:57:01 UTC,9883,9,26,,0,0,0,0,2180
2022-02-04 01:57:01 UTC,9884,2,28,,0,0,0,0,2180
2022-02-04 02:57:01 UTC,9885,0,28,,0,0,0,0,2180
2022-02-04 03:57:01 UTC,9886,1,29,,4,0,0,0,2180
2022-02-04 04:57:01 UTC,9887,5,34,,0,0,0,0,2180
2022-02-04 05:57:01 UTC,9888,19,53,,0,0,0,0,2180
2022-02-04 06:57:01 UTC,9889,80,133,,0,0,0,0,2180
2022-02-04 07:57:01 UTC,9890,171,304,,4,0,0,0,2180
2022-02-04 08:57:01 UTC,9891,139,473,,0,0,0,0,2180
2022-02-04 09:57:01 UTC,9892,75,548,,0,0,0,0,2180
2022-02-04 10:57:01 UTC,9893,83,631,,0,0,0,0,2180
2022-02-04 11:57:01 UTC,9894,84,715,,4,0,0,0,2180
2022-02-04 12:57:01 UTC,9895,96,824,,0,0,0,0,2180
2022-02-04 13:57:01 UTC,9896,99,923,,0,0,0,0,2180
2022-02-04 14:57:01 UTC,9897,95,1018,,0,0,0,0,2180
2022-02-04 15:57:01 UTC,9898,109,1127,,4,0,0,0,2180
2022-02-04 16:57:01 UTC,9899,118,1261,,0,0,0,0,2180
2022-02-04 17:57:01 UTC,9900,166,1427,,0,0,0,0,2180
2022-02-04 18:57:01 UTC,9901,125,1552,,0,0,0,0,2180
2022-02-04 19:57:01 UTC,9902,85,1637,,4,0,0,0,2180
2022-02-04 20:57:01 UTC,9903,43,1687,,0,0,0,0,2180
2022-02-04 21:57:01 UTC,9904,26,1713,,3.9,0,0,0,2180
2022-02-04 22:57:01 UTC,9905,,,1713,,,,,
2022-02-04 23:57:01 UTC,9906,10,10,,0,0,0,0,1741
2022-02-05 00:57:01 UTC,9907,13,23,,0,0,0,0,1741
2022-02-05 01:57:01 UTC,9908,6,29,,0,0,0,0,1741
2022-02-05 02:57:01 UTC,9909,2,31,,0,0,0,0,1741
2022-02-05 03:57:01 UTC,9910,4,35,,4,0,0,0,1741
2022-02-05 04:57:01 UTC,9911,8,43,,0,0,0,0,1741
2022-02-05 05:57:01 UTC,9912,12,55,,0,0,0,0,1741
2022-02-05 06:57:01 UTC,9913,27,82,,0,0,0,0,1741
2022-02-05 07:57:01 UTC,9914,41,123,,4,0,0,0,1741
2022-02-05 08:57:01 UTC,9915,64,206,,0,0,0,0,1741
2022-02-05 09:57:01 UTC,9916,85,291,,0,0,0,0,1741
2022-02-05 10:57:01 UTC,9917,109,400,,0,0,0,0,1741
2022-02-05 11:57:01 UTC,9918,127,527,,4,0,0,0,1741
2022-02-05 12:57:01 UTC,9919,109,650,,0,0,0,0,1741
2022-02-05 13:57:01 UTC,9920,69,719,,0,0,0,0,1741
2022-02-05 14:57:01 UTC,9921,96,815,,0,0,0,0,1741
2022-02-05 15:57:01 UTC,9922,87,902,,4,0,0,0,1741
2022-02-05 16:57:01 UTC,9923,119,1032,,0,0,0,0,1741
2022-02-05 17:57:01 UTC,9924,81,1113,,0,0,0,0,1741
2022-02-05 18:57:01 UTC,9925,71,1184,,0,0,0,0,1741
2022-02-05 19:57:01 UTC,9926,48,1232,,4,0,0,0,1741
2022-02-05 20:57:01 UTC,9927,25,1267,,0,0,0,0,1741
2022-02-05 21:57:01 UTC,9928,19,1286,,4,0,0,0,1741
2022-02-05 22:57:01 UTC,9929,,,1286,,,,,
2022-02-05 23:57:01 UTC,9930,16,16,,0,0,0,0,1310
2022-02-06 00:57:01 UTC,9931,10,26,,0,0,0,0,1310
2022-02-06 01:57:01 UTC,9932,15,41,,0,0,0,0,1310
2022-02-06 02:57:01 UTC,9933,5,46,,0,0,0,0,1310
2022-02-06 03:57:01 UTC,9934,2,48,,4,0,0,0,1310
2022-02-06 04:57:01 UTC,9935,4,52,,0,0,0,0,1310
2022-02-06 05:57:01 UTC,9936,8,60,,0,0,0,0,1310
2022-02-06 06:57:01 UTC,9937,16,76,,0,0,0,0,1310
2022-02-06 07:57:01 UTC,9938,47,123,,4,0,0,0,1310
2022-02-06 08:57:01 UTC,9939,107,242,,0,0,0,0,1310
2022-02-06 09:57:01 UTC,9940,156,398,,0,0,0,0,1310
2022-02-06 10:57:01 UTC,9941,230,628,,0,0,0,0,1310
2022-02-06 11:57:01 UTC,9942,264,892,,4,0,0,0,1310
2022-02-06 12:57:01 UTC,9943,173,1087,,0,0,0,0,1310
2022-02-06 13:57:01 UTC,9944,121,1208,,0,0,0,0,1310
2022-02-06 14:57:01 UTC,9945,171,1379,,0,0,0,0,1310
2022-02-06 15:57:01 UTC,9946,173,1552,,4,0,0,0,1310
2022-02-06 16:57:01 UTC,9947,148,1718,,0,0,0,0,1310
2022-02-06 17:57:01 UTC,9948,125,1843,,0,0,0,0,1310
2022-02-06 18:57:01 UTC,9949,89,1932,,0,0,0,0,1310
2022-02-06 19:57:01 UTC,9950,60,1992,,4,0,0,0,1310
2022-02-06 20:57:01 UTC,9951,48,2047,,0,0,0,0,1310
2022-02-06 21:57:01 UTC,9952,18,2065,,4,0,0,0,1310
2022-02-06 22:57:01 UTC,9953,,,2065,,,,,
2022-02-06 23:57:01 UTC,9954,7,7,,0,0,0,0,2081
2022-02-07 00:57:01 UTC,9955,3,10,,0,0,0,0,2081
2022-02-07 01:57:01 UTC,9956,2,12,,0,0,0,0,2081
2022-02-07 02:57:01 UTC,9957,0,12,,0,0,0,0,2081
2022-02-07 03:57:01 UTC,9958,1,13,,4,0,0,0,2081
2022-02-07 04:57:01 UTC,9959,6,19,,0,0,0,0,2081
2022-02-07 05:57:01 UTC,9960,20,39,,0,0,0,0,2081
2022-02-07 06:57:01 UTC,9961,73,112,,0,0,0,0,2081
2022-02-07 07:57:01 UTC,9962,154,266,,4,0,0,0,2081
2022-02-07 08:57:01 UTC,9963,137,439,,0,0,0,0,2081
2022-02-07 09:57:01 UTC,9964,98,537,,0,0,0,0,2081
2022-02-07 10:57:01 UTC,9965,95,632,,0,0,0,0,2081
2022-02-07 11:57:01 UTC,9966,107,739,,4,0,0,0,2081
2022-02-07 12:57:01 UTC,9967,123,877,,0,0,0,0,2081
2022-02-07 13:57:01 UTC,9968,106,983,,0,0,0,0,2081
2022-02-07 14:57:01 UTC,9969,83,1066,,0,0,0,0,2081
2022-02-07 15:57:01 UTC,9970,99,1165,,4,0,0,0,2081
2022-02-07 16:57:01 UTC,9971,127,1305,,0,0,0,0,2081
2022-02-07 17:57:01 UTC,9972,184,1489,,0,0,0,0,2081
2022-02-07 18:57:01 UTC,9973,136,1625,,0,0,0,0,2081
2022-02-07 19:57:01 UTC,9974,83,1708,,4,0,0,0,2081
2022-02-07 20:57:01 UTC,9975,37,1751,,0,0,0,0,2081
2022-02-07 21:57:01 UTC,9976,21,1772,,4,0,0,0,2081
2022-02-07 22:57:01 UTC,9977,,,1772,,,,,
