created_at,entry_id,field1,field2,field3,field4,field5,field6,field7,field8
2021-05-01 00:57:01 UTC,4031,0,1,,0,0,0,0,2472
2021-05-01 01:57:01 UTC,4032,0,1,,0,0,0,0,2472
2021-05-01 02:57:01 UTC,4033,0,1,,4,0,0,0,2472
2021-05-01 03:57:01 UTC,4034,3,4,,0,0,0,0,2472
2021-05-01 04:57:01 UTC,4035,9,13,,0,0,0,0,2472
2021-05-01 05:57:01 UTC,4036,23,36,,0,0,0,0,2472
2021-05-01 06:57:01 UTC,4037,68,104,,4,0,0,0,2472
2021-05-01 07:57:01 UTC,4038,73,181,,0,0,0,0,2472
2021-05-01 08:57:01 UTC,4039,109,290,,0,0,0,0,2472
2021-05-01 09:57:01 UTC,4040,102,392,,0,0,0,0,2472
2021-05-01 10:57:01 UTC,4041,98,490,,4,0,0,0,2472
2021-05-01 11:57:01 UTC,4042,45,537,,0,0,0,0,2472
2021-05-01 12:57:01 UTC,4043,33,570,,0,0,0,0,2472
2021-05-01 13:57:01 UTC,4044,31,601,,0,0,0,0,2472
2021-05-01 14:57:01 UTC,4045,41,642,,4,0,0,0,2472
2021-05-01 15:57:01 UTC,4046,44,688,,0,0,0,0,2472
2021-05-01 16:57:01 UTC,4047,70,758,,0,0,0,0,2472
2021-05-01 17:57:01 UTC,4048,74,832,,0,0,0,0,2472
2021-05-01 18:57:01 UTC,4049,53,885,,4,0,0,0,2472
2021-05-01 19:57:01 UTC,4050,25,912,,0,0,0,0,2472
2021-05-01 20:57:01 UTC,4051,19,931,,4,0,0,0,2472
2021-05-01 21:57:01 UTC,4052,,,931,,,,,
2021-05-01 22:57:01 UTC,4053,1,1,,0,0,0,0,937
2021-05-01 23:57:01 UTC,4054,0,1,,0,0,0,0,937
2021-05-02 00:57:01 UTC,4055,1,2,,0,0,0,0,937
2021-05-02 01:57:01 UTC,4056,0,2,,0,0,0,0,937
2021-05-02 02:57:01 UTC,4057,0,2,,4,0,0,0,937
2021-05-02 03:57:01 UTC,4058,5,7,,0,0,0,0,937
2021-05-02 04:57:01 UTC,4059,11,18,,0,0,0,0,937
2021-05-02 05:57:01 UTC,4060,19,37,,0,0,0,0,937
2021-05-02 06:57:01 UTC,4061,67,104,,4,0,0,0,937
2021-05-02 07:57:01 UTC,4062,112,226,,0,0,0,0,937
2021-05-02 08:57:01 UTC,4063,108,334,,0,0,0,0,937
2021-05-02 09:57:01 UTC,4064,179,513,,0,0,0,0,937
2021-05-02 10:57:01 UTC,4065,167,680,,4,0,0,0,937
2021-05-02 11:57:01 UTC,4066,127,813,,0,0,0,0,937
2021-05-02 12:57:01 UTC,4067,88,901,,0,0,0,0,937
2021-05-02 13:57:01 UTC,4068,114,1015,,0,0,0,0,937
2021-05-02 14:57:01 UTC,4069,171,1186,,4,0,0,0,937
2021-05-02 15:57:01 UTC,4070,191,1385,,0,0,0,0,937
2021-05-02 16:57:01 UTC,4071,218,1603,,0,0,0,0,937
2021-05-02 17:57:01 UTC,4072,106,1709,,0,0,0,0,937
2021-05-02 18:57:01 UTC,4073,51,1760,,4,0,0,0,937
2021-05-02 19:57:01 UTC,4074,24,1786,,0,0,0,0,937
2021-05-02 20:57:01 UTC,4075,18,1804,,4,0,0,0,937
2021-05-02 21:57:01 UTC,4076,,,1804,,,,,
2021-05-02 22:57:01 UTC,4077,1,1,,0,0,0,0,1806
2021-05-02 23:57:01 UTC,4078,0,1,,0,0,0,0,1806
2021-05-03 00:57:01 UTC,4079,0,1,,0,0,0,0,1806
2021-05-03 01:57:01 UTC,4080,0,1,,0,0,0,0,1806
2021-05-03 02:57:01 UTC,4081,0,1,,4,0,0,0,1806
2021-05-03 03:57:01 UTC,4082,4,5,,0,0,0,0,1806
2021-05-03 04:57:01 UTC,4083,26,31,,0,0,0,0,1806
2021-05-03 05:57:01 UTC,4084,90,121,,0,0,0,0,1806
2021-05-03 06:57:01 UTC,4085,153,274,,4,0,0,0,1806
2021-05-03 07:57:01 UTC,4086,145,437,,0,0,0,0,1806
2021-05-03 08:57:01 UTC,4087,123,560,,0,0,0,0,1806
2021-05-03 09:57:01 UTC,4088,75,635,,0,0,0,0,1806
2021-05-03 10:57:01 UTC,4089,102,737,,4,0,0,0,1806
2021-05-03 11:57:01 UTC,4090,179,918,,0,0,0,0,1806
2021-05-03 12:57:01 UTC,4091,171,1089,,0,0,0,0,1806
2021-05-03 13:57:01 UTC,4092,189,1278,,0,0,0,0,1806
2021-05-03 14:57:01 UTC,4093,198,1476,,4,0,0,0,1806
2021-05-03 15:57:01 UTC,4094,243,1723,,0,0,0,0,1806
2021-05-03 16:57:01 UTC,4095,297,2020,,0,0,0,0,1806
2021-05-03 17:57:01 UTC,4096,218,2238,,0,0,0,0,1806
2021-05-03 18:57:01 UTC,4097,109,2347,,4,0,0,0,1806
2021-05-03 19:57:01 UTC,4098,41,2391,,0,0,0,0,1806
2021-05-03 20:57:01 UTC,4099,20,2411,,4,0,0,0,1806
2021-05-03 21:57:01 UTC,4100,,,2411,,,,,
2021-05-03 22:57:01 UTC,4101,0,0,,0,0,0,0,2414
2021-05-03 23:57:01 UTC,4102,1,1,,0,0,0,0,2414
2021-05-04 00:57:01 UTC,4103,0,1,,0,0,0,0,2414
2021-05-04 01:57:01 UTC,4104,0,1,,0,0,0,0,2414
2021-05-04 02:57:01 UTC,4105,0,1,,4,0,0,0,2414
2021-05-04 03:57:01 UTC,4106,11,12,,0,0,0,0,2414
2021-05-04 04:57:01 UTC,4107,42,54,,0,0,0,0,2414
2021-05-04 05:57:01 UTC,4108,96,150,,0,0,0,0,2414
2021-05-04 06:57:01 UTC,4109,153,303,,4,0,0,0,2414
2021-05-04 07:57:01 UTC,4110,115,436,,0,0,0,0,2414
2021-05-04 08:57:01 UTC,4111,73,509,,0,0,0,0,2414
2021-05-04 09:57:01 UTC,4112,69,578,,0,0,0,0,2414
2021-05-04 10:57:01 UTC,4113,75,653,,4,0,0,0,2414
2021-05-04 11:57:01 UTC,4114,112,771,,0,0,0,0,2414
2021-05-04 12:57:01 UTC,4115,105,876,,0,0,0,0,2414
2021-05-04 13:57:01 UTC,4116,80,956,,0,0,0,0,2414
2021-05-04 14:57:01 UTC,4117,44,1000,,4,0,0,0,2414
2021-05-04 15:57:01 UTC,4118,60,1062,,0,0,0,0,2414
2021-05-04 16:57:01 UTC,4119,87,1149,,0,0,0,0,2414
2021-05-04 17:57:01 UTC,4120,91,1240,,0,0,0,0,2414
2021-05-04 18:57:01 UTC,4121,41,1281,,4,0,0,0,2414
2021-05-04 19:57:01 UTC,4122,21,1305,,0,0,0,0,2414
2021-05-04 20:57:01 UTC,4123,15,1320,,4,0,0,0,2414
2021-05-04 21:57:01 UTC,4124,,,1320,,,,,
2021-05-04 22:57:01 UTC,4125,0,0,,0,0,0,0,1322
2021-05-04 23:57:01 UTC,4126,0,0,,0,0,0,0,1322
2021-05-05 00:57:01 UTC,4127,1,1,,0,0,0,0,1322
2021-05-05 01:57:01 UTC,4128,0,1,,0,0,0,0,1322
2021-05-05 02:57:01 UTC,4129,0,1,,4,0,0,0,1322
2021-05-05 03:57:01 UTC,4130,6,7,,0,0,0,0,1322
2021-05-05 04:57:01 UTC,4131,38,45,,0,0,0,0,1322
2021-05-05 05:57:01 UTC,4132,101,146,,0,0,0,0,1322
2021-05-05 06:57:01 UTC,4133,240,386,,4,0,0,0,1322
2021-05-05 07:57:01 UTC,4134,204,621,,0,0,0,0,1322
2021-05-05 08:57:01 UTC,4135,190,811,,0,0,0,0,1322
2021-05-05 09:57:01 UTC,4136,138,949,,0,0,0,0,1322
2021-05-05 10:57:01 UTC,4137,190,1139,,4,0,0,0,1322
2021-05-05 11:57:01 UTC,4138,226,1372,,0,0,0,0,1322
2021-05-05 12:57:01 UTC,4139,179,1551,,0,0,0,0,1322
2021-05-05 13:57:01 UTC,4140,178,1729,,0,0,0,0,1322
2021-05-05 14:57:01 UTC,4141,186,1915,,4,0,0,0,1322
2021-05-05 15:57:01 UTC,4142,234,2150,,0,0,0,0,1322
2021-05-05 16:57:01 UTC,4143,319,2469,,0,0,0,0,1322
2021-05-05 17:57:01 UTC,4144,227,2696,,0,0,0,0,1322
2021-05-05 18:57:01 UTC,4145,104,2800,,4,0,0,0,1322
2021-05-05 19:57:01 UTC,4146,40,2845,,0,0,0,0,1322
2021-05-05 20:57:01 UTC,4147,20,2865,,4,0,0,0,1322
2021-05-05 21:57:01 UTC,4148,,,2865,,,,,
2021-05-05 22:57:01 UTC,4149,2,2,,0,0,0,0,2868
2021-05-05 23:57:01 UTC,4150,0,2,,0,0,0,0,2868
2021-05-06 00:57:01 UTC,4151,0,2,,0,0,0,0,2868
2021-05-06 01:57:01 UTC,4152,1,3,,0,0,0,0,2868
2021-05-06 02:57:01 UTC,4153,0,3,,4,0,0,0,2868
2021-05-06 03:57:01 UTC,4154,7,10,,0,0,0,0,2868
2021-05-06 04:57:01 UTC,4155,34,44,,0,0,0,0,2868
2021-05-06 05:57:01 UTC,4156,124,168,,0,0,0,0,2868
2021-05-06 06:57:01 UTC,4157,194,362,,4,0,0,0,2868
2021-05-06 07:57:01 UTC,4158,191,569,,0,0,0,0,2868
2021-05-06 08:57:01 UTC,4159,158,727,,0,0,0,0,2868
2021-05-06 09:57:01 UTC,4160,142,869,,0,0,0,0,2868
2021-05-06 10:57:01 UTC,4161,143,1012,,4,0,0,0,2868
2021-05-06 11:57:01 UTC,4162,203,1223,,0,0,0,0,2868
2021-05-06 12:57:01 UTC,4163,187,1410,,0,0,0,0,2868
2021-05-06 13:57:01 UTC,4164,211,1621,,0,0,0,0,2868
2021-05-06 14:57:01 UTC,4165,178,1799,,0,0,0,0,2868
2021-05-06 15:57:01 UTC,4166,279,2078,,0,0,0,0,2868
2021-05-06 16:57:01 UTC,4167,271,2349,,0,0,0,0,2868
2021-05-06 17:57:01 UTC,4168,224,2573,,0,0,0,0,2868
2021-05-06 18:57:01 UTC,4169,114,2687,,4,0,0,0,2868
2021-05-06 19:57:01 UTC,4170,34,2721,,0,0,0,0,2868
2021-05-06 20:57:01 UTC,4171,31,2752,,4,0,0,0,2868
2021-05-06 21:57:01 UTC,4172,,,2752,,,,,
2021-05-06 22:57:01 UTC,4173,1,1,,0,0,0,0,2760
2021-05-06 23:57:01 UTC,4174,0,1,,0,0,0,0,2760
2021-05-07 00:57:01 UTC,4175,0,1,,0,0,0,0,2760
2021-05-07 01:57:01 UTC,4176,0,1,,0,0,0,0,2760
2021-05-07 02:57:01 UTC,4177,0,1,,4,0,0,0,2760
2021-05-07 03:57:01 UTC,4178,7,8,,0,0,0,0,2760
2021-05-07 04:57:01 UTC,4179,36,44,,0,0,0,0,2760
2021-05-07 05:57:01 UTC,4180,95,139,,0,0,0,0,2760
2021-05-07 06:57:01 UTC,4181,232,371,,4,0,0,0,2760
2021-05-07 07:57:01 UTC,4182,207,604,,0,0,0,0,2760
2021-05-07 08:57:01 UTC,4183,123,727,,0,0,0,0,2760
2021-05-07 09:57:01 UTC,4184,133,860,,0,0,0,0,2760
2021-05-07 10:57:01 UTC,4185,114,974,,4,0,0,0,2760
2021-05-07 11:57:01 UTC,4186,164,1143,,0,0,0,0,2760
2021-05-07 12:57:01 UTC,4187,151,1294,,0,0,0,0,2760
2021-05-07 13:57:01 UTC,4188,211,1505,,0,0,0,0,2760
2021-05-07 14:57:01 UTC,4189,216,1721,,4,0,0,0,2760
2021-05-07 15:57:01 UTC,4190,227,1948,,0,0,0,0,2760
2021-05-07 16:57:01 UTC,4191,227,2175,,0,0,0,0,2760
2021-05-07 17:57:01 UTC,4192,157,2332,,0,0,0,0,2760
2021-05-07 18:57:01 UTC,4193,81,2413,,4,0,0,0,2760
2021-05-07 19:57:01 UTC,4194,29,2442,,0,0,0,0,2760
2021-05-07 20:57:01 UTC,4195,26,2468,,4,0,0,0,2760
2021-05-07 21:57:01 UTC,4196,,,2468,,,,,
2021-05-07 22:57:01 UTC,4197,4,4,,0,0,0,0,2471
2021-05-07 23:57:01 UTC,4198,0,4,,0,0,0,0,2471
2021-05-08 00:57:01 UTC,4199,2,6,,0,0,0,0,2471
2021-05-08 01:57:01 UTC,4200,0,6,,0,0,0,0,2471
2021-05-08 02:57:01 UTC,4201,0,6,,4,0,0,0,2471
2021-05-08 03:57:01 UTC,4202,11,17,,0,0,0,0,2471
2021-05-08 04:57:01 UTC,4203,17,34,,0,0,0,0,2471
2021-05-08 05:57:01 UTC,4204,48,82,,0,0,0,0,2471
2021-05-08 06:57:01 UTC,4205,82,164,,4,0,0,0,2471
2021-05-08 07:57:01 UTC,4206,127,300,,0,0,0,0,2471
2021-05-08 08:57:01 UTC,4207,185,485,,0,0,0,0,2471
2021-05-08 09:57:01 UTC,4208,201,686,,0,0,0,0,2471
2021-05-08 10:57:01 UTC,4209,220,906,,4,0,0,0,2471
2021-05-08 11:57:01 UTC,4210,187,1102,,0,0,0,0,2471
2021-05-08 12:57:01 UTC,4211,156,1258,,0,0,0,0,2471
2021-05-08 13:57:01 UTC,4212,135,1393,,0,0,0,0,2471
2021-05-08 14:57:01 UTC,4213,197,1590,,0,0,0,0,2471
2021-05-08 15:57:01 UTC,4214,258,1848,,0,0,0,0,2471
2021-05-08 16:57:01 UTC,4215,233,2081,,0,0,0,0,2471
2021-05-08 17:57:01 UTC,4216,160,2241,,0,0,0,0,2471
2021-05-08 18:57:01 UTC,4217,61,2302,,4,0,0,0,2471
2021-05-08 19:57:01 UTC,4218,40,2344,,0,0,0,0,2471
2021-05-08 20:57:01 UTC,4219,30,2374,,4,0,0,0,2471
2021-05-08 21:57:01 UTC,4220,,,2374,,,,,
2021-05-08 22:57:01 UTC,4221,2,2,,0,0,0,0,2378
2021-05-08 23:57:01 UTC,4222,3,5,,0,0,0,0,2378
2021-05-09 00:57:01 UTC,4223,1,6,,0,0,0,0,2378
2021-05-09 01:57:01 UTC,4224,0,6,,0,0,0,0,2378
2021-05-09 02:57:01 UTC,4225,0,6,,4,0,0,0,2378
2021-05-09 03:57:01 UTC,4226,3,9,,0,0,0,0,2378
2021-05-09 04:57:01 UTC,4227,14,23,,0,0,0,0,2378
2021-05-09 05:57:01 UTC,4228,35,58,,0,0,0,0,2378
2021-05-09 06:57:01 UTC,4229,85,143,,4,0,0,0,2378
2021-05-09 07:57:01 UTC,4230,167,318,,0,0,0,0,2378
2021-05-09 08:57:01 UTC,4231,239,557,,0,0,0,0,2378
2021-05-09 09:57:01 UTC,4232,294,851,,0,0,0,0,2378
2021-05-09 10:57:01 UTC,4233,235,1086,,4,0,0,0,2378
2021-05-09 11:57:01 UTC,4234,150,1247,,0,0,0,0,2378
2021-05-09 12:57:01 UTC,4235,124,1371,,0,0,0,0,2378
2021-05-09 13:57:01 UTC,4236,147,1518,,0,0,0,0,2378
2021-05-09 14:57:01 UTC,4237,227,1745,,0,0,0,0,2378
2021-05-09 15:57:01 UTC,4238,217,1962,,0,0,0,0,2378
2021-05-09 16:57:01 UTC,4239,234,2196,,0,0,0,0,2378
2021-05-09 17:57:01 UTC,4240,158,2354,,0,0,0,0,2378
2021-05-09 18:57:01 UTC,4241,68,2422,,4,0,0,0,2378
2021-05-09 19:57:01 UTC,4242,34,2456,,0,0,0,0,2378
2021-05-09 20:57:01 UTC,4243,17,2473,,4,0,0,0,2378
2021-05-09 21:57:01 UTC,4244,,,2473,,,,,
