created_at,entry_id,field1,field2,field3,field4,field5,field6,field7,field8
2021-09-01 00:57:01 UTC,7820,0,10,,0,0,0,0,0
2021-09-01 01:57:01 UTC,7821,0,10,,0,0,0,0,0
2021-09-01 02:57:01 UTC,7822,2,12,,3.7,0,0,0,1
2021-09-01 03:57:01 UTC,7823,2,14,,0,0,0,2,0
2021-09-01 04:57:01 UTC,7824,11,25,,0,0,0,2,0
2021-09-01 05:57:01 UTC,7825,38,63,,0,0,0,2,0
2021-09-01 06:57:01 UTC,7826,42,105,,3.7,0,0,2,1
2021-09-01 07:57:01 UTC,7827,49,164,,0,0,0,3,0
2021-09-01 08:57:01 UTC,7828,44,208,,0,0,0,3,0
2021-09-01 09:57:01 UTC,7829,56,264,,0,0,0,3,0
2021-09-01 10:57:01 UTC,7830,59,323,,3.9,0,0,3,2
2021-09-01 11:57:01 UTC,7831,73,398,,0,0,0,4,0
2021-09-01 12:57:01 UTC,7832,52,450,,0,0,0,4,0
2021-09-01 13:57:01 UTC,7833,61,511,,0,0,0,4,0
2021-09-01 14:57:01 UTC,7834,89,600,,3.7,0,0,4,2
2021-09-01 15:57:01 UTC,7835,113,713,,0,0,0,4,0
2021-09-01 16:57:01 UTC,7836,196,909,,0,0,0,4,0
2021-09-01 17:57:01 UTC,7837,173,1082,,0,0,0,4,0
2021-09-01 18:57:01 UTC,7838,41,1123,,3.7,0,0,4,1
2021-09-01 19:57:01 UTC,7839,4,1128,,0,0,0,4,0
2021-09-01 20:57:01 UTC,7840,5,1133,,3.7,0,0,4,1
2021-09-01 21:57:01 UTC,7841,,,1133,,,,,
2021-09-01 22:57:01 UTC,7842,2,2,,0,0,0,0,0
2021-09-01 23:57:01 UTC,7843,2,4,,0,0,0,0,0
2021-09-02 00:57:01 UTC,7844,0,4,,0,0,0,0,0
2021-09-02 01:57:01 UTC,7845,1,5,,0,0,0,0,0
2021-09-02 02:57:01 UTC,7846,3,8,,3.7,0,0,0,1
2021-09-02 03:57:01 UTC,7847,1,9,,0,0,0,1,0
2021-09-02 04:57:01 UTC,7848,8,17,,0,0,0,1,0
2021-09-02 05:57:01 UTC,7849,33,50,,0,0,0,1,0
2021-09-02 06:57:01 UTC,7850,42,92,,3.8,0,0,1,2
2021-09-02 07:57:01 UTC,7851,34,127,,0,0,0,1,0
2021-09-02 08:57:01 UTC,7852,34,161,,0,0,0,1,0
2021-09-02 09:57:01 UTC,7853,54,215,,0,0,0,1,0
2021-09-02 10:57:01 UTC,7854,77,292,,3.9,0,0,1,1
2021-09-02 11:57:01 UTC,7879,71,71,,0,0,0,2,0
2021-09-02 12:57:01 UTC,7880,59,130,,0,0,0,2,0
2021-09-02 13:57:01 UTC,7881,66,196,,0,0,0,2,0
2021-09-02 14:57:01 UTC,7882,109,305,,3.8,0,0,2,2
2021-09-02 15:57:01 UTC,7883,145,450,,0,0,0,2,0
2021-09-02 16:57:01 UTC,7884,176,626,,0,0,0,2,0
2021-09-02 17:57:01 UTC,7885,136,762,,0,0,0,2,0
2021-09-02 18:57:01 UTC,7886,30,792,,3.7,0,0,2,1
2021-09-02 19:57:01 UTC,7887,3,795,,0,0,0,2,0
2021-09-02 20:57:01 UTC,7888,5,800,,3.7,0,0,2,1
2021-09-02 21:57:01 UTC,7889,,,800,,,,,
2021-09-02 22:57:01 UTC,7890,6,6,,0,0,0,1,0
2021-09-02 23:57:01 UTC,7891,0,6,,0,0,0,1,0
2021-09-03 00:57:01 UTC,7892,0,6,,0,0,0,1,0
2021-09-03 01:57:01 UTC,7893,0,6,,0,0,0,1,0
2021-09-03 02:57:01 UTC,7894,4,10,,3.7,0,0,1,2
2021-09-03 03:57:01 UTC,7895,0,10,,0,0,0,1,0
2021-09-03 04:57:01 UTC,7896,5,15,,0,0,0,1,0
2021-09-03 05:57:01 UTC,7897,15,30,,0,0,0,1,0
2021-09-03 06:57:01 UTC,7898,11,41,,3.7,0,0,1,1
2021-09-03 07:57:01 UTC,7899,15,59,,0,0,0,1,0
2021-09-03 08:57:01 UTC,7900,24,83,,0,0,0,1,0
2021-09-03 09:57:01 UTC,7901,18,101,,0,0,0,1,0
2021-09-03 10:57:01 UTC,7902,37,138,,3.8,0,0,1,1
2021-09-03 11:57:01 UTC,7903,46,186,,0,0,0,1,0
2021-09-03 12:57:01 UTC,7904,39,225,,0,0,0,1,0
2021-09-03 13:57:01 UTC,7905,77,302,,0,0,0,1,0
2021-09-03 14:57:01 UTC,7906,111,413,,3.8,0,0,1,1
2021-09-03 15:57:01 UTC,7907,159,579,,0,0,0,1,0
2021-09-03 16:57:01 UTC,7908,140,719,,0,0,0,1,0
2021-09-03 17:57:01 UTC,7909,111,830,,0,0,0,1,0
2021-09-03 18:57:01 UTC,7910,55,885,,3.7,0,0,1,1
2021-09-03 19:57:01 UTC,7911,8,895,,0,0,1,2,0
2021-09-03 20:57:01 UTC,7912,2,897,,3.7,0,1,2,2
2021-09-03 21:57:01 UTC,7913,,,897,,,,,
2021-09-03 22:57:01 UTC,7914,5,5,,0,0,0,0,0
2021-09-03 23:57:01 UTC,7915,4,9,,0,0,0,0,0
2021-09-04 00:57:01 UTC,7916,0,9,,0,0,0,0,0
2021-09-04 01:57:01 UTC,7917,0,9,,0,0,0,0,0
2021-09-04 02:57:01 UTC,7918,3,12,,3.7,0,0,0,1
2021-09-04 03:57:01 UTC,7919,0,12,,0,0,0,0,0
2021-09-04 04:57:01 UTC,7920,3,15,,0,0,0,0,0
2021-09-04 05:57:01 UTC,7921,14,29,,0,0,0,0,0
2021-09-04 06:57:01 UTC,7922,31,60,,3.8,0,0,0,1
2021-09-04 07:57:01 UTC,7923,48,109,,0,0,0,0,0
2021-09-04 08:57:01 UTC,7924,55,164,,0,0,0,0,0
2021-09-04 09:57:01 UTC,7925,59,223,,0,0,0,0,0
2021-09-04 10:57:01 UTC,7926,148,371,,3.9,0,0,0,1
2021-09-04 11:57:01 UTC,7927,114,490,,0,0,0,2,0
2021-09-04 12:57:01 UTC,7928,73,563,,0,0,0,2,0
2021-09-04 13:57:01 UTC,7929,93,656,,0,0,0,2,0
2021-09-04 14:57:01 UTC,7930,126,782,,3.7,0,0,2,0
2021-09-04 15:57:01 UTC,7931,177,959,,0,0,0,2,0
2021-09-04 16:57:01 UTC,7932,170,1129,,0,0,0,2,0
2021-09-04 17:57:01 UTC,7933,98,1227,,0,0,0,2,0
2021-09-04 18:57:01 UTC,7934,25,1252,,3.7,0,0,2,1
2021-09-04 19:57:01 UTC,7935,6,1259,,0,0,0,4,0
2021-09-04 20:57:01 UTC,7936,6,1265,,3.7,0,0,4,0
2021-09-04 21:57:01 UTC,7937,,,1265,,,,,
2021-09-04 22:57:01 UTC,7938,8,8,,0,0,0,0,0
2021-09-04 23:57:01 UTC,7939,2,10,,0,0,0,0,0
2021-09-05 00:57:01 UTC,7940,3,13,,0,0,0,0,0
2021-09-05 01:57:01 UTC,7941,3,16,,0,0,0,0,0
2021-09-05 02:57:01 UTC,7942,1,17,,3.7,0,0,0,1
2021-09-05 03:57:01 UTC,7943,1,18,,0,0,0,1,0
2021-09-05 04:57:01 UTC,7944,3,21,,0,0,0,1,0
2021-09-05 05:57:01 UTC,7945,18,39,,0,0,0,1,0
2021-09-05 06:57:01 UTC,7946,44,83,,3.7,0,0,1,1
2021-09-05 07:57:01 UTC,7947,89,184,,0,0,0,1,0
2021-09-05 08:57:01 UTC,7948,98,282,,0,0,0,1,0
2021-09-05 09:57:01 UTC,7949,178,460,,0,0,0,1,0
2021-09-05 10:57:01 UTC,7950,228,688,,3.9,0,0,1,1
2021-09-05 11:57:01 UTC,7951,148,846,,0,0,0,1,0
2021-09-05 12:57:01 UTC,7952,89,935,,0,0,0,1,0
2021-09-05 13:57:01 UTC,7953,127,1062,,0,0,0,1,0
2021-09-05 14:57:01 UTC,7954,153,1215,,3.7,0,0,1,1
2021-09-05 15:57:01 UTC,7955,256,1475,,0,0,0,1,0
2021-09-05 16:57:01 UTC,7956,214,1689,,0,0,0,1,0
2021-09-05 17:57:01 UTC,7957,138,1827,,0,0,0,1,0
2021-09-05 18:57:01 UTC,7958,36,1863,,3.7,0,0,1,1
2021-09-05 19:57:01 UTC,7959,5,1868,,0,0,0,1,0
2021-09-05 20:57:01 UTC,7960,7,1875,,3.7,0,0,1,1
2021-09-05 21:57:01 UTC,7961,,,1875,,,,,
2021-09-05 22:57:01 UTC,7962,0,0,,0,0,0,1,0
2021-09-05 23:57:01 UTC,7963,4,5,,0,0,0,1,0
2021-09-06 00:57:01 UTC,7964,7,12,,0,0,0,1,0
2021-09-06 01:57:01 UTC,7965,9,21,,0,0,0,1,0
2021-09-06 02:57:01 UTC,7966,10,31,,3.7,0,0,1,2
2021-09-06 03:57:01 UTC,7967,14,46,,0,0,0,1,0
2021-09-06 04:57:01 UTC,7968,16,62,,0,0,0,1,0
2021-09-06 05:57:01 UTC,7969,40,102,,0,0,0,1,0
2021-09-06 06:57:01 UTC,7970,52,154,,3.7,0,0,1,1
2021-09-06 07:57:01 UTC,7971,72,232,,0,0,0,2,0
2021-09-06 08:57:01 UTC,7972,48,280,,0,0,0,2,0
2021-09-06 09:57:01 UTC,7973,62,342,,0,0,0,2,0
2021-09-06 10:57:01 UTC,7974,42,384,,3.8,0,0,2,2
2021-09-06 11:57:01 UTC,7975,40,424,,0,0,0,2,0
2021-09-06 12:57:01 UTC,7976,56,480,,0,0,0,2,0
2021-09-06 13:57:01 UTC,7977,69,549,,0,0,0,2,0
2021-09-06 14:57:01 UTC,7978,100,649,,3.7,0,0,2,1
2021-09-06 15:57:01 UTC,7979,137,788,,0,0,0,2,0
2021-09-06 16:57:01 UTC,7980,184,972,,0,0,0,2,0
2021-09-06 17:57:01 UTC,7981,151,1123,,0,0,0,2,0
2021-09-06 18:57:01 UTC,7982,45,1168,,3.7,0,0,2,1
2021-09-06 19:57:01 UTC,7983,16,1184,,0,0,0,4,0
2021-09-06 20:57:01 UTC,7984,2,1186,,3.7,0,0,4,1
2021-09-06 21:57:01 UTC,7985,,,1186,,,,,
2021-09-06 22:57:01 UTC,7986,2,2,,0,0,0,0,0
2021-09-06 23:57:01 UTC,7987,7,9,,0,0,0,0,0
2021-09-07 00:57:01 UTC,7988,1,10,,0,0,0,0,0
2021-09-07 01:57:01 UTC,7989,0,10,,0,0,0,0,0
2021-09-07 02:57:01 UTC,7990,4,14,,3.7,0,0,0,1
2021-09-07 03:57:01 UTC,7991,4,18,,0,0,0,0,0
2021-09-07 04:57:01 UTC,7992,8,26,,0,0,0,0,0
2021-09-07 05:57:01 UTC,7993,46,72,,0,0,0,0,0
2021-09-07 06:57:01 UTC,7994,61,133,,3.7,0,0,0,1
2021-09-07 07:57:01 UTC,7995,59,200,,0,0,0,0,0
2021-09-07 08:57:01 UTC,7996,53,253,,0,0,0,0,0
2021-09-07 09:57:01 UTC,7997,43,296,,0,0,0,0,0
2021-09-07 10:57:01 UTC,7998,47,343,,3.9,0,0,0,1
2021-09-07 11:57:01 UTC,7999,81,429,,0,0,0,0,0
2021-09-07 12:57:01 UTC,8000,65,494,,0,0,0,0,0
2021-09-07 13:57:01 UTC,8001,69,563,,0,0,0,0,0
2021-09-07 14:57:01 UTC,8002,105,668,,3.8,0,0,0,1
2021-09-07 15:57:01 UTC,8003,157,829,,0,0,0,0,0
2021-09-07 16:57:01 UTC,8004,190,1019,,0,0,0,0,0
2021-09-07 17:57:01 UTC,8005,106,1125,,0,0,0,0,0
2021-09-07 18:57:01 UTC,8006,27,1152,,3.7,0,0,0,1
2021-09-07 19:57:01 UTC,8007,10,1162,,0,0,0,0,0
2021-09-07 20:57:01 UTC,8008,1,1163,,3.7,0,0,0,1
2021-09-07 21:57:01 UTC,8009,,,1163,,,,,
2021-09-07 22:57:01 UTC,8010,0,0,,0,0,0,0,0
2021-09-07 23:57:01 UTC,8011,0,0,,0,0,0,0,0
2021-09-08 00:57:01 UTC,8012,1,1,,0,0,0,0,0
2021-09-08 01:57:01 UTC,8013,0,1,,0,0,0,0,0
2021-09-08 02:57:01 UTC,8014,3,4,,3.7,0,0,0,1
2021-09-08 03:57:01 UTC,8015,0,4,,0,0,0,0,0
2021-09-08 04:57:01 UTC,8016,8,12,,0,0,0,0,0
2021-09-08 05:57:01 UTC,8017,31,43,,0,0,0,0,0
2021-09-08 06:57:01 UTC,8018,36,79,,3.8,0,0,0,1
2021-09-08 07:57:01 UTC,8019,38,121,,0,0,0,0,0
2021-09-08 08:57:01 UTC,8020,28,149,,0,0,0,0,0
2021-09-08 09:57:01 UTC,8021,37,186,,0,0,0,0,0
2021-09-08 10:57:01 UTC,8022,47,233,,3.9,0,0,0,1
2021-09-08 11:57:01 UTC,8023,87,322,,0,0,0,0,0
2021-09-08 12:57:01 UTC,8024,44,366,,0,0,0,0,0
2021-09-08 13:57:01 UTC,8025,64,430,,0,0,0,0,0
2021-09-08 14:57:01 UTC,8026,96,526,,3.7,0,0,0,1
2021-09-08 15:57:01 UTC,8027,118,646,,0,0,0,2,0
2021-09-08 16:57:01 UTC,8028,122,768,,0,0,0,2,0
2021-09-08 17:57:01 UTC,8029,126,894,,0,0,0,2,0
2021-09-08 18:57:01 UTC,8030,10,904,,3.8,0,0,2,1
2021-09-08 19:57:01 UTC,8031,1,906,,0,0,0,3,0
2021-09-08 20:57:01 UTC,8032,6,912,,3.7,0,0,3,2
2021-09-08 21:57:01 UTC,8033,,,912,,,,,
2021-09-08 22:57:01 UTC,8034,0,0,,0,0,0,0,0
2021-09-08 23:57:01 UTC,8035,2,2,,0,0,0,0,0
2021-09-09 00:57:01 UTC,8036,0,2,,0,0,0,0,0
2021-09-09 01:57:01 UTC,8037,0,2,,0,0,0,0,0
2021-09-09 02:57:01 UTC,8038,3,5,,3.7,0,0,0,1
2021-09-09 03:57:01 UTC,8039,0,5,,0,0,0,0,0
2021-09-09 04:57:01 UTC,8040,5,10,,0,0,0,0,0
2021-09-09 05:57:01 UTC,8041,27,37,,0,0,0,0,0
2021-09-09 06:57:01 UTC,8042,55,92,,3.8,0,0,0,1
2021-09-09 07:57:01 UTC,8043,58,155,,0,0,0,0,0
2021-09-09 08:57:01 UTC,8044,67,222,,0,0,0,0,0
2021-09-09 09:57:01 UTC,8045,74,296,,0,0,0,0,0
2021-09-09 10:57:01 UTC,8046,79,375,,3.9,0,0,0,1
2021-09-09 11:57:01 UTC,8047,86,463,,0,0,0,1,0
2021-09-09 12:57:01 UTC,8048,72,535,,0,0,0,1,0
2021-09-09 13:57:01 UTC,8049,79,614,,0,0,0,1,0
2021-09-09 14:57:01 UTC,8050,112,726,,3.7,0,0,1,2
2021-09-09 15:57:01 UTC,8051,160,887,,0,0,0,1,0
2021-09-09 16:57:01 UTC,8052,164,1051,,0,0,0,1,0
2021-09-09 17:57:01 UTC,8053,135,1186,,0,0,0,1,0
2021-09-09 18:57:01 UTC,8054,28,1214,,3.7,0,0,1,1
2021-09-09 19:57:01 UTC,8055,2,1217,,0,0,0,1,0
2021-09-09 20:57:01 UTC,8056,3,1220,,3.7,0,0,1,1
2021-09-09 21:57:01 UTC,8057,,,1220,,,,,
2021-09-09 22:57:01 UTC,8058,0,0,,0,0,0,1,0
2021-09-09 23:57:01 UTC,8059,1,2,,0,0,0,1,0
2021-09-10 00:57:01 UTC,8060,0,2,,0,0,0,1,0
2021-09-10 01:57:01 UTC,8061,0,2,,0,0,0,1,0
2021-09-10 02:57:01 UTC,8062,4,6,,3.7,0,0,1,2
2021-09-10 03:57:01 UTC,8063,1,7,,0,0,0,1,0
2021-09-10 04:57:01 UTC,8064,8,15,,0,0,0,1,0
2021-09-10 05:57:01 UTC,8065,28,43,,0,0,0,1,0
2021-09-10 06:57:01 UTC,8066,45,88,,3.8,0,0,1,1
2021-09-10 07:57:01 UTC,8067,58,150,,0,0,0,1,0
2021-09-10 08:57:01 UTC,8068,54,204,,0,0,0,1,0
2021-09-10 09:57:01 UTC,8069,36,240,,0,0,0,1,0
2021-09-10 10:57:01 UTC,8070,35,275,,3.9,0,0,1,1
2021-09-10 11:57:01 UTC,8071,56,333,,0,0,0,6,0
2021-09-10 12:57:01 UTC,8072,50,383,,0,0,0,6,0
2021-09-10 13:57:01 UTC,8073,47,430,,0,0,0,6,0
2021-09-10 14:57:01 UTC,8074,67,497,,3.7,0,0,6,0
2021-09-10 15:57:01 UTC,8075,55,552,,0,0,0,6,0
2021-09-10 16:57:01 UTC,8076,46,598,,0,0,0,6,0
2021-09-10 17:57:01 UTC,8077,26,624,,0,0,0,6,0
2021-09-10 18:57:01 UTC,8078,10,634,,3.7,0,0,6,2
2021-09-10 19:57:01 UTC,8079,4,638,,0,0,0,6,0
2021-09-10 20:57:01 UTC,8080,0,638,,3.7,0,0,6,1
2021-09-10 21:57:01 UTC,8081,,,638,,,,,
2021-09-10 22:57:01 UTC,8082,0,0,,0,0,0,2,0
2021-09-10 23:57:01 UTC,8083,0,0,,0,0,0,2,0
2021-09-11 00:57:01 UTC,8084,1,1,,0,0,0,2,0
2021-09-11 01:57:01 UTC,8085,0,1,,0,0,0,2,0
2021-09-11 02:57:01 UTC,8086,4,5,,3.7,0,0,2,3
2021-09-11 03:57:01 UTC,8087,1,6,,0,0,0,2,0
2021-09-11 04:57:01 UTC,8088,3,9,,0,0,0,2,0
2021-09-11 05:57:01 UTC,8089,23,32,,0,0,0,2,0
2021-09-11 06:57:01 UTC,8090,73,105,,3.7,0,0,2,1
2021-09-11 07:57:01 UTC,8091,90,198,,0,0,0,3,0
2021-09-11 08:57:01 UTC,8092,87,285,,0,0,0,3,0
2021-09-11 09:57:01 UTC,8093,121,406,,0,0,0,3,0
2021-09-11 10:57:01 UTC,8094,168,574,,3.9,0,0,3,2
2021-09-11 11:57:01 UTC,8095,116,697,,0,0,0,3,0
2021-09-11 12:57:01 UTC,8096,116,813,,0,0,0,3,0
2021-09-11 13:57:01 UTC,8097,119,932,,0,0,0,3,0
2021-09-11 14:57:01 UTC,8098,142,1074,,3.8,0,0,3,1
2021-09-11 15:57:01 UTC,8099,207,1282,,0,0,0,3,0
2021-09-11 16:57:01 UTC,8100,178,1460,,0,0,0,3,0
2021-09-11 17:57:01 UTC,8101,69,1529,,0,0,0,3,0
2021-09-11 18:57:01 UTC,8102,22,1551,,3.7,0,0,3,1
2021-09-11 19:57:01 UTC,8103,7,1558,,0,0,0,3,0
2021-09-11 20:57:01 UTC,8104,5,1563,,3.7,0,0,3,1
2021-09-11 21:57:01 UTC,8105,,,1563,,,,,
