created_at,entry_id,field1,field2,field3,field4,field5,field6,field7,field8
2022-02-04 23:57:01 UTC,1,0,0,,0,0,0,0,293
2022-02-05 00:57:01 UTC,2,0,0,,0,0,0,0,293
2022-02-05 01:57:01 UTC,3,0,0,,0,0,0,0,293
2022-02-05 02:57:01 UTC,4,0,0,,0,0,0,0,293
2022-02-05 03:57:01 UTC,5,0,0,,3.9,0,0,0,293
2022-02-05 04:57:01 UTC,6,0,0,,0,0,0,0,293
2022-02-05 05:57:01 UTC,7,0,0,,0,0,0,0,293
2022-02-05 06:57:01 UTC,8,3,3,,0,0,0,0,293
2022-02-05 07:57:01 UTC,9,3,6,,4,0,0,0,293
2022-02-05 08:57:01 UTC,10,25,31,,0,0,1,0,293
2022-02-05 09:57:01 UTC,11,49,80,,0,0,1,0,293
2022-02-05 10:57:01 UTC,12,32,112,,0,0,1,0,293
2022-02-05 11:57:01 UTC,13,23,135,,0,0,1,0,293
2022-02-05 12:57:01 UTC,14,21,156,,0,0,2,0,293
2022-02-05 13:57:01 UTC,15,20,176,,0,0,2,0,293
2022-02-05 14:57:01 UTC,16,21,197,,0,0,2,0,293
2022-02-05 15:57:01 UTC,17,16,213,,0,0,2,0,293
2022-02-05 16:57:01 UTC,18,13,226,,0,0,2,0,293
2022-02-05 17:57:01 UTC,19,1,227,,0,0,2,0,293
2022-02-05 18:57:01 UTC,20,1,228,,0,0,2,0,293
2022-02-05 19:57:01 UTC,21,0,228,,3.9,0,2,0,293
2022-02-05 20:57:01 UTC,22,0,228,,0,0,2,0,293
2022-02-05 21:57:01 UTC,23,0,228,,3.9,0,2,0,293
2022-02-05 22:57:01 UTC,24,,,228,,,,,
2022-02-05 23:57:01 UTC,25,0,0,,0,0,0,0,228
2022-02-06 00:57:01 UTC,26,0,0,,0,0,0,0,228
2022-02-06 01:57:01 UTC,27,0,0,,0,0,0,0,228
2022-02-06 02:57:01 UTC,28,0,0,,0,0,0,0,228
2022-02-06 03:57:01 UTC,29,0,0,,3.9,0,0,0,228
2022-02-06 04:57:01 UTC,30,0,0,,0,0,0,0,228
2022-02-06 05:57:01 UTC,31,1,1,,0,0,0,0,228
2022-02-06 06:57:01 UTC,32,6,7,,0,0,0,0,228
2022-02-06 07:57:01 UTC,33,21,28,,4,0,0,0,228
2022-02-06 08:57:01 UTC,34,46,75,,0,0,0,0,228
2022-02-06 09:57:01 UTC,35,109,184,,0,0,0,0,228
2022-02-06 10:57:01 UTC,36,130,314,,0,0,0,0,228
2022-02-06 11:57:01 UTC,37,108,422,,4,0,0,0,228
2022-02-06 12:57:01 UTC,38,73,495,,0,0,1,0,228
2022-02-06 13:57:01 UTC,39,69,564,,0,0,1,0,228
2022-02-06 14:57:01 UTC,40,80,644,,0,0,1,0,228
2022-02-06 15:57:01 UTC,41,52,696,,0,0,1,0,228
2022-02-06 16:57:01 UTC,42,17,713,,0,0,2,0,228
2022-02-06 17:57:01 UTC,43,2,715,,0,0,2,0,228
2022-02-06 18:57:01 UTC,44,1,716,,0,0,2,0,228
2022-02-06 19:57:01 UTC,45,0,716,,3.9,0,2,0,228
2022-02-06 20:57:01 UTC,46,0,716,,0,0,3,0,228
2022-02-06 21:57:01 UTC,47,0,716,,3.9,0,3,0,228
2022-02-06 22:57:01 UTC,48,,,716,,,,,
2022-02-09 23:57:01 UTC,49,0,0,,0,0,0,0,578
2022-02-10 00:57:01 UTC,50,0,0,,0,0,0,0,578
2022-02-10 01:57:01 UTC,51,0,0,,0,0,0,0,578
2022-02-10 02:57:01 UTC,52,0,0,,0,0,0,0,578
2022-02-10 03:57:01 UTC,53,0,0,,3.8,0,0,0,578
2022-02-10 04:57:01 UTC,54,0,0,,0,0,0,0,578
2022-02-10 05:57:01 UTC,55,1,1,,0,0,0,0,578
2022-02-10 06:57:01 UTC,56,6,7,,0,0,0,0,578
2022-02-10 07:57:01 UTC,57,6,13,,3.9,0,0,0,578
2022-02-10 08:57:01 UTC,58,16,29,,0,0,0,0,578
2022-02-10 09:57:01 UTC,59,27,56,,0,0,0,0,578
2022-02-10 10:57:01 UTC,60,48,104,,0,0,0,0,578
2022-02-10 11:57:01 UTC,61,29,133,,3.9,0,0,0,578
2022-02-10 12:57:01 UTC,62,19,152,,0,0,0,0,578
2022-02-10 13:57:01 UTC,63,13,165,,0,0,0,0,578
2022-02-10 14:57:01 UTC,64,24,189,,0,0,0,0,578
2022-02-10 15:57:01 UTC,65,10,199,,3.8,0,0,0,578
2022-02-10 16:57:01 UTC,66,14,214,,0,0,0,0,578
2022-02-10 17:57:01 UTC,67,0,214,,0,0,0,0,578
2022-02-10 18:57:01 UTC,68,1,215,,0,0,0,0,578
2022-02-10 19:57:01 UTC,69,0,215,,3.8,0,0,0,578
2022-02-10 20:57:01 UTC,70,1,216,,0,0,0,0,578
2022-02-10 21:57:01 UTC,71,0,216,,3.8,0,0,0,578
2022-02-10 22:57:01 UTC,72,,,216,,,,,
2022-02-10 23:57:01 UTC,73,1,1,,0,0,0,0,216
2022-02-11 00:57:01 UTC,74,0,1,,0,0,0,0,216
2022-02-11 01:57:01 UTC,75,0,1,,0,0,0,0,216
2022-02-11 02:57:01 UTC,76,0,1,,0,0,0,0,216
2022-02-11 03:57:01 UTC,77,0,1,,3.8,0,0,0,216
2022-02-11 04:57:01 UTC,78,0,1,,0,0,0,0,216
2022-02-11 05:57:01 UTC,79,1,2,,0,0,0,0,216
2022-02-11 06:57:01 UTC,80,4,6,,0,0,0,0,216
2022-02-11 07:57:01 UTC,81,5,11,,3.9,0,0,0,216
2022-02-11 08:57:01 UTC,82,15,27,,0,0,0,0,216
2022-02-11 09:57:01 UTC,83,18,45,,0,0,0,0,216
2022-02-11 10:57:01 UTC,84,31,76,,0,0,0,0,216
2022-02-11 11:57:01 UTC,85,23,99,,3.9,0,0,0,216
2022-02-11 12:57:01 UTC,86,11,113,,0,0,0,0,216
2022-02-11 13:57:01 UTC,87,11,124,,0,0,0,0,216
2022-02-11 14:57:01 UTC,88,11,135,,0,0,0,0,216
2022-02-11 15:57:01 UTC,89,15,150,,3.7,0,0,0,216
2022-02-11 16:57:01 UTC,90,8,160,,0,0,0,0,216
2022-02-11 17:57:01 UTC,91,0,160,,0,0,0,0,216
2022-02-11 18:57:01 UTC,92,1,161,,0,0,0,0,216
2022-02-11 19:57:01 UTC,93,0,161,,3.8,0,0,0,216
2022-02-11 20:57:01 UTC,94,0,161,,0,0,0,0,216
2022-02-11 21:57:01 UTC,95,0,161,,3.8,0,0,0,216
2022-02-11 22:57:01 UTC,96,,,161,,,,,
2022-02-11 23:57:01 UTC,97,0,0,,0,0,0,0,161
2022-02-12 00:57:01 UTC,98,0,0,,0,0,0,0,161
2022-02-12 01:57:01 UTC,99,0,0,,0,0,0,0,161
2022-02-12 02:57:01 UTC,100,0,0,,0,0,0,0,161
2022-02-12 03:57:01 UTC,101,0,0,,3.8,0,0,0,161
2022-02-12 04:57:01 UTC,102,0,0,,0,0,0,0,161
2022-02-12 05:57:01 UTC,103,0,0,,0,0,0,0,161
2022-02-12 06:57:01 UTC,104,3,3,,0,0,0,0,161
2022-02-12 07:57:01 UTC,105,10,13,,3.9,0,0,0,161
2022-02-12 08:57:01 UTC,106,33,49,,0,0,0,0,161
2022-02-12 09:57:01 UTC,107,71,120,,0,0,0,0,161
2022-02-12 10:57:01 UTC,108,83,203,,0,0,0,0,161
2022-02-12 11:57:01 UTC,109,89,292,,3.9,0,0,0,161
2022-02-12 12:57:01 UTC,110,40,333,,0,0,0,0,161
2022-02-12 13:57:01 UTC,111,49,382,,0,0,0,0,161
2022-02-12 14:57:01 UTC,112,51,433,,0,0,0,0,161
2022-02-12 15:57:01 UTC,113,51,484,,3.7,0,0,0,161
2022-02-12 16:57:01 UTC,114,6,493,,0,0,0,0,161
2022-02-12 17:57:01 UTC,115,0,493,,0,0,0,0,161
2022-02-12 18:57:01 UTC,116,1,494,,0,0,0,0,161
2022-02-12 19:57:01 UTC,117,0,494,,3.8,0,0,0,161
2022-02-12 20:57:01 UTC,118,0,494,,0,0,0,0,161
2022-02-12 21:57:01 UTC,119,1,495,,3.8,0,0,0,161
2022-02-12 22:57:01 UTC,120,,,495,,,,,
2022-02-12 23:57:01 UTC,121,0,0,,0,0,0,0,495
2022-02-13 00:57:01 UTC,122,0,0,,0,0,0,0,495
2022-02-13 01:57:01 UTC,123,0,0,,0,0,0,0,495
2022-02-13 02:57:01 UTC,124,0,0,,0,0,0,0,495
2022-02-13 03:57:01 UTC,125,0,0,,3.8,0,0,0,495
2022-02-13 04:57:01 UTC,126,1,1,,0,0,0,0,495
2022-02-13 05:57:01 UTC,127,0,1,,0,0,0,0,495
2022-02-13 06:57:01 UTC,128,3,4,,0,0,0,0,495
2022-02-13 07:57:01 UTC,129,9,13,,3.8,0,0,0,495
2022-02-13 08:57:01 UTC,130,33,49,,0,0,0,0,495
2022-02-13 09:57:01 UTC,131,75,124,,0,0,0,0,495
2022-02-13 10:57:01 UTC,132,108,232,,0,0,0,0,495
2022-02-13 11:57:01 UTC,133,75,307,,3.9,0,0,0,495
2022-02-13 12:57:01 UTC,134,62,371,,0,0,0,0,495
2022-02-13 13:57:01 UTC,135,42,413,,0,0,0,0,495
2022-02-13 14:57:01 UTC,136,43,456,,0,0,0,0,495
2022-02-13 15:57:01 UTC,137,42,498,,3.7,0,0,0,495
2022-02-13 16:57:01 UTC,138,12,513,,0,0,0,0,495
2022-02-13 17:57:01 UTC,139,3,516,,0,0,0,0,495
2022-02-13 18:57:01 UTC,140,0,516,,0,0,0,0,495
2022-02-13 19:57:01 UTC,141,0,516,,3.8,0,0,0,495
2022-02-13 20:57:01 UTC,142,0,516,,0,0,0,0,495
2022-02-13 21:57:01 UTC,143,0,516,,3.8,0,0,0,495
2022-02-13 22:57:01 UTC,144,,,516,,,,,
2022-02-13 23:57:01 UTC,145,0,0,,0,0,0,0,516
2022-02-14 00:57:01 UTC,146,0,0,,0,0,0,0,516
2022-02-14 01:57:01 UTC,147,0,0,,0,0,0,0,516
2022-02-14 02:57:01 UTC,148,0,0,,0,0,0,0,516
2022-02-14 03:57:01 UTC,149,0,0,,3.7,0,0,0,516
2022-02-14 04:57:01 UTC,150,0,0,,0,0,0,0,516
2022-02-14 05:57:01 UTC,151,0,0,,0,0,0,0,516
2022-02-14 06:57:01 UTC,152,4,4,,0,0,0,0,516
2022-02-14 07:57:01 UTC,153,3,7,,3.9,0,0,0,516
2022-02-14 08:57:01 UTC,154,13,20,,0,0,0,0,516
2022-02-14 09:57:01 UTC,155,4,24,,0,0,0,0,516
2022-02-14 10:57:01 UTC,156,8,32,,0,0,0,0,516
2022-02-14 11:57:01 UTC,157,2,34,,3.8,0,0,0,516
2022-02-14 12:57:01 UTC,158,2,37,,0,0,0,0,516
2022-02-14 13:57:01 UTC,159,1,38,,0,0,0,0,516
2022-02-14 14:57:01 UTC,160,4,42,,0,0,0,0,516
2022-02-14 15:57:01 UTC,161,13,55,,3.8,0,0,0,516
2022-02-14 16:57:01 UTC,162,6,61,,0,0,0,0,516
2022-02-14 17:57:01 UTC,163,0,61,,0,0,0,0,516
2022-02-14 18:57:01 UTC,164,0,61,,0,0,0,0,516
2022-02-14 19:57:01 UTC,165,0,61,,3.8,0,0,0,516
2022-02-14 20:57:01 UTC,166,0,61,,0,0,0,0,516
2022-02-14 21:57:01 UTC,167,0,61,,3.8,0,0,0,516
2022-02-14 22:57:01 UTC,168,,,61,,,,,
2022-02-14 23:57:01 UTC,169,0,0,,0,0,0,0,61
2022-02-15 00:57:01 UTC,170,0,0,,0,0,0,0,61
2022-02-15 01:57:01 UTC,171,0,0,,0,0,0,0,61
2022-02-15 02:57:01 UTC,172,0,0,,0,0,0,0,61
2022-02-15 03:57:01 UTC,173,0,0,,3.7,0,0,0,61
2022-02-15 04:57:01 UTC,174,0,0,,0,0,0,0,61
2022-02-15 05:57:01 UTC,175,0,0,,0,0,0,0,61
2022-02-15 06:57:01 UTC,176,0,0,,0,0,0,0,61
2022-02-15 07:57:01 UTC,177,1,1,,3.8,0,0,0,61
2022-02-15 08:57:01 UTC,178,3,4,,0,0,0,0,61
2022-02-15 09:57:01 UTC,179,10,14,,0,0,0,0,61
2022-02-15 10:57:01 UTC,180,11,25,,0,0,0,0,61
2022-02-15 11:57:01 UTC,181,2,27,,3.9,0,0,0,61
2022-02-15 12:57:01 UTC,182,0,27,,0,0,0,0,61
2022-02-15 13:57:01 UTC,183,4,31,,0,0,0,0,61
2022-02-15 14:57:01 UTC,184,6,37,,0,0,0,0,61
2022-02-15 15:57:01 UTC,185,6,43,,3.8,0,0,0,61
2022-02-15 16:57:01 UTC,186,3,46,,0,0,0,0,61
2022-02-15 17:57:01 UTC,187,1,47,,0,0,0,0,61
2022-02-15 18:57:01 UTC,188,3,50,,0,0,0,0,61
2022-02-15 19:57:01 UTC,189,0,50,,3.8,0,0,0,61
2022-02-15 20:57:01 UTC,190,0,50,,0,0,0,0,61
2022-02-15 21:57:01 UTC,191,0,50,,3.8,0,0,0,61
2022-02-15 22:57:01 UTC,192,,,50,,,,,
2022-02-15 23:57:01 UTC,193,0,0,,0,0,0,0,52
2022-02-16 00:57:01 UTC,194,0,0,,0,0,0,0,52
2022-02-16 01:57:01 UTC,195,0,0,,0,0,0,0,52
2022-02-16 02:57:01 UTC,196,0,0,,0,0,0,0,52
2022-02-16 03:57:01 UTC,197,0,0,,3.8,0,0,0,52
2022-02-16 04:57:01 UTC,198,0,0,,0,0,0,0,52
2022-02-16 05:57:01 UTC,199,0,0,,0,0,0,0,52
2022-02-16 06:57:01 UTC,200,2,2,,0,0,0,0,52
2022-02-16 07:57:01 UTC,201,7,9,,3.9,0,0,0,52
2022-02-16 08:57:01 UTC,202,11,21,,0,0,0,0,52
2022-02-16 09:57:01 UTC,203,23,44,,0,0,0,0,52
2022-02-16 10:57:01 UTC,204,27,71,,0,0,0,0,52
2022-02-16 11:57:01 UTC,205,13,84,,3.9,0,0,0,52
2022-02-16 12:57:01 UTC,206,13,97,,0,0,0,0,52
2022-02-16 13:57:01 UTC,207,18,115,,0,0,0,0,52
2022-02-16 14:57:01 UTC,208,8,123,,0,0,0,0,52
2022-02-16 15:57:01 UTC,209,9,132,,3.7,0,0,0,52
2022-02-16 16:57:01 UTC,210,4,138,,0,0,0,0,52
2022-02-16 17:57:01 UTC,211,3,141,,0,0,0,0,52
2022-02-16 18:57:01 UTC,212,0,141,,0,0,0,0,52
2022-02-16 19:57:01 UTC,213,0,141,,3.8,0,0,0,52
2022-02-16 20:57:01 UTC,214,0,141,,0,0,0,0,52
2022-02-16 21:57:01 UTC,215,0,141,,3.8,0,0,0,52
2022-02-16 22:57:01 UTC,216,,,141,,,,,
