created_at,entry_id,field1,field2,field3,field4,field5,field6,field7,field8
2021-04-01 00:57:01 UTC,3743,0,0,,0,0,0,0,0
2021-04-01 01:57:01 UTC,3744,0,0,,0,0,0,0,0
2021-04-01 02:57:01 UTC,3745,0,0,,3.7,0,0,0,1
2021-04-01 03:57:01 UTC,3746,8,9,,0,0,0,0,0
2021-04-01 04:57:01 UTC,3747,14,23,,0,0,0,0,0
2021-04-01 05:57:01 UTC,3748,51,74,,0,0,0,0,0
2021-04-01 06:57:01 UTC,3749,72,146,,3.9,0,0,0,1
2021-04-01 07:57:01 UTC,3750,113,262,,0,0,0,0,0
2021-04-01 08:57:01 UTC,3751,138,400,,0,0,0,0,0
2021-04-01 09:57:01 UTC,3752,205,605,,0,0,0,0,0
2021-04-01 10:57:01 UTC,3753,234,839,,0,0,0,0,0
2021-04-01 11:57:01 UTC,3754,255,1094,,0,0,0,0,0
2021-04-01 12:57:01 UTC,3755,180,1274,,0,0,0,0,0
2021-04-01 13:57:01 UTC,3756,220,1494,,0,0,0,0,0
2021-04-01 14:57:01 UTC,3757,227,1721,,0,0,0,0,0
2021-04-01 15:57:01 UTC,3758,255,1976,,0,0,0,0,0
2021-04-01 16:57:01 UTC,3759,174,2150,,0,0,0,0,0
2021-04-01 17:57:01 UTC,3760,98,2248,,0,0,0,0,0
2021-04-01 18:57:01 UTC,3761,20,2268,,3.8,0,0,0,1
2021-04-01 19:57:01 UTC,3762,4,2272,,0,0,0,0,0
2021-04-01 20:57:01 UTC,3763,0,2272,,3.8,0,0,0,1
2021-04-01 21:57:01 UTC,3764,,,2272,,,,,
2021-04-01 22:57:01 UTC,3765,0,0,,0,0,0,0,0
2021-04-01 23:57:01 UTC,3766,0,0,,0,0,0,0,0
2021-04-02 00:57:01 UTC,3767,0,0,,0,0,0,0,0
2021-04-02 01:57:01 UTC,3768,0,0,,0,0,0,0,0
2021-04-02 02:57:01 UTC,3769,5,5,,3.8,0,0,0,1
2021-04-02 03:57:01 UTC,3770,0,5,,0,0,0,1,0
2021-04-02 04:57:01 UTC,3771,12,17,,0,0,0,1,0
2021-04-02 05:57:01 UTC,3772,42,59,,0,0,0,1,0
2021-04-02 06:57:01 UTC,3773,65,124,,3.8,0,0,1,2
2021-04-02 07:57:01 UTC,3774,80,206,,0,0,0,1,0
2021-04-02 08:57:01 UTC,3775,112,318,,0,0,0,1,0
2021-04-02 09:57:01 UTC,3776,208,526,,0,0,0,1,0
2021-04-02 10:57:01 UTC,3777,295,821,,3.9,0,0,1,1
2021-04-02 11:57:01 UTC,3778,227,1050,,0,0,0,1,0
2021-04-02 12:57:01 UTC,3779,228,1278,,0,0,0,1,0
2021-04-02 13:57:01 UTC,3780,235,1513,,0,0,0,1,0
2021-04-02 14:57:01 UTC,3781,300,1813,,0,0,0,1,0
2021-04-02 15:57:01 UTC,3782,238,2051,,0,0,0,1,0
2021-04-02 16:57:01 UTC,3783,173,2224,,0,0,0,1,0
2021-04-02 17:57:01 UTC,3784,76,2300,,0,0,0,1,0
2021-04-02 18:57:01 UTC,3785,19,2319,,3.7,0,0,1,1
2021-04-02 19:57:01 UTC,3786,5,2324,,0,0,0,1,0
2021-04-02 20:57:01 UTC,3787,0,2324,,3.8,0,0,1,1
2021-04-02 21:57:01 UTC,3788,,,2324,,,,,
2021-04-02 22:57:01 UTC,3789,0,0,,0,0,0,1,0
2021-04-02 23:57:01 UTC,3790,0,0,,0,0,0,1,0
2021-04-03 00:57:01 UTC,3791,0,0,,0,0,0,1,0
2021-04-03 01:57:01 UTC,3792,0,0,,0,0,0,1,0
2021-04-03 02:57:01 UTC,3793,3,3,,3.8,0,0,1,2
2021-04-03 03:57:01 UTC,3794,2,5,,0,0,0,1,0
2021-04-03 04:57:01 UTC,3795,5,10,,0,0,0,1,0
2021-04-03 05:57:01 UTC,3796,40,50,,0,0,0,1,0
2021-04-03 06:57:01 UTC,3797,115,165,,3.9,0,0,1,1
2021-04-03 07:57:01 UTC,3798,255,435,,0,0,0,1,0
2021-04-03 08:57:01 UTC,3799,313,748,,0,0,0,1,0
2021-04-03 09:57:01 UTC,3800,400,1148,,0,0,0,1,0
2021-04-03 10:57:01 UTC,3801,320,1468,,3.9,0,0,1,1
2021-04-03 11:57:01 UTC,3802,228,1696,,0,0,0,1,0
2021-04-03 12:57:01 UTC,3803,146,1842,,0,0,0,1,0
2021-04-03 13:57:01 UTC,3804,144,1986,,0,0,0,1,0
2021-04-03 14:57:01 UTC,3805,162,2148,,3.8,0,0,1,1
2021-04-03 15:57:01 UTC,3806,154,2305,,0,0,0,1,0
2021-04-03 16:57:01 UTC,3807,134,2439,,0,0,0,1,0
2021-04-03 17:57:01 UTC,3808,63,2502,,0,0,0,1,0
2021-04-03 18:57:01 UTC,3809,10,2512,,3.7,0,0,1,1
2021-04-03 19:57:01 UTC,3810,2,2515,,0,0,0,2,0
2021-04-03 20:57:01 UTC,3811,3,2518,,3.7,0,0,2,2
2021-04-03 21:57:01 UTC,3812,,,2518,,,,,
2021-04-03 22:57:01 UTC,3813,0,0,,0,0,0,0,0
2021-04-03 23:57:01 UTC,3814,0,0,,0,0,0,0,0
2021-04-04 00:57:01 UTC,3815,0,0,,0,0,0,0,0
2021-04-04 01:57:01 UTC,3816,0,0,,0,0,0,0,0
2021-04-04 02:57:01 UTC,3817,0,0,,3.8,0,0,0,1
2021-04-04 03:57:01 UTC,3818,0,0,,0,0,0,0,0
2021-04-04 04:57:01 UTC,3819,2,2,,0,0,0,0,0
2021-04-04 05:57:01 UTC,3820,37,39,,0,0,0,0,0
2021-04-04 06:57:01 UTC,3821,121,160,,3.9,0,0,0,1
2021-04-04 07:57:01 UTC,3822,232,401,,0,0,0,0,0
2021-04-04 08:57:01 UTC,3823,275,676,,0,0,0,0,0
2021-04-04 09:57:01 UTC,3824,345,1021,,0,0,0,0,0
2021-04-04 10:57:01 UTC,3825,370,1391,,3.9,0,0,0,1
2021-04-04 11:57:01 UTC,3826,208,1599,,0,0,0,0,0
2021-04-04 12:57:01 UTC,3827,172,1771,,0,0,0,0,0
2021-04-04 13:57:01 UTC,3828,231,2002,,0,0,0,0,0
2021-04-04 14:57:01 UTC,3829,309,2311,,0,0,0,0,0
2021-04-04 15:57:01 UTC,3830,389,2700,,0,0,0,0,0
2021-04-04 16:57:01 UTC,3831,263,2963,,0,0,0,0,0
2021-04-04 17:57:01 UTC,3832,145,3108,,0,0,0,0,0
2021-04-04 18:57:01 UTC,3833,30,3138,,3.8,0,0,0,1
2021-04-04 19:57:01 UTC,3834,5,3143,,0,0,0,0,0
2021-04-04 20:57:01 UTC,3835,1,3144,,3.8,0,0,0,1
2021-04-04 21:57:01 UTC,3836,,,3144,,,,,
2021-04-04 22:57:01 UTC,3837,0,0,,0,0,0,0,0
2021-04-04 23:57:01 UTC,3838,0,0,,0,0,0,0,0
2021-04-05 00:57:01 UTC,3839,0,0,,0,0,0,0,0
2021-04-05 01:57:01 UTC,3840,0,0,,0,0,0,0,0
2021-04-05 02:57:01 UTC,3841,5,5,,3.8,0,0,0,1
2021-04-05 03:57:01 UTC,3842,0,5,,0,0,0,0,0
2021-04-05 04:57:01 UTC,3843,6,11,,0,0,0,0,0
2021-04-05 05:57:01 UTC,3844,25,36,,0,0,0,0,0
2021-04-05 06:57:01 UTC,3845,118,154,,3.9,0,0,0,1
2021-04-05 07:57:01 UTC,3846,291,455,,0,0,0,1,0
2021-04-05 08:57:01 UTC,3847,406,861,,0,0,0,1,0
2021-04-05 09:57:01 UTC,3848,401,1262,,0,0,0,1,0
2021-04-05 10:57:01 UTC,3849,305,1567,,3.8,0,0,1,1
2021-04-05 11:57:01 UTC,3850,178,1752,,0,0,0,1,0
2021-04-05 12:57:01 UTC,3851,123,1875,,0,0,0,1,0
2021-04-05 13:57:01 UTC,3852,123,1998,,0,0,0,1,0
2021-04-05 14:57:01 UTC,3853,283,2281,,3.8,0,0,1,1
2021-04-05 15:57:01 UTC,3854,235,2522,,0,0,0,1,0
2021-04-05 16:57:01 UTC,3855,168,2690,,0,0,0,1,0
2021-04-05 17:57:01 UTC,3856,117,2807,,0,0,0,1,0
2021-04-05 18:57:01 UTC,3857,20,2827,,3.8,0,0,1,1
2021-04-05 19:57:01 UTC,3858,4,2832,,0,0,0,1,0
2021-04-05 20:57:01 UTC,3859,1,2833,,3.8,0,0,1,1
2021-04-05 21:57:01 UTC,3860,,,2833,,,,,
2021-04-05 22:57:01 UTC,3861,0,0,,0,0,0,1,0
2021-04-05 23:57:01 UTC,3862,0,0,,0,0,0,1,0
2021-04-06 00:57:01 UTC,3863,0,0,,0,0,0,1,0
2021-04-06 01:57:01 UTC,3864,0,0,,0,0,0,1,0
2021-04-06 02:57:01 UTC,3865,3,3,,3.8,0,0,1,2
2021-04-06 03:57:01 UTC,3866,1,4,,0,0,0,1,0
2021-04-06 04:57:01 UTC,3867,5,9,,0,0,0,1,0
2021-04-06 05:57:01 UTC,3868,45,54,,0,0,0,1,0
2021-04-06 06:57:01 UTC,3869,60,114,,3.8,0,0,1,1
2021-04-06 07:57:01 UTC,3870,63,179,,0,0,0,1,0
2021-04-06 08:57:01 UTC,3871,37,216,,0,0,0,1,0
2021-04-06 09:57:01 UTC,3872,39,255,,0,0,0,1,0
2021-04-06 10:57:01 UTC,3873,43,298,,3.9,0,0,1,1
2021-04-06 11:57:01 UTC,3874,36,337,,0,0,0,1,0
2021-04-06 12:57:01 UTC,3875,72,409,,0,0,0,1,0
2021-04-06 13:57:01 UTC,3876,94,503,,0,0,0,1,0
2021-04-06 14:57:01 UTC,3877,170,673,,3.8,0,0,1,1
2021-04-06 15:57:01 UTC,3878,139,812,,0,0,0,3,0
2021-04-06 16:57:01 UTC,3879,92,904,,0,0,0,3,0
2021-04-06 17:57:01 UTC,3880,62,966,,0,0,0,3,0
2021-04-06 18:57:01 UTC,3881,12,978,,3.7,0,0,3,3
2021-04-06 19:57:01 UTC,3882,3,981,,0,0,0,3,0
2021-04-06 20:57:01 UTC,3883,0,981,,3.8,0,0,3,1
2021-04-06 21:57:01 UTC,3884,,,981,,,,,
2021-04-06 22:57:01 UTC,3885,0,0,,0,0,0,0,0
2021-04-06 23:57:01 UTC,3886,0,0,,0,0,0,0,0
2021-04-07 00:57:01 UTC,3887,0,0,,0,0,0,0,0
2021-04-07 01:57:01 UTC,3888,0,0,,0,0,0,0,0
2021-04-07 02:57:01 UTC,3889,5,5,,3.8,0,0,0,1
2021-04-07 03:57:01 UTC,3890,2,7,,0,0,0,0,0
2021-04-07 04:57:01 UTC,3891,14,21,,0,0,0,0,0
2021-04-07 05:57:01 UTC,3892,55,76,,0,0,0,0,0
2021-04-07 06:57:01 UTC,3893,101,177,,3.9,0,0,0,1
2021-04-07 07:57:01 UTC,3894,132,319,,0,0,0,1,0
2021-04-07 08:57:01 UTC,3895,120,439,,0,0,0,1,0
2021-04-07 09:57:01 UTC,3896,178,617,,0,0,0,1,0
2021-04-07 10:57:01 UTC,3897,179,796,,3.9,0,0,1,2
2021-04-07 11:57:01 UTC,3898,144,942,,0,0,0,1,0
2021-04-07 12:57:01 UTC,3899,95,1037,,0,0,0,1,0
2021-04-07 13:57:01 UTC,3900,52,1089,,0,0,0,1,0
2021-04-07 14:57:01 UTC,3901,50,1139,,3.8,0,0,1,1
2021-04-07 15:57:01 UTC,3902,55,1199,,0,0,0,2,0
2021-04-07 16:57:01 UTC,3903,69,1268,,0,0,0,2,0
2021-04-07 17:57:01 UTC,3904,61,1329,,0,0,0,2,0
2021-04-07 18:57:01 UTC,3905,18,1347,,3.8,0,0,2,2
2021-04-07 19:57:01 UTC,3906,1,1348,,0,0,0,2,0
2021-04-07 20:57:01 UTC,3907,1,1349,,3.8,0,0,2,1
2021-04-07 21:57:01 UTC,3908,,,1349,,,,,
2021-04-07 22:57:01 UTC,3909,0,0,,0,0,0,0,0
2021-04-07 23:57:01 UTC,3910,0,0,,0,0,0,0,0
2021-04-08 00:57:01 UTC,3911,0,0,,0,0,0,0,0
2021-04-08 01:57:01 UTC,3912,0,0,,0,0,0,0,0
2021-04-08 02:57:01 UTC,3913,4,4,,3.8,0,0,0,1
2021-04-08 03:57:01 UTC,3914,13,18,,0,0,0,0,0
2021-04-08 04:57:01 UTC,3915,14,32,,0,0,0,0,0
2021-04-08 05:57:01 UTC,3916,56,88,,0,0,0,0,0
2021-04-08 06:57:01 UTC,3917,87,175,,3.9,0,0,0,1
2021-04-08 07:57:01 UTC,3918,117,307,,0,0,0,0,0
2021-04-08 08:57:01 UTC,3919,150,457,,0,0,0,0,0
2021-04-08 09:57:01 UTC,3920,155,612,,0,0,0,0,0
2021-04-08 10:57:01 UTC,3921,204,816,,3.9,0,0,0,1
2021-04-08 11:57:01 UTC,3922,202,1023,,0,0,0,0,0
2021-04-08 12:57:01 UTC,3923,189,1212,,0,0,0,0,0
2021-04-08 13:57:01 UTC,3924,146,1358,,0,0,0,0,0
2021-04-08 14:57:01 UTC,3925,175,1533,,3.8,0,0,0,1
2021-04-08 15:57:01 UTC,3926,168,1705,,0,0,0,0,0
2021-04-08 16:57:01 UTC,3927,126,1831,,0,0,0,0,0
2021-04-08 17:57:01 UTC,3928,82,1913,,0,0,0,0,0
2021-04-08 18:57:01 UTC,3929,23,1936,,3.8,0,0,0,1
2021-04-08 19:57:01 UTC,3930,5,1942,,0,0,0,0,0
2021-04-08 20:57:01 UTC,3931,0,1942,,3.8,0,0,0,1
2021-04-08 21:57:01 UTC,3932,,,1942,,,,,
2021-04-08 22:57:01 UTC,3933,0,0,,0,0,0,0,0
2021-04-08 23:57:01 UTC,3934,0,0,,0,0,0,0,0
2021-04-09 00:57:01 UTC,3935,0,0,,0,0,0,0,0
2021-04-09 01:57:01 UTC,3936,0,0,,0,0,0,0,0
2021-04-09 02:57:01 UTC,3937,6,6,,3.8,0,0,0,1
2021-04-09 03:57:01 UTC,3938,5,11,,0,0,0,0,0
2021-04-09 04:57:01 UTC,3939,7,18,,0,0,0,0,0
2021-04-09 05:57:01 UTC,3940,50,68,,0,0,0,0,0
2021-04-09 06:57:01 UTC,3941,85,153,,3.9,0,0,0,1
2021-04-09 07:57:01 UTC,3942,153,315,,0,0,0,0,0
2021-04-09 08:57:01 UTC,3943,190,505,,0,0,0,0,0
2021-04-09 09:57:01 UTC,3944,188,693,,0,0,0,0,0
2021-04-09 10:57:01 UTC,3945,192,885,,3.9,0,0,0,1
2021-04-09 11:57:01 UTC,3946,209,1095,,0,0,0,0,0
2021-04-09 12:57:01 UTC,3947,171,1266,,0,0,0,0,0
2021-04-09 13:57:01 UTC,3948,193,1459,,0,0,0,0,0
2021-04-09 14:57:01 UTC,3949,230,1689,,3.8,0,0,0,1
2021-04-09 15:57:01 UTC,3950,197,1887,,0,0,0,0,0
2021-04-09 16:57:01 UTC,3951,136,2023,,0,0,0,0,0
2021-04-09 17:57:01 UTC,3952,73,2096,,0,0,0,0,0
2021-04-09 18:57:01 UTC,3953,19,2115,,3.7,0,0,0,1
