created_at,entry_id,field1,field2,field3,field4,field5,field6,field7,field8
2021-08-01 00:57:01 UTC,6812,3,7,,0,0,0,0,0
2021-08-01 01:57:01 UTC,6813,0,7,,0,0,0,0,0
2021-08-01 02:57:01 UTC,6814,0,7,,3.7,0,0,0,1
2021-08-01 03:57:01 UTC,6815,0,13,,0,0,0,0,0
2021-08-01 04:57:01 UTC,6816,2,15,,0,0,0,0,0
2021-08-01 05:57:01 UTC,6817,6,21,,0,0,0,0,0
2021-08-01 06:57:01 UTC,6818,10,31,,3.9,0,0,0,1
2021-08-01 07:57:01 UTC,6819,10,43,,0,0,0,0,0
2021-08-01 08:57:01 UTC,6820,20,63,,0,0,0,0,0
2021-08-01 09:57:01 UTC,6821,51,114,,0,0,0,0,0
2021-08-01 10:57:01 UTC,6822,64,178,,3.9,0,0,0,1
2021-08-01 11:57:01 UTC,6823,47,229,,0,0,0,0,0
2021-08-01 12:57:01 UTC,6824,42,271,,0,0,0,0,0
2021-08-01 13:57:01 UTC,6825,53,324,,0,0,0,0,0
2021-08-01 14:57:01 UTC,6826,55,379,,3.7,0,0,0,1
2021-08-01 15:57:01 UTC,6827,67,446,,0,0,0,1,0
2021-08-01 16:57:01 UTC,6828,138,584,,0,0,0,1,0
2021-08-01 17:57:01 UTC,6829,157,741,,0,0,0,1,0
2021-08-01 18:57:01 UTC,6830,71,812,,3.7,0,0,1,2
2021-08-01 19:57:01 UTC,6831,22,837,,0,0,0,1,0
2021-08-01 20:57:01 UTC,6832,15,852,,3.7,0,0,1,1
2021-08-01 21:57:01 UTC,6833,,,852,,,,,
2021-08-01 22:57:01 UTC,6834,3,3,,0,0,0,0,0
2021-08-01 23:57:01 UTC,6835,3,6,,0,0,0,0,0
2021-08-02 00:57:01 UTC,6836,1,7,,0,0,0,0,0
2021-08-02 01:57:01 UTC,6837,0,7,,0,0,0,0,0
2021-08-02 02:57:01 UTC,6838,4,11,,3.7,0,0,0,1
2021-08-02 03:57:01 UTC,6839,0,11,,0,0,0,0,0
2021-08-02 04:57:01 UTC,6840,5,16,,0,0,0,0,0
2021-08-02 05:57:01 UTC,6841,10,26,,0,0,0,0,0
2021-08-02 06:57:01 UTC,6842,24,50,,3.9,0,0,0,1
2021-08-02 07:57:01 UTC,6843,13,65,,0,0,0,0,0
2021-08-02 08:57:01 UTC,6844,16,81,,0,0,0,0,0
2021-08-02 09:57:01 UTC,6845,34,115,,0,0,0,0,0
2021-08-02 10:57:01 UTC,6846,37,152,,3.9,0,0,0,1
2021-08-02 11:57:01 UTC,6847,35,189,,0,0,0,0,0
2021-08-02 12:57:01 UTC,6848,40,229,,0,0,0,0,0
2021-08-02 13:57:01 UTC,6849,36,265,,0,0,0,0,0
2021-08-02 14:57:01 UTC,6850,53,318,,3.8,0,0,0,1
2021-08-02 15:57:01 UTC,6851,95,415,,0,0,0,0,0
2021-08-02 16:57:01 UTC,6852,167,582,,0,0,0,0,0
2021-08-02 17:57:01 UTC,6853,155,737,,0,0,0,0,0
2021-08-02 18:57:01 UTC,6854,85,822,,3.7,0,0,0,1
2021-08-02 19:57:01 UTC,6855,24,849,,0,0,0,0,0
2021-08-02 20:57:01 UTC,6856,10,859,,3.7,0,0,0,1
2021-08-02 21:57:01 UTC,6857,,,859,,,,,
2021-08-02 22:57:01 UTC,6858,2,2,,0,0,0,0,0
2021-08-02 23:57:01 UTC,6859,5,7,,0,0,0,0,0
2021-08-03 00:57:01 UTC,6860,5,12,,0,0,0,0,0
2021-08-03 01:57:01 UTC,6861,0,12,,0,0,0,0,0
2021-08-03 02:57:01 UTC,6862,4,16,,3.7,0,0,0,1
2021-08-03 03:57:01 UTC,6863,1,17,,0,0,0,0,0
2021-08-03 04:57:01 UTC,6864,2,19,,0,0,0,0,0
2021-08-03 05:57:01 UTC,6865,8,27,,0,0,0,0,0
2021-08-03 06:57:01 UTC,6866,5,32,,3.9,0,0,0,1
2021-08-03 07:57:01 UTC,6867,11,44,,0,0,0,0,0
2021-08-03 08:57:01 UTC,6868,16,60,,0,0,0,0,0
2021-08-03 09:57:01 UTC,6869,23,83,,0,0,0,0,0
2021-08-03 10:57:01 UTC,6870,35,118,,3.9,0,0,0,1
2021-08-03 11:57:01 UTC,6871,53,176,,0,0,0,0,0
2021-08-03 12:57:01 UTC,6872,45,221,,0,0,0,0,0
2021-08-03 13:57:01 UTC,6873,49,270,,0,0,0,0,0
2021-08-03 14:57:01 UTC,6874,62,332,,3.8,0,0,0,1
2021-08-03 15:57:01 UTC,6875,100,433,,0,0,0,1,0
2021-08-03 16:57:01 UTC,6876,151,584,,0,0,0,1,0
2021-08-03 17:57:01 UTC,6877,155,739,,0,0,0,1,0
2021-08-03 18:57:01 UTC,6878,82,821,,3.7,0,0,1,1
2021-08-03 19:57:01 UTC,6879,14,839,,0,0,0,1,0
2021-08-03 20:57:01 UTC,6880,12,851,,3.7,0,0,1,1
2021-08-03 21:57:01 UTC,6881,,,851,,,,,
2021-08-03 22:57:01 UTC,6882,4,4,,0,0,0,0,0
2021-08-03 23:57:01 UTC,6883,3,7,,0,0,0,0,0
2021-08-04 00:57:01 UTC,6884,2,9,,0,0,0,0,0
2021-08-04 01:57:01 UTC,6885,0,9,,0,0,0,0,0
2021-08-04 02:57:01 UTC,6886,4,13,,3.7,0,0,0,1
2021-08-04 03:57:01 UTC,6887,2,15,,0,0,0,0,0
2021-08-04 04:57:01 UTC,6888,11,26,,0,0,0,0,0
2021-08-04 05:57:01 UTC,6889,17,43,,0,0,0,0,0
2021-08-04 06:57:01 UTC,6890,14,57,,3.9,0,0,0,1
2021-08-04 07:57:01 UTC,6891,14,75,,0,0,0,0,0
2021-08-04 08:57:01 UTC,6892,10,85,,0,0,0,0,0
2021-08-04 09:57:01 UTC,6893,44,129,,0,0,0,0,0
2021-08-04 10:57:01 UTC,6894,53,182,,3.9,0,0,0,1
2021-08-04 11:57:01 UTC,6895,47,230,,0,0,0,0,0
2021-08-04 12:57:01 UTC,6896,24,254,,0,0,0,0,0
2021-08-04 13:57:01 UTC,6897,49,303,,0,0,0,0,0
2021-08-04 14:57:01 UTC,6898,54,357,,3.7,0,0,0,1
2021-08-04 15:57:01 UTC,6899,83,442,,0,0,0,0,0
2021-08-04 16:57:01 UTC,6900,113,555,,0,0,0,0,0
2021-08-04 17:57:01 UTC,6901,104,659,,0,0,0,0,0
2021-08-04 18:57:01 UTC,6902,49,708,,3.7,0,0,0,1
2021-08-04 19:57:01 UTC,6903,5,713,,0,0,0,1,0
2021-08-04 20:57:01 UTC,6904,3,716,,3.7,0,0,1,1
2021-08-04 21:57:01 UTC,6905,,,716,,,,,
2021-08-04 22:57:01 UTC,6906,3,3,,0,0,0,0,0
2021-08-04 23:57:01 UTC,6907,4,7,,0,0,0,0,0
2021-08-05 00:57:01 UTC,6908,3,10,,0,0,0,0,0
2021-08-05 01:57:01 UTC,6909,1,11,,0,0,0,0,0
2021-08-05 02:57:01 UTC,6910,4,15,,3.7,0,0,0,1
2021-08-05 03:57:01 UTC,6911,1,16,,0,0,0,0,0
2021-08-05 04:57:01 UTC,6912,8,24,,0,0,0,0,0
2021-08-05 05:57:01 UTC,6913,15,39,,0,0,0,0,0
2021-08-05 06:57:01 UTC,6914,9,48,,3.7,0,0,0,1
2021-08-05 07:57:01 UTC,6915,12,61,,0,0,0,0,0
2021-08-05 08:57:01 UTC,6916,13,74,,0,0,0,0,0
2021-08-05 09:57:01 UTC,6917,19,93,,0,0,0,0,0
2021-08-05 10:57:01 UTC,6918,62,155,,3.9,0,0,0,1
2021-08-05 11:57:01 UTC,6919,37,196,,0,0,0,1,0
2021-08-05 12:57:01 UTC,6920,27,223,,0,0,0,1,0
2021-08-05 13:57:01 UTC,6921,45,268,,0,0,0,1,0
2021-08-05 14:57:01 UTC,6922,61,329,,3.7,0,0,1,2
2021-08-05 15:57:01 UTC,6923,93,424,,0,0,0,1,0
2021-08-05 16:57:01 UTC,6924,117,541,,0,0,0,1,0
2021-08-05 17:57:01 UTC,6925,100,641,,0,0,0,1,0
2021-08-05 18:57:01 UTC,6926,34,675,,3.7,0,0,1,1
2021-08-05 19:57:01 UTC,6927,7,682,,0,0,0,1,0
2021-08-05 20:57:01 UTC,6928,6,688,,3.7,0,0,1,1
2021-08-05 21:57:01 UTC,6929,,,688,,,,,
2021-08-05 22:57:01 UTC,6930,0,0,,0,0,0,0,0
2021-08-05 23:57:01 UTC,6931,4,4,,0,0,0,0,0
2021-08-06 00:57:01 UTC,6932,2,6,,0,0,0,0,0
2021-08-06 01:57:01 UTC,6933,0,6,,0,0,0,0,0
2021-08-06 02:57:01 UTC,6934,5,11,,3.7,0,0,0,1
2021-08-06 03:57:01 UTC,6935,2,13,,0,0,0,0,0
2021-08-06 04:57:01 UTC,6936,5,18,,0,0,0,0,0
2021-08-06 05:57:01 UTC,6937,14,32,,0,0,0,0,0
2021-08-06 06:57:01 UTC,6938,14,46,,3.9,0,0,0,1
2021-08-06 07:57:01 UTC,6939,20,68,,0,0,0,0,0
2021-08-06 08:57:01 UTC,6940,14,82,,0,0,0,0,0
2021-08-06 09:57:01 UTC,6941,44,126,,0,0,0,0,0
2021-08-06 10:57:01 UTC,6942,44,170,,3.9,0,0,0,1
2021-08-06 11:57:01 UTC,6943,37,208,,0,0,2,1,0
2021-08-06 12:57:01 UTC,6944,57,265,,0,0,2,1,0
2021-08-06 13:57:01 UTC,6945,55,320,,0,0,2,1,0
2021-08-06 14:57:01 UTC,6946,56,376,,3.7,0,2,1,2
2021-08-06 15:57:01 UTC,6947,78,456,,0,0,2,1,0
2021-08-06 16:57:01 UTC,6948,133,589,,0,0,2,1,0
2021-08-06 17:57:01 UTC,6949,127,716,,0,0,2,1,0
2021-08-06 18:57:01 UTC,6950,66,782,,3.7,0,2,1,1
2021-08-06 19:57:01 UTC,6951,14,802,,0,0,2,1,0
2021-08-06 20:57:01 UTC,6952,9,811,,3.7,0,2,1,1
2021-08-06 21:57:01 UTC,6953,,,811,,,,,
2021-08-06 22:57:01 UTC,6954,6,6,,0,0,0,0,0
2021-08-06 23:57:01 UTC,6955,3,9,,0,0,0,0,0
2021-08-07 00:57:01 UTC,6956,4,13,,0,0,0,0,0
2021-08-07 01:57:01 UTC,6957,0,13,,0,0,0,0,0
2021-08-07 02:57:01 UTC,6958,4,17,,3.7,0,0,0,1
2021-08-07 03:57:01 UTC,6959,5,22,,0,0,0,0,0
2021-08-07 04:57:01 UTC,6960,8,30,,0,0,0,0,0
2021-08-07 05:57:01 UTC,6961,15,45,,0,0,0,0,0
2021-08-07 06:57:01 UTC,6962,47,92,,3.9,0,0,0,1
2021-08-07 07:57:01 UTC,6963,43,142,,0,0,0,0,0
2021-08-07 08:57:01 UTC,6964,51,193,,0,0,0,0,0
2021-08-07 09:57:01 UTC,6965,48,241,,0,0,0,0,0
2021-08-07 10:57:01 UTC,6966,43,284,,3.9,0,0,0,1
2021-08-07 11:57:01 UTC,6967,56,345,,0,0,0,0,0
2021-08-07 12:57:01 UTC,6968,38,383,,0,0,0,0,0
2021-08-07 13:57:01 UTC,6969,50,433,,0,0,0,0,0
2021-08-07 14:57:01 UTC,6970,64,497,,3.7,0,0,0,1
2021-08-07 15:57:01 UTC,6971,80,577,,0,0,0,0,0
2021-08-07 16:57:01 UTC,6972,96,673,,0,0,0,0,0
2021-08-07 17:57:01 UTC,6973,101,774,,0,0,0,0,0
2021-08-07 18:57:01 UTC,6974,36,810,,3.7,0,0,0,1
2021-08-07 19:57:01 UTC,6975,15,827,,0,0,0,0,0
2021-08-07 20:57:01 UTC,6976,8,835,,3.7,0,0,0,1
2021-08-07 21:57:01 UTC,6977,,,835,,,,,
2021-08-07 22:57:01 UTC,6978,5,5,,0,0,0,0,0
2021-08-07 23:57:01 UTC,6979,5,10,,0,0,0,0,0
2021-08-08 00:57:01 UTC,6980,5,15,,0,0,0,0,0
2021-08-08 01:57:01 UTC,6981,2,17,,0,0,0,0,0
2021-08-08 02:57:01 UTC,6982,1,18,,3.7,0,0,0,1
2021-08-08 03:57:01 UTC,6983,0,18,,0,0,0,0,0
2021-08-08 04:57:01 UTC,6984,4,22,,0,0,0,0,0
2021-08-08 05:57:01 UTC,6985,11,33,,0,0,0,0,0
2021-08-08 06:57:01 UTC,6986,45,78,,3.9,0,0,0,1
2021-08-08 07:57:01 UTC,6987,31,113,,0,0,0,0,0
2021-08-08 08:57:01 UTC,6988,32,145,,0,0,0,0,0
2021-08-08 09:57:01 UTC,6989,57,202,,0,0,0,0,0
2021-08-08 10:57:01 UTC,6990,85,287,,3.9,0,0,0,1
2021-08-08 11:57:01 UTC,6991,44,336,,0,0,0,0,0
2021-08-08 12:57:01 UTC,6992,46,382,,0,0,0,0,0
2021-08-08 13:57:01 UTC,6993,55,437,,0,0,0,0,0
2021-08-08 14:57:01 UTC,6994,54,491,,3.7,0,0,0,1
2021-08-08 15:57:01 UTC,6995,113,607,,0,0,0,0,0
2021-08-08 16:57:01 UTC,6996,101,708,,0,0,0,0,0
2021-08-08 17:57:01 UTC,6997,111,819,,0,0,0,0,0
2021-08-08 18:57:01 UTC,6998,50,869,,3.7,0,0,0,1
2021-08-08 19:57:01 UTC,6999,10,879,,0,0,0,0,0
2021-08-08 20:57:01 UTC,7000,5,884,,3.7,0,0,0,1
2021-08-08 21:57:01 UTC,7001,,,884,,,,,
2021-08-08 22:57:01 UTC,7002,0,0,,0,0,0,0,0
2021-08-08 23:57:01 UTC,7003,2,2,,0,0,0,0,0
2021-08-09 00:57:01 UTC,7004,3,5,,0,0,0,0,0
2021-08-09 01:57:01 UTC,7005,1,6,,0,0,0,0,0
2021-08-09 02:57:01 UTC,7006,0,6,,3.7,0,0,0,1
2021-08-09 03:57:01 UTC,7007,0,8,,0,0,0,0,0
2021-08-09 04:57:01 UTC,7008,0,8,,0,0,0,0,0
2021-08-09 05:57:01 UTC,7009,9,17,,0,0,0,0,0
2021-08-09 06:57:01 UTC,7010,9,26,,3.7,0,0,0,1
2021-08-09 07:57:01 UTC,7011,2,28,,0,0,0,0,0
2021-08-09 08:57:01 UTC,7012,9,37,,0,0,0,0,0
2021-08-09 09:57:01 UTC,7013,16,53,,0,0,0,0,0
2021-08-09 10:57:01 UTC,7014,30,83,,3.9,0,0,0,1
2021-08-09 11:57:01 UTC,7015,37,121,,0,0,0,0,0
2021-08-09 12:57:01 UTC,7016,35,156,,0,0,0,0,0
2021-08-09 13:57:01 UTC,7017,34,190,,0,0,0,0,0
2021-08-09 14:57:01 UTC,7018,39,229,,3.7,0,0,0,1
2021-08-09 15:57:01 UTC,7019,61,291,,0,0,0,0,0
2021-08-09 16:57:01 UTC,7020,67,358,,0,0,0,0,0
2021-08-09 17:57:01 UTC,7021,42,400,,0,0,0,0,0
2021-08-09 18:57:01 UTC,7022,11,411,,3.7,0,0,0,1
2021-08-09 19:57:01 UTC,7023,3,414,,0,0,0,0,0
2021-08-09 20:57:01 UTC,7024,3,417,,3.7,0,0,0,1
2021-08-09 21:57:01 UTC,7025,,,417,,,,,
2021-08-09 22:57:01 UTC,7026,4,4,,0,0,0,0,0
2021-08-09 23:57:01 UTC,7027,3,7,,0,0,0,0,0
2021-08-10 00:57:01 UTC,7028,4,11,,0,0,0,0,0
2021-08-10 01:57:01 UTC,7029,1,12,,0,0,0,0,0
2021-08-10 02:57:01 UTC,7030,1,13,,3.7,0,0,0,1
2021-08-10 03:57:01 UTC,7031,3,16,,0,0,0,0,0
2021-08-10 04:57:01 UTC,7032,7,23,,0,0,0,0,0
2021-08-10 05:57:01 UTC,7033,16,39,,0,0,0,0,0
2021-08-10 06:57:01 UTC,7034,10,49,,3.9,0,0,0,1
2021-08-10 07:57:01 UTC,7059,0,0,,0,0,0,1,0
2021-08-10 08:57:01 UTC,7060,0,0,,0,0,0,1,0
2021-08-10 09:57:01 UTC,7061,0,0,,0,0,0,1,0
2021-08-10 10:57:01 UTC,7062,0,0,,0,0,0,1,0
2021-08-10 11:57:01 UTC,7063,38,38,,0,0,0,1,0
2021-08-10 12:57:01 UTC,7064,30,68,,0,0,0,1,0
2021-08-10 13:57:01 UTC,7065,36,104,,0,0,0,1,0
2021-08-10 14:57:01 UTC,7066,30,134,,3.7,0,0,1,1
2021-08-10 15:57:01 UTC,7067,53,189,,0,0,0,1,0
2021-08-10 16:57:01 UTC,7068,65,254,,0,0,0,1,0
2021-08-10 17:57:01 UTC,7069,29,283,,0,0,0,1,0
2021-08-10 18:57:01 UTC,7070,16,299,,3.7,0,0,1,1
2021-08-10 19:57:01 UTC,7071,8,307,,0,0,0,1,0
2021-08-10 20:57:01 UTC,7072,2,309,,3.7,0,0,1,1
2021-08-10 21:57:01 UTC,7073,,,309,,,,,
2021-08-10 22:57:01 UTC,7074,3,3,,0,0,0,0,0
2021-08-10 23:57:01 UTC,7075,4,7,,0,0,0,0,0
2021-08-11 00:57:01 UTC,7076,2,9,,0,0,0,0,0
2021-08-11 01:57:01 UTC,7077,0,9,,0,0,0,0,0
2021-08-11 02:57:01 UTC,7078,1,10,,3.7,0,0,0,1
2021-08-11 03:57:01 UTC,7079,1,11,,0,0,0,0,0
2021-08-11 04:57:01 UTC,7080,2,13,,0,0,0,0,0
2021-08-11 05:57:01 UTC,7081,6,19,,0,0,0,0,0
2021-08-11 06:57:01 UTC,7082,4,23,,3.9,0,0,0,1
2021-08-11 07:57:01 UTC,7107,0,0,,0,0,0,1,0
2021-08-11 08:57:01 UTC,7108,0,0,,0,0,0,1,0
2021-08-11 09:57:01 UTC,7109,0,0,,0,0,0,1,0
2021-08-11 10:57:01 UTC,7110,0,0,,0,0,0,1,0
2021-08-11 11:57:01 UTC,7111,31,31,,0,0,0,1,0
2021-08-11 12:57:01 UTC,7112,33,64,,0,0,0,1,0
2021-08-11 13:57:01 UTC,7113,33,97,,0,0,0,1,0
2021-08-11 14:57:01 UTC,7114,60,157,,3.7,0,0,1,1
2021-08-11 15:57:01 UTC,7115,92,251,,0,0,0,1,0
2021-08-11 16:57:01 UTC,7116,110,361,,0,0,0,1,0
2021-08-11 17:57:01 UTC,7117,108,469,,0,0,0,1,0
2021-08-11 18:57:01 UTC,7118,65,534,,3.7,0,0,1,1
2021-08-11 19:57:01 UTC,7119,17,554,,0,0,0,1,0
2021-08-11 20:57:01 UTC,7120,10,564,,3.7,0,0,1,1
2021-08-11 21:57:01 UTC,7121,,,564,,,,,
2021-08-11 22:57:01 UTC,7122,3,3,,0,0,0,0,0
2021-08-11 23:57:01 UTC,7123,2,5,,0,0,0,0,0
2021-08-12 00:57:01 UTC,7124,4,9,,0,0,0,0,0
2021-08-12 01:57:01 UTC,7125,0,9,,0,0,0,0,0
2021-08-12 02:57:01 UTC,7126,0,9,,3.7,0,0,0,1
2021-08-12 03:57:01 UTC,7127,2,13,,0,0,0,0,0
2021-08-12 04:57:01 UTC,7128,9,22,,0,0,0,0,0
2021-08-12 05:57:01 UTC,7129,9,31,,0,0,0,0,0
2021-08-12 06:57:01 UTC,7130,14,45,,3.8,0,0,0,1
2021-08-12 07:57:01 UTC,7155,0,0,,0,0,0,1,0
2021-08-12 08:57:01 UTC,7156,0,0,,0,0,0,1,0
2021-08-12 09:57:01 UTC,7157,0,0,,0,0,0,1,0
2021-08-12 10:57:01 UTC,7158,0,0,,0,0,0,1,0
2021-08-12 11:57:01 UTC,7159,29,29,,0,0,0,1,0
2021-08-12 12:57:01 UTC,7160,20,49,,0,0,0,1,0
2021-08-12 13:57:01 UTC,7161,36,85,,0,0,0,1,0
2021-08-12 14:57:01 UTC,7162,59,144,,3.7,0,0,1,1
2021-08-12 15:57:01 UTC,7163,61,205,,0,0,0,1,0
2021-08-12 16:57:01 UTC,7164,90,295,,0,0,0,1,0
2021-08-12 17:57:01 UTC,7165,114,409,,0,0,0,1,0
2021-08-12 18:57:01 UTC,7166,55,464,,3.7,0,0,1,1
2021-08-12 19:57:01 UTC,7167,14,479,,0,0,0,1,0
2021-08-12 20:57:01 UTC,7168,8,487,,3.7,0,0,1,1
2021-08-12 21:57:01 UTC,7169,,,487,,,,,
2021-08-12 22:57:01 UTC,7170,1,1,,0,0,0,0,0
2021-08-12 23:57:01 UTC,7171,1,2,,0,0,0,0,0
2021-08-13 00:57:01 UTC,7172,4,6,,0,0,0,0,0
2021-08-13 01:57:01 UTC,7173,2,8,,0,0,0,0,0
2021-08-13 02:57:01 UTC,7174,1,9,,3.7,0,0,0,1
2021-08-13 03:57:01 UTC,7175,0,11,,0,0,0,0,0
2021-08-13 04:57:01 UTC,7176,4,15,,0,0,0,0,0
2021-08-13 05:57:01 UTC,7177,8,23,,0,0,0,0,0
2021-08-13 06:57:01 UTC,7178,15,38,,3.8,0,0,0,1
2021-08-13 07:57:01 UTC,7179,10,50,,0,0,0,0,0
2021-08-13 08:57:01 UTC,7180,12,62,,0,0,0,0,0
2021-08-13 09:57:01 UTC,7181,24,86,,0,0,0,0,0
2021-08-13 10:57:01 UTC,7182,19,105,,3.9,0,0,0,1
2021-08-13 11:57:01 UTC,7183,28,133,,0,0,0,0,0
2021-08-13 12:57:01 UTC,7184,25,158,,0,0,0,0,0
2021-08-13 13:57:01 UTC,7185,27,185,,0,0,0,0,0
2021-08-13 14:57:01 UTC,7186,28,213,,3.7,0,0,0,1
2021-08-13 15:57:01 UTC,7187,60,275,,0,0,0,0,0
2021-08-13 16:57:01 UTC,7188,97,372,,0,0,0,0,0
2021-08-13 17:57:01 UTC,7189,107,479,,0,0,0,0,0
2021-08-13 18:57:01 UTC,7190,54,533,,3.7,0,0,0,1
2021-08-13 19:57:01 UTC,7191,32,567,,0,0,0,0,0
2021-08-13 20:57:01 UTC,7192,14,581,,3.7,0,0,0,1
2021-08-13 21:57:01 UTC,7193,,,581,,,,,
