created_at,entry_id,field1,field2,field3,field4,field5,field6,field7,field8
2021-06-01 00:57:01 UTC,1970,0,0,,0,0,0,0,317
2021-06-01 01:57:01 UTC,1971,1,1,,0,0,0,0,317
2021-06-01 02:57:01 UTC,1972,0,1,,4,0,0,0,317
2021-06-01 03:57:01 UTC,1973,0,1,,0,0,0,0,317
2021-06-01 04:57:01 UTC,1974,0,1,,0,0,0,0,317
2021-06-01 05:57:01 UTC,1975,15,16,,0,0,0,0,317
2021-06-01 06:57:01 UTC,1976,21,37,,4,0,0,0,317
2021-06-01 07:57:01 UTC,1977,42,82,,0,0,0,0,317
2021-06-01 08:57:01 UTC,1978,52,134,,0,0,0,0,317
2021-06-01 09:57:01 UTC,1979,47,181,,0,0,0,0,317
2021-06-01 10:57:01 UTC,1980,31,212,,0,0,0,0,317
2021-06-01 11:57:01 UTC,1981,20,232,,0,0,0,0,317
2021-06-01 12:57:01 UTC,1982,8,240,,0,0,0,0,317
2021-06-01 13:57:01 UTC,1983,10,250,,0,0,0,0,317
2021-06-01 14:57:01 UTC,1984,8,258,,0,0,0,0,317
2021-06-01 15:57:01 UTC,1985,28,286,,0,0,0,0,317
2021-06-01 16:57:01 UTC,1986,19,305,,0,0,0,0,317
2021-06-01 17:57:01 UTC,1987,17,322,,0,0,0,0,317
2021-06-01 18:57:01 UTC,1988,13,335,,4,0,0,0,317
2021-06-01 19:57:01 UTC,1989,8,343,,0,0,0,0,317
2021-06-01 20:57:01 UTC,1990,1,344,,4,0,0,0,317
2021-06-01 21:57:01 UTC,1991,,,344,,,,,
2021-06-01 22:57:01 UTC,1992,1,1,,0,0,0,0,351
2021-06-01 23:57:01 UTC,1993,0,1,,0,0,0,0,351
2021-06-02 00:57:01 UTC,1994,0,1,,0,0,0,0,351
2021-06-02 01:57:01 UTC,1995,0,1,,0,0,0,0,351
2021-06-02 02:57:01 UTC,1996,0,1,,4,0,0,0,351
2021-06-02 03:57:01 UTC,1997,2,3,,0,0,0,0,351
2021-06-02 04:57:01 UTC,1998,4,7,,0,0,0,0,351
2021-06-02 05:57:01 UTC,1999,8,15,,0,0,0,0,351
2021-06-02 06:57:01 UTC,2000,13,28,,4,0,0,0,351
2021-06-02 07:57:01 UTC,2001,24,53,,0,0,0,0,351
2021-06-02 08:57:01 UTC,2002,40,93,,0,0,0,0,351
2021-06-02 09:57:01 UTC,2003,55,148,,0,0,0,0,351
2021-06-02 10:57:01 UTC,2004,41,189,,0,0,0,0,351
2021-06-02 11:57:01 UTC,2005,29,218,,0,0,0,0,351
2021-06-02 12:57:01 UTC,2006,17,235,,0,0,0,0,351
2021-06-02 13:57:01 UTC,2007,27,262,,0,0,0,0,351
2021-06-02 14:57:01 UTC,2008,13,275,,0,0,0,0,351
2021-06-02 15:57:01 UTC,2009,27,302,,0,0,0,0,351
2021-06-02 16:57:01 UTC,2010,17,319,,0,0,0,0,351
2021-06-02 17:57:01 UTC,2011,12,331,,0,0,0,0,351
2021-06-02 18:57:01 UTC,2012,6,337,,4,0,0,0,351
2021-06-02 19:57:01 UTC,2013,4,341,,0,0,0,0,351
2021-06-02 20:57:01 UTC,2014,2,343,,4,0,0,0,351
2021-06-02 21:57:01 UTC,2015,,,343,,,,,
2021-06-02 22:57:01 UTC,2016,0,0,,0,0,0,0,344
2021-06-02 23:57:01 UTC,2017,0,0,,0,0,0,0,344
2021-06-03 00:57:01 UTC,2018,0,0,,0,0,0,0,344
2021-06-03 01:57:01 UTC,2019,0,0,,0,0,0,0,344
2021-06-03 02:57:01 UTC,2020,0,0,,4,0,0,0,344
2021-06-03 03:57:01 UTC,2021,1,1,,0,0,0,0,344
2021-06-03 04:57:01 UTC,2022,3,4,,0,0,0,0,344
2021-06-03 05:57:01 UTC,2023,26,30,,0,0,0,0,344
2021-06-03 06:57:01 UTC,2024,32,62,,4,0,0,0,344
2021-06-03 07:57:01 UTC,2025,47,109,,0,0,0,0,344
2021-06-03 08:57:01 UTC,2026,35,144,,0,0,0,0,344
2021-06-03 09:57:01 UTC,2027,32,176,,0,0,0,0,344
2021-06-03 10:57:01 UTC,2028,33,209,,0,0,0,0,344
2021-06-03 11:57:01 UTC,2029,17,226,,0,0,0,0,344
2021-06-03 12:57:01 UTC,2030,8,234,,0,0,0,0,344
2021-06-03 13:57:01 UTC,2031,6,240,,0,0,0,0,344
2021-06-03 14:57:01 UTC,2032,15,255,,0,0,0,0,344
2021-06-03 15:57:01 UTC,2033,14,269,,0,0,0,0,344
2021-06-03 16:57:01 UTC,2034,17,286,,0,0,0,0,344
2021-06-03 17:57:01 UTC,2035,19,305,,0,0,0,0,344
2021-06-03 18:57:01 UTC,2036,9,314,,4,0,0,0,344
2021-06-03 19:57:01 UTC,2037,5,319,,0,0,0,0,344
2021-06-03 20:57:01 UTC,2038,3,322,,4,0,0,0,344
2021-06-03 21:57:01 UTC,2039,,,322,,,,,
2021-06-03 22:57:01 UTC,2040,0,0,,0,0,0,0,323
2021-06-03 23:57:01 UTC,2041,0,0,,0,0,0,0,323
2021-06-04 00:57:01 UTC,2042,0,0,,0,0,0,0,323
2021-06-04 01:57:01 UTC,2043,0,0,,0,0,0,0,323
2021-06-04 02:57:01 UTC,2044,0,0,,4,0,0,0,323
2021-06-04 03:57:01 UTC,2045,4,4,,0,0,0,0,323
2021-06-04 04:57:01 UTC,2046,3,7,,0,0,0,0,323
2021-06-04 05:57:01 UTC,2047,15,22,,0,0,0,0,323
2021-06-04 06:57:01 UTC,2048,35,57,,4,0,0,0,323
2021-06-04 07:57:01 UTC,2049,51,110,,0,0,0,0,323
2021-06-04 08:57:01 UTC,2050,41,151,,0,0,0,0,323
2021-06-04 09:57:01 UTC,2051,29,180,,0,0,0,0,323
2021-06-04 10:57:01 UTC,2052,35,215,,0,0,0,0,323
2021-06-04 11:57:01 UTC,2053,20,235,,0,0,0,0,323
2021-06-04 12:57:01 UTC,2054,17,252,,0,0,0,0,323
2021-06-04 13:57:01 UTC,2055,2,254,,0,0,0,0,323
2021-06-04 14:57:01 UTC,2056,5,259,,0,0,0,0,323
2021-06-04 15:57:01 UTC,2057,14,273,,0,0,0,0,323
2021-06-04 16:57:01 UTC,2058,16,289,,0,0,0,0,323
2021-06-04 17:57:01 UTC,2059,23,312,,0,0,0,0,323
2021-06-04 18:57:01 UTC,2060,10,322,,0,0,0,0,323
2021-06-04 19:57:01 UTC,2061,5,327,,0,0,0,0,323
2021-06-04 20:57:01 UTC,2062,2,329,,4,0,0,0,323
2021-06-04 21:57:01 UTC,2063,,,329,,,,,
2021-06-04 22:57:01 UTC,2064,1,1,,0,0,0,0,333
2021-06-04 23:57:01 UTC,2065,0,1,,0,0,0,0,333
2021-06-05 00:57:01 UTC,2066,1,2,,0,0,0,0,333
2021-06-05 01:57:01 UTC,2067,0,2,,0,0,0,0,333
2021-06-05 02:57:01 UTC,2068,0,2,,3.9,0,0,0,333
2021-06-05 03:57:01 UTC,2069,1,3,,0,0,0,0,333
2021-06-05 04:57:01 UTC,2070,2,5,,0,0,0,0,333
2021-06-05 05:57:01 UTC,2071,7,12,,0,0,0,0,333
2021-06-05 06:57:01 UTC,2072,10,22,,4,0,0,0,333
2021-06-05 07:57:01 UTC,2073,14,38,,0,0,0,0,333
2021-06-05 08:57:01 UTC,2074,33,71,,0,0,0,0,333
2021-06-05 09:57:01 UTC,2075,27,98,,0,0,0,0,333
2021-06-05 10:57:01 UTC,2076,25,123,,4,0,0,0,333
2021-06-05 11:57:01 UTC,2077,15,138,,0,0,0,0,333
2021-06-05 12:57:01 UTC,2078,4,142,,0,0,0,0,333
2021-06-05 13:57:01 UTC,2079,11,153,,0,0,0,0,333
2021-06-05 14:57:01 UTC,2080,15,168,,0,0,0,0,333
2021-06-05 15:57:01 UTC,2081,14,182,,0,0,0,0,333
2021-06-05 16:57:01 UTC,2082,13,195,,0,0,0,0,333
2021-06-05 17:57:01 UTC,2083,15,210,,0,0,0,0,333
2021-06-05 18:57:01 UTC,2084,10,220,,4,0,0,0,333
2021-06-05 19:57:01 UTC,2085,1,221,,0,0,0,0,333
2021-06-05 20:57:01 UTC,2086,2,223,,4,0,0,0,333
2021-06-05 21:57:01 UTC,2087,,,223,,,,,
2021-06-05 22:57:01 UTC,2088,0,0,,0,0,0,0,224
2021-06-05 23:57:01 UTC,2089,0,0,,0,0,0,0,224
2021-06-06 00:57:01 UTC,2090,0,0,,0,0,0,0,224
2021-06-06 01:57:01 UTC,2091,0,0,,0,0,0,0,224
2021-06-06 02:57:01 UTC,2092,0,0,,4,0,0,0,224
2021-06-06 03:57:01 UTC,2093,2,2,,0,0,0,0,224
2021-06-06 04:57:01 UTC,2094,1,3,,0,0,0,0,224
2021-06-06 05:57:01 UTC,2095,6,9,,0,0,0,0,224
2021-06-06 06:57:01 UTC,2096,8,17,,4,0,0,0,224
2021-06-06 07:57:01 UTC,2097,13,30,,0,0,0,0,224
2021-06-06 08:57:01 UTC,2098,8,38,,0,0,0,0,224
2021-06-06 09:57:01 UTC,2099,9,47,,0,0,0,0,224
2021-06-06 10:57:01 UTC,2100,2,49,,4,0,0,0,224
2021-06-06 11:57:01 UTC,2101,11,60,,0,0,0,0,224
2021-06-06 12:57:01 UTC,2102,12,72,,0,0,0,0,224
2021-06-06 13:57:01 UTC,2103,5,77,,0,0,0,0,224
2021-06-06 14:57:01 UTC,2104,6,83,,0,0,0,0,224
2021-06-06 15:57:01 UTC,2105,5,88,,0,0,0,0,224
2021-06-06 16:57:01 UTC,2106,1,89,,0,0,0,0,224
2021-06-06 17:57:01 UTC,2107,4,93,,0,0,0,0,224
2021-06-06 18:57:01 UTC,2108,2,95,,4,0,0,0,224
2021-06-06 19:57:01 UTC,2109,6,101,,0,0,0,0,224
2021-06-06 20:57:01 UTC,2110,2,103,,4,0,0,0,224
2021-06-06 21:57:01 UTC,2111,,,103,,,,,
2021-06-06 22:57:01 UTC,2112,0,0,,0,0,0,0,104
2021-06-06 23:57:01 UTC,2113,0,0,,0,0,0,0,104
2021-06-07 00:57:01 UTC,2114,0,0,,0,0,0,0,104
2021-06-07 01:57:01 UTC,2115,0,0,,0,0,0,0,104
2021-06-07 02:57:01 UTC,2116,0,0,,4,0,0,0,104
2021-06-07 03:57:01 UTC,2117,4,4,,0,0,0,0,104
2021-06-07 04:57:01 UTC,2118,6,10,,0,0,0,0,104
2021-06-07 05:57:01 UTC,2119,13,23,,0,0,0,0,104
2021-06-07 06:57:01 UTC,2120,32,55,,4,0,0,0,104
2021-06-07 07:57:01 UTC,2121,32,88,,0,0,0,0,104
2021-06-07 08:57:01 UTC,2122,25,113,,0,0,0,0,104
2021-06-07 09:57:01 UTC,2123,39,152,,0,0,0,0,104
2021-06-07 10:57:01 UTC,2124,32,184,,0,0,0,0,104
2021-06-07 11:57:01 UTC,2125,19,203,,0,0,0,0,104
2021-06-07 12:57:01 UTC,2126,16,219,,0,0,0,0,104
2021-06-07 13:57:01 UTC,2127,11,230,,0,0,0,0,104
2021-06-07 14:57:01 UTC,2128,9,239,,0,0,0,0,104
2021-06-07 15:57:01 UTC,2129,20,259,,0,0,1,0,104
2021-06-07 16:57:01 UTC,2130,18,277,,0,0,1,0,104
2021-06-07 17:57:01 UTC,2131,15,292,,0,0,1,0,104
2021-06-07 18:57:01 UTC,2132,6,298,,4,0,1,0,104
2021-06-07 19:57:01 UTC,2133,7,305,,0,0,1,0,104
2021-06-07 20:57:01 UTC,2134,6,311,,4,0,1,0,104
2021-06-07 21:57:01 UTC,2135,,,311,,,,,
2021-06-07 22:57:01 UTC,2136,1,1,,0,0,0,0,312
2021-06-07 23:57:01 UTC,2137,0,1,,0,0,0,0,312
2021-06-08 00:57:01 UTC,2138,0,1,,0,0,0,0,312
2021-06-08 01:57:01 UTC,2139,0,1,,0,0,0,0,312
2021-06-08 02:57:01 UTC,2140,0,1,,4,0,0,0,312
2021-06-08 03:57:01 UTC,2141,1,2,,0,0,0,0,312
2021-06-08 04:57:01 UTC,2142,5,7,,0,0,0,0,312
2021-06-08 05:57:01 UTC,2143,15,22,,0,0,0,0,312
2021-06-08 06:57:01 UTC,2144,28,50,,4,0,0,0,312
2021-06-08 07:57:01 UTC,2145,47,98,,0,0,0,0,312
2021-06-08 08:57:01 UTC,2146,30,128,,0,0,0,0,312
2021-06-08 09:57:01 UTC,2147,32,160,,0,0,0,0,312
2021-06-08 10:57:01 UTC,2148,27,187,,0,0,0,0,312
2021-06-08 11:57:01 UTC,2149,0,187,,0,0,1,0,312
2021-06-08 12:57:01 UTC,2150,4,191,,0,0,1,0,312
2021-06-08 13:57:01 UTC,2151,8,199,,0,0,1,0,312
2021-06-08 14:57:01 UTC,2152,6,205,,4,0,1,0,312
2021-06-08 15:57:01 UTC,2153,12,217,,0,0,1,0,312
2021-06-08 16:57:01 UTC,2154,9,226,,0,0,1,0,312
2021-06-08 17:57:01 UTC,2155,21,247,,0,0,1,0,312
2021-06-08 18:57:01 UTC,2156,8,255,,4,0,1,0,312
2021-06-08 19:57:01 UTC,2157,1,256,,0,0,1,0,312
2021-06-08 20:57:01 UTC,2158,5,261,,4,0,1,0,312
2021-06-08 21:57:01 UTC,2159,,,261,,,,,
2021-06-08 22:57:01 UTC,2160,0,0,,0,0,0,0,262
2021-06-08 23:57:01 UTC,2161,0,0,,0,0,0,0,262
2021-06-09 00:57:01 UTC,2162,0,0,,0,0,0,0,262
2021-06-09 01:57:01 UTC,2163,0,0,,0,0,0,0,262
2021-06-09 02:57:01 UTC,2164,0,0,,4,0,0,0,262
2021-06-09 03:57:01 UTC,2165,4,4,,0,0,0,0,262
2021-06-09 04:57:01 UTC,2166,2,6,,0,0,0,0,262
2021-06-09 05:57:01 UTC,2167,22,28,,0,0,0,0,262
2021-06-09 06:57:01 UTC,2168,28,56,,4,0,0,0,262
2021-06-09 07:57:01 UTC,2169,21,78,,0,0,1,0,262
2021-06-09 08:57:01 UTC,2170,26,104,,0,0,1,0,262
2021-06-09 09:57:01 UTC,2171,35,139,,0,0,1,0,262
2021-06-09 10:57:01 UTC,2172,30,169,,0,0,1,0,262
2021-06-09 11:57:01 UTC,2173,18,187,,0,0,1,0,262
2021-06-09 12:57:01 UTC,2174,11,198,,0,0,1,0,262
2021-06-09 13:57:01 UTC,2175,15,213,,0,0,1,0,262
2021-06-09 14:57:01 UTC,2176,8,221,,0,0,1,0,262
2021-06-09 15:57:01 UTC,2177,7,228,,0,0,1,0,262
2021-06-09 16:57:01 UTC,2178,12,240,,0,0,1,0,262
2021-06-09 17:57:01 UTC,2179,7,247,,0,0,1,0,262
2021-06-09 18:57:01 UTC,2180,3,250,,4,0,1,0,262
2021-06-09 19:57:01 UTC,2181,1,251,,0,0,1,0,262
2021-06-09 20:57:01 UTC,2182,4,255,,3.9,0,1,0,262
2021-06-09 21:57:01 UTC,2183,,,255,,,,,
2021-06-09 22:57:01 UTC,2184,0,0,,0,0,0,0,261
2021-06-09 23:57:01 UTC,2185,0,0,,0,0,0,0,261
2021-06-10 00:57:01 UTC,2186,0,0,,0,0,0,0,261
2021-06-10 01:57:01 UTC,2187,0,0,,0,0,0,0,261
2021-06-10 02:57:01 UTC,2188,0,0,,4,0,0,0,261
2021-06-10 03:57:01 UTC,2189,2,2,,0,0,0,0,261
2021-06-10 04:57:01 UTC,2190,6,8,,0,0,0,0,261
2021-06-10 05:57:01 UTC,2191,25,33,,0,0,0,0,261
2021-06-10 06:57:01 UTC,2192,37,70,,3.9,0,0,0,261
2021-06-10 07:57:01 UTC,2193,24,95,,0,0,0,0,261
2021-06-10 08:57:01 UTC,2194,41,136,,0,0,0,0,261
2021-06-10 09:57:01 UTC,2195,28,164,,0,0,0,0,261
2021-06-10 10:57:01 UTC,2196,40,204,,0,0,0,0,261
2021-06-10 11:57:01 UTC,2197,20,224,,0,0,0,0,261
2021-06-10 12:57:01 UTC,2198,9,233,,0,0,0,0,261
2021-06-10 13:57:01 UTC,2199,6,239,,0,0,0,0,261
2021-06-10 14:57:01 UTC,2200,16,255,,0,0,0,0,261
2021-06-10 15:57:01 UTC,2201,11,266,,0,0,0,0,261
2021-06-10 16:57:01 UTC,2202,12,278,,0,0,0,0,261
2021-06-10 17:57:01 UTC,2203,12,290,,0,0,0,0,261
2021-06-10 18:57:01 UTC,2204,4,294,,4,0,0,0,261
2021-06-10 19:57:01 UTC,2205,1,295,,0,0,0,0,261
2021-06-10 20:57:01 UTC,2206,1,296,,4,0,0,0,261
2021-06-10 21:57:01 UTC,2207,,,296,,,,,
2021-06-10 22:57:01 UTC,2208,1,1,,0,0,0,0,301
2021-06-10 23:57:01 UTC,2209,0,1,,0,0,0,0,301
2021-06-11 00:57:01 UTC,2210,0,1,,0,0,0,0,301
2021-06-11 01:57:01 UTC,2211,0,1,,0,0,0,0,301
2021-06-11 02:57:01 UTC,2212,0,1,,4,0,0,0,301
2021-06-11 03:57:01 UTC,2213,3,4,,0,0,0,0,301
2021-06-11 04:57:01 UTC,2214,8,12,,0,0,0,0,301
2021-06-11 05:57:01 UTC,2215,14,26,,0,0,0,0,301
2021-06-11 06:57:01 UTC,2216,43,69,,3.9,0,0,0,301
2021-06-11 07:57:01 UTC,2217,26,96,,0,0,0,0,301
2021-06-11 08:57:01 UTC,2218,38,134,,0,0,0,0,301
2021-06-11 09:57:01 UTC,2219,26,160,,0,0,0,0,301
2021-06-11 10:57:01 UTC,2220,44,204,,0,0,0,0,301
2021-06-11 11:57:01 UTC,2221,21,225,,0,0,0,0,301
2021-06-11 12:57:01 UTC,2222,15,240,,0,0,0,0,301
2021-06-11 13:57:01 UTC,2223,13,253,,0,0,0,0,301
2021-06-11 14:57:01 UTC,2224,5,258,,0,0,0,0,301
2021-06-11 15:57:01 UTC,2225,4,262,,0,0,0,0,301
2021-06-11 16:57:01 UTC,2226,8,270,,0,0,0,0,301
2021-06-11 17:57:01 UTC,2227,16,286,,0,0,0,0,301
2021-06-11 18:57:01 UTC,2228,6,292,,0,0,0,0,301
2021-06-11 19:57:01 UTC,2229,7,299,,0,0,0,0,301
2021-06-11 20:57:01 UTC,2230,4,303,,4,0,0,0,301
2021-06-11 21:57:01 UTC,2231,,,303,,,,,
