created_at,entry_id,field1,field2,field3,field4,field5,field6,field7,field8
2022-02-01 00:57:01 UTC,7822,1,2,,0,0,0,0,264
2022-02-01 01:57:01 UTC,7823,0,2,,0,0,0,0,264
2022-02-01 02:57:01 UTC,7824,0,2,,0,0,0,0,264
2022-02-01 03:57:01 UTC,7825,0,2,,3.6,0,0,0,264
2022-02-01 04:57:01 UTC,7826,2,4,,0,0,0,0,264
2022-02-01 05:57:01 UTC,7827,10,14,,0,0,0,0,264
2022-02-01 06:57:01 UTC,7828,18,32,,0,0,0,0,264
2022-02-01 07:57:01 UTC,7829,30,62,,3.6,0,0,0,264
2022-02-01 08:57:01 UTC,7830,28,96,,0,0,0,0,264
2022-02-01 09:57:01 UTC,7831,35,131,,0,0,0,0,264
2022-02-01 10:57:01 UTC,7832,24,155,,0,0,0,0,264
2022-02-01 11:57:01 UTC,7833,28,183,,3.6,0,0,0,264
2022-02-01 12:57:01 UTC,7834,20,210,,0,0,0,0,264
2022-02-01 13:57:01 UTC,7835,28,238,,0,0,0,0,264
2022-02-01 14:57:01 UTC,7836,16,254,,0,0,0,0,264
2022-02-01 15:57:01 UTC,7837,27,281,,3.6,0,0,0,264
2022-02-01 16:57:01 UTC,7838,29,312,,0,0,0,0,264
2022-02-01 17:57:01 UTC,7839,22,334,,0,0,0,0,264
2022-02-01 18:57:01 UTC,7840,19,353,,0,0,0,0,264
2022-02-01 19:57:01 UTC,7841,18,371,,3.6,0,0,0,264
2022-02-01 20:57:01 UTC,7842,3,374,,0,0,0,0,264
2022-02-01 21:57:01 UTC,7843,3,377,,3.6,0,0,0,264
2022-02-01 22:57:01 UTC,7844,,,377,,,,,
2022-02-01 23:57:01 UTC,7845,1,1,,0,0,0,0,377
2022-02-02 00:57:01 UTC,7846,0,1,,0,0,0,0,377
2022-02-02 01:57:01 UTC,7847,0,1,,0,0,0,0,377
2022-02-02 02:57:01 UTC,7848,0,1,,0,0,0,0,377
2022-02-02 03:57:01 UTC,7849,0,1,,3.6,0,0,0,377
2022-02-02 04:57:01 UTC,7850,1,2,,0,0,0,1,377
2022-02-02 05:57:01 UTC,7851,4,6,,0,0,0,1,377
2022-02-02 06:57:01 UTC,7852,10,16,,0,0,0,1,377
2022-02-02 07:57:01 UTC,7853,32,48,,3.6,0,0,1,377
2022-02-02 08:57:01 UTC,7854,34,90,,0,0,0,1,377
2022-02-02 09:57:01 UTC,7855,52,142,,0,0,0,1,377
2022-02-02 10:57:01 UTC,7856,32,174,,0,0,0,1,377
2022-02-02 11:57:01 UTC,7857,23,197,,3.6,0,0,1,377
2022-02-02 12:57:01 UTC,7858,36,240,,0,0,0,1,377
2022-02-02 13:57:01 UTC,7859,23,263,,0,0,0,1,377
2022-02-02 14:57:01 UTC,7860,17,280,,0,0,0,1,377
2022-02-02 15:57:01 UTC,7861,32,312,,3.6,0,0,1,377
2022-02-02 16:57:01 UTC,7862,24,344,,0,0,0,1,377
2022-02-02 17:57:01 UTC,7863,33,377,,0,0,0,1,377
2022-02-02 18:57:01 UTC,7864,22,399,,0,0,0,1,377
2022-02-02 19:57:01 UTC,7865,18,417,,3.6,0,0,1,377
2022-02-02 23:57:01 UTC,7866,2,2,,0,0,0,1,432
2022-02-03 00:57:01 UTC,7867,0,2,,0,0,0,1,432
2022-02-03 01:57:01 UTC,7868,2,4,,0,0,0,1,432
2022-02-03 02:57:01 UTC,7869,1,5,,0,0,0,1,432
2022-02-03 03:57:01 UTC,7870,0,5,,0,0,0,1,432
2022-02-03 04:57:01 UTC,7871,0,5,,0,0,0,1,432
2022-02-03 05:57:01 UTC,7872,8,13,,0,0,0,1,432
2022-02-03 06:57:01 UTC,7873,9,22,,0,0,0,1,432
2022-02-03 07:57:01 UTC,7874,30,52,,3.6,0,0,1,432
2022-02-03 08:57:01 UTC,7875,36,100,,0,0,0,1,432
2022-02-03 09:57:01 UTC,7876,43,143,,0,0,0,1,432
2022-02-03 10:57:01 UTC,7877,37,180,,0,0,0,1,432
2022-02-03 11:57:01 UTC,7878,47,227,,3.6,0,0,1,432
2022-02-03 12:57:01 UTC,7879,28,258,,0,0,0,1,432
2022-02-03 13:57:01 UTC,7880,20,278,,0,0,0,1,432
2022-02-03 14:57:01 UTC,7881,27,305,,0,0,0,1,432
2022-02-03 15:57:01 UTC,7882,22,327,,3.6,0,0,1,432
2022-02-03 16:57:01 UTC,7883,26,353,,0,0,0,1,432
2022-02-03 17:57:01 UTC,7884,15,368,,0,0,0,1,432
2022-02-03 18:57:01 UTC,7885,18,386,,0,0,0,1,432
2022-02-03 19:57:01 UTC,7886,12,398,,3.6,0,0,1,432
2022-02-03 23:57:01 UTC,7887,1,1,,0,0,0,0,408
2022-02-04 00:57:01 UTC,7888,1,2,,0,0,0,0,408
2022-02-04 01:57:01 UTC,7889,0,2,,0,0,0,0,408
2022-02-04 02:57:01 UTC,7890,0,2,,0,0,0,0,408
2022-02-04 03:57:01 UTC,7891,0,2,,3.6,0,0,0,408
2022-02-04 04:57:01 UTC,7892,3,5,,0,0,0,0,408
2022-02-04 05:57:01 UTC,7893,8,13,,0,0,0,0,408
2022-02-04 06:57:01 UTC,7894,14,27,,0,0,0,0,408
2022-02-04 07:57:01 UTC,7895,35,62,,3.6,0,0,0,408
2022-02-04 08:57:01 UTC,7896,31,101,,0,0,0,0,408
2022-02-04 09:57:01 UTC,7897,17,118,,0,0,0,0,408
2022-02-04 10:57:01 UTC,7898,25,143,,0,0,0,0,408
2022-02-04 11:57:01 UTC,7899,18,161,,3.6,0,0,0,408
2022-02-04 12:57:01 UTC,7900,24,189,,0,0,0,0,408
2022-02-04 13:57:01 UTC,7901,15,204,,0,0,0,0,408
2022-02-04 14:57:01 UTC,7902,18,222,,0,0,0,0,408
2022-02-04 15:57:01 UTC,7903,30,252,,3.6,0,0,0,408
2022-02-04 16:57:01 UTC,7904,25,280,,0,0,0,0,408
2022-02-04 17:57:01 UTC,7905,29,309,,0,0,0,0,408
2022-02-04 18:57:01 UTC,7906,19,328,,0,0,0,0,408
2022-02-04 19:57:01 UTC,7907,13,341,,3.6,0,0,0,408
2022-02-04 20:57:01 UTC,7908,4,346,,0,0,0,0,408
2022-02-04 21:57:01 UTC,7909,3,349,,3.6,0,0,0,408
2022-02-04 22:57:01 UTC,7910,,,349,,,,,
2022-02-04 23:57:01 UTC,7911,0,0,,0,0,0,0,352
2022-02-05 00:57:01 UTC,7912,1,1,,0,0,0,0,352
2022-02-05 01:57:01 UTC,7913,2,3,,0,0,0,0,352
2022-02-05 02:57:01 UTC,7914,1,4,,0,0,0,0,352
2022-02-05 03:57:01 UTC,7915,0,4,,3.6,0,0,0,352
2022-02-05 04:57:01 UTC,7916,0,4,,0,0,0,0,352
2022-02-05 05:57:01 UTC,7917,4,8,,0,0,0,0,352
2022-02-05 06:57:01 UTC,7918,2,10,,0,0,0,0,352
2022-02-05 07:57:01 UTC,7919,12,22,,3.6,0,0,0,352
2022-02-05 08:57:01 UTC,7920,27,50,,0,0,0,0,352
2022-02-05 09:57:01 UTC,7921,49,99,,0,0,0,0,352
2022-02-05 10:57:01 UTC,7922,45,144,,0,0,0,0,352
2022-02-05 11:57:01 UTC,7923,115,259,,3.6,0,0,0,352
2022-02-05 12:57:01 UTC,7924,22,285,,0,0,0,0,352
2022-02-05 13:57:01 UTC,7925,19,304,,0,0,0,0,352
2022-02-05 14:57:01 UTC,7926,21,325,,0,0,0,0,352
2022-02-05 15:57:01 UTC,7927,20,345,,3.6,0,0,0,352
2022-02-05 16:57:01 UTC,7928,24,372,,0,0,0,0,352
2022-02-05 17:57:01 UTC,7929,17,389,,0,0,0,0,352
2022-02-05 18:57:01 UTC,7930,24,413,,0,0,0,0,352
2022-02-05 19:57:01 UTC,7931,14,427,,3.6,0,0,0,352
2022-02-05 20:57:01 UTC,7932,8,437,,0,0,0,0,352
2022-02-05 21:57:01 UTC,7933,2,439,,3.6,0,0,0,352
2022-02-05 22:57:01 UTC,7934,,,439,,,,,
2022-02-05 23:57:01 UTC,7935,3,3,,0,0,0,0,442
2022-02-06 00:57:01 UTC,7936,1,4,,0,0,0,0,442
2022-02-06 01:57:01 UTC,7937,0,4,,0,0,0,0,442
2022-02-06 02:57:01 UTC,7938,0,4,,0,0,0,0,442
2022-02-06 03:57:01 UTC,7939,0,4,,3.6,0,0,0,442
2022-02-06 04:57:01 UTC,7940,1,5,,0,0,0,0,442
2022-02-06 05:57:01 UTC,7941,6,11,,0,0,0,0,442
2022-02-06 06:57:01 UTC,7942,3,14,,0,0,0,0,442
2022-02-06 07:57:01 UTC,7943,10,24,,3.6,0,0,0,442
2022-02-06 08:57:01 UTC,7944,23,48,,0,0,0,0,442
2022-02-06 09:57:01 UTC,7945,27,75,,0,0,0,0,442
2022-02-06 10:57:01 UTC,7946,42,117,,0,0,0,0,442
2022-02-06 11:57:01 UTC,7947,38,155,,3.6,0,0,0,442
2022-02-06 12:57:01 UTC,7948,22,182,,0,0,0,0,442
2022-02-06 13:57:01 UTC,7949,23,205,,0,0,0,0,442
2022-02-06 14:57:01 UTC,7950,20,225,,0,0,0,0,442
2022-02-06 15:57:01 UTC,7951,11,236,,3.6,0,0,0,442
2022-02-06 16:57:01 UTC,7952,20,259,,0,0,0,0,442
2022-02-06 17:57:01 UTC,7953,9,268,,0,0,0,0,442
2022-02-06 18:57:01 UTC,7954,17,285,,0,0,0,0,442
2022-02-06 19:57:01 UTC,7955,9,294,,3.6,0,0,0,442
2022-02-06 20:57:01 UTC,7956,6,300,,0,0,0,0,442
2022-02-06 21:57:01 UTC,7957,5,305,,3.6,0,0,0,442
2022-02-06 22:57:01 UTC,7958,,,305,,,,,
2022-02-06 23:57:01 UTC,7959,0,0,,0,0,0,0,307
2022-02-07 00:57:01 UTC,7960,0,0,,0,0,0,0,307
2022-02-07 01:57:01 UTC,7961,0,0,,0,0,0,0,307
2022-02-07 02:57:01 UTC,7962,0,0,,0,0,0,0,307
2022-02-07 03:57:01 UTC,7963,0,0,,3.6,0,0,0,307
2022-02-07 04:57:01 UTC,7964,0,1,,0,0,0,0,307
2022-02-07 05:57:01 UTC,7965,10,11,,0,0,0,0,307
2022-02-07 06:57:01 UTC,7966,12,23,,0,0,0,0,307
2022-02-07 07:57:01 UTC,7967,34,57,,3.6,0,0,0,307
2022-02-07 08:57:01 UTC,7968,24,85,,0,0,0,0,307
2022-02-07 09:57:01 UTC,7969,27,112,,0,0,0,0,307
2022-02-07 10:57:01 UTC,7970,46,158,,0,0,0,0,307
2022-02-07 11:57:01 UTC,7971,23,181,,3.7,0,0,0,307
2022-02-07 12:57:01 UTC,7972,28,209,,0,0,0,0,307
2022-02-07 13:57:01 UTC,7973,27,236,,0,0,0,0,307
2022-02-07 14:57:01 UTC,7974,14,250,,0,0,0,0,307
2022-02-07 15:57:01 UTC,7975,19,269,,3.6,0,0,0,307
2022-02-07 16:57:01 UTC,7976,10,284,,0,0,0,0,307
2022-02-07 17:57:01 UTC,7977,45,329,,0,0,0,0,307
2022-02-07 18:57:01 UTC,7978,17,346,,0,0,0,0,307
2022-02-07 19:57:01 UTC,7979,11,357,,3.6,0,0,0,307
2022-02-07 20:57:01 UTC,7980,7,365,,0,0,0,0,307
2022-02-07 21:57:01 UTC,7981,5,370,,3.6,0,0,0,307
2022-02-07 22:57:01 UTC,7982,,,370,,,,,
2022-02-07 23:57:01 UTC,7983,0,0,,0,0,0,0,370
2022-02-08 00:57:01 UTC,7984,1,1,,0,0,0,0,370
2022-02-08 01:57:01 UTC,7985,0,1,,0,0,0,0,370
2022-02-08 02:57:01 UTC,7986,0,1,,0,0,0,0,370
2022-02-08 03:57:01 UTC,7987,0,1,,3.6,0,0,0,370
2022-02-08 04:57:01 UTC,7988,2,3,,0,0,0,0,370
2022-02-08 05:57:01 UTC,7989,5,8,,0,0,0,0,370
2022-02-08 06:57:01 UTC,7990,14,22,,0,0,0,0,370
2022-02-08 07:57:01 UTC,7991,32,54,,3.6,0,0,0,370
2022-02-08 08:57:01 UTC,7992,35,104,,0,0,0,0,370
2022-02-08 09:57:01 UTC,7993,55,159,,0,0,0,0,370
2022-02-08 10:57:01 UTC,7994,55,214,,0,0,0,0,370
2022-02-08 11:57:01 UTC,7995,33,247,,3.6,0,0,0,370
2022-02-08 12:57:01 UTC,7996,13,262,,0,0,0,0,370
2022-02-08 13:57:01 UTC,7997,30,292,,0,0,0,0,370
2022-02-08 14:57:01 UTC,7998,25,317,,0,0,0,0,370
2022-02-08 15:57:01 UTC,7999,24,341,,3.6,0,0,0,370
2022-02-08 16:57:01 UTC,8000,31,377,,0,0,0,0,370
2022-02-08 17:57:01 UTC,8001,29,406,,0,0,0,0,370
2022-02-08 18:57:01 UTC,8002,23,429,,0,0,0,0,370
2022-02-08 19:57:01 UTC,8003,9,438,,3.6,0,0,0,370
2022-02-08 20:57:01 UTC,8004,5,443,,0,0,0,0,370
2022-02-08 21:57:01 UTC,8005,5,448,,3.6,0,0,0,370
2022-02-08 22:57:01 UTC,8006,,,448,,,,,
2022-02-08 23:57:01 UTC,8007,0,0,,0,0,0,0,449
2022-02-09 00:57:01 UTC,8008,1,1,,0,0,0,0,449
2022-02-09 01:57:01 UTC,8009,0,1,,0,0,0,0,449
2022-02-09 02:57:01 UTC,8010,0,1,,0,0,0,0,449
2022-02-09 03:57:01 UTC,8011,2,3,,3.6,0,0,0,449
2022-02-09 04:57:01 UTC,8012,1,4,,0,0,0,0,449
2022-02-09 05:57:01 UTC,8013,2,6,,0,0,0,0,449
2022-02-09 06:57:01 UTC,8014,16,22,,0,0,0,0,449
2022-02-09 07:57:01 UTC,8015,26,48,,3.6,0,0,0,449
2022-02-09 08:57:01 UTC,8016,30,90,,0,0,0,0,449
2022-02-09 09:57:01 UTC,8017,25,115,,0,0,0,0,449
2022-02-09 10:57:01 UTC,8018,42,157,,0,0,0,0,449
2022-02-09 11:57:01 UTC,8019,27,184,,3.6,0,0,0,449
2022-02-09 12:57:01 UTC,8020,31,223,,0,0,0,0,449
2022-02-09 13:57:01 UTC,8021,22,245,,0,0,0,0,449
2022-02-09 14:57:01 UTC,8022,24,269,,0,0,0,0,449
2022-02-09 15:57:01 UTC,8023,33,302,,3.6,0,0,0,449
2022-02-09 16:57:01 UTC,8024,19,323,,0,0,0,0,449
2022-02-09 17:57:01 UTC,8025,24,347,,0,0,0,0,449
2022-02-09 18:57:01 UTC,8026,16,363,,0,0,0,0,449
2022-02-09 19:57:01 UTC,8027,12,375,,3.6,0,0,0,449
2022-02-09 20:57:01 UTC,8028,5,380,,0,0,0,0,449
2022-02-09 21:57:01 UTC,8029,5,385,,3.6,0,0,0,449
2022-02-09 22:57:01 UTC,8030,,,385,,,,,
