created_at,entry_id,field1,field2,field3,field4,field5,field6,field7,field8
2022-04-01 00:57:01 UTC,9229,0,1,,0,0,0,0,187
2022-04-01 01:57:01 UTC,9230,0,1,,0,0,0,0,187
2022-04-01 02:57:01 UTC,9231,4,5,,3.9,0,0,0,187
2022-04-01 03:57:01 UTC,9232,3,10,,0,0,0,0,187
2022-04-01 04:57:01 UTC,9233,6,16,,0,0,0,0,187
2022-04-01 05:57:01 UTC,9234,13,29,,0,0,0,0,187
2022-04-01 06:57:01 UTC,9235,27,56,,3.9,0,0,0,187
2022-04-01 07:57:01 UTC,9236,12,77,,0,0,0,0,187
2022-04-01 08:57:01 UTC,9237,10,87,,0,0,0,0,187
2022-04-01 09:57:01 UTC,9238,7,94,,0,0,0,0,187
2022-04-01 10:57:01 UTC,9239,9,103,,3.9,0,0,0,187
2022-04-01 11:57:01 UTC,9240,10,116,,0,0,0,0,187
2022-04-01 12:57:01 UTC,9241,12,128,,0,0,0,0,187
2022-04-01 13:57:01 UTC,9242,5,133,,0,0,0,0,187
2022-04-01 14:57:01 UTC,9243,16,149,,3.9,0,0,0,187
2022-04-01 15:57:01 UTC,9244,34,184,,0,0,0,0,187
2022-04-01 16:57:01 UTC,9245,20,204,,0,0,0,0,187
2022-04-01 17:57:01 UTC,9246,10,214,,0,0,0,0,187
2022-04-01 18:57:01 UTC,9247,11,225,,3.9,0,0,0,187
2022-04-01 19:57:01 UTC,9248,5,230,,0,0,0,0,187
2022-04-01 20:57:01 UTC,9249,3,233,,3.9,0,0,0,187
2022-04-01 21:57:01 UTC,9250,,,233,,,,,
2022-04-01 22:57:01 UTC,9251,0,0,,0,0,0,0,236
2022-04-01 23:57:01 UTC,9252,2,2,,0,0,0,0,236
2022-04-02 00:57:01 UTC,9253,0,2,,0,0,0,0,236
2022-04-02 01:57:01 UTC,9254,0,2,,0,0,0,0,236
2022-04-02 02:57:01 UTC,9255,4,6,,3.9,0,0,0,236
2022-04-02 03:57:01 UTC,9256,0,9,,0,0,0,0,236
2022-04-02 04:57:01 UTC,9257,6,15,,0,0,0,0,236
2022-04-02 05:57:01 UTC,9258,4,19,,0,0,0,0,236
2022-04-02 06:57:01 UTC,9259,4,23,,3.9,0,0,0,236
2022-04-02 07:57:01 UTC,9260,2,25,,0,0,1,0,236
2022-04-02 08:57:01 UTC,9261,8,33,,0,0,1,0,236
2022-04-02 09:57:01 UTC,9262,26,59,,0,0,1,0,236
2022-04-02 10:57:01 UTC,9263,37,96,,3.9,0,1,0,236
2022-04-02 11:57:01 UTC,9264,15,119,,0,0,1,0,236
2022-04-02 12:57:01 UTC,9265,5,124,,0,0,1,0,236
2022-04-02 13:57:01 UTC,9266,4,128,,0,0,1,0,236
2022-04-02 14:57:01 UTC,9267,2,130,,3.9,0,1,0,236
2022-04-02 15:57:01 UTC,9268,4,134,,0,0,1,0,236
2022-04-02 16:57:01 UTC,9269,9,143,,0,0,1,0,236
2022-04-02 17:57:01 UTC,9270,7,150,,0,0,1,0,236
2022-04-02 18:57:01 UTC,9271,2,152,,3.9,0,1,0,236
2022-04-02 19:57:01 UTC,9272,2,156,,0,0,1,0,236
2022-04-02 20:57:01 UTC,9273,1,157,,3.9,0,1,0,236
2022-04-02 21:57:01 UTC,9274,,,157,,,,,
2022-04-02 22:57:01 UTC,9275,1,1,,0,0,0,0,159
2022-04-02 23:57:01 UTC,9276,2,3,,0,0,0,0,159
2022-04-03 00:57:01 UTC,9277,0,3,,0,0,0,0,159
2022-04-03 01:57:01 UTC,9278,0,3,,0,0,0,0,159
2022-04-03 02:57:01 UTC,9279,0,3,,3.9,0,0,0,159
2022-04-03 03:57:01 UTC,9280,5,8,,0,0,0,0,159
2022-04-03 04:57:01 UTC,9281,2,10,,0,0,0,0,159
2022-04-03 05:57:01 UTC,9282,5,15,,0,0,0,0,159
2022-04-03 06:57:01 UTC,9283,5,20,,3.9,0,0,0,159
2022-04-03 07:57:01 UTC,9284,20,44,,0,0,0,0,159
2022-04-03 08:57:01 UTC,9285,22,66,,0,0,0,0,159
2022-04-03 09:57:01 UTC,9286,18,84,,0,0,0,0,159
2022-04-03 10:57:01 UTC,9287,21,105,,3.9,0,0,0,159
2022-04-03 11:57:01 UTC,9288,51,160,,0,0,0,0,159
2022-04-03 12:57:01 UTC,9289,8,168,,0,0,0,0,159
2022-04-03 13:57:01 UTC,9290,22,190,,0,0,0,0,159
2022-04-03 14:57:01 UTC,9291,14,204,,3.9,0,0,0,159
2022-04-03 15:57:01 UTC,9292,23,227,,0,0,0,0,159
2022-04-03 16:57:01 UTC,9293,13,240,,0,0,0,0,159
2022-04-03 17:57:01 UTC,9294,42,282,,0,0,0,0,159
2022-04-03 18:57:01 UTC,9295,16,298,,3.9,0,0,0,159
2022-04-03 19:57:01 UTC,9296,2,303,,0,0,0,0,159
2022-04-03 20:57:01 UTC,9297,5,308,,3.9,0,0,0,159
2022-04-03 21:57:01 UTC,9298,,,308,,,,,
2022-04-03 22:57:01 UTC,9299,1,1,,0,0,0,0,310
2022-04-03 23:57:01 UTC,9300,0,1,,0,0,0,0,310
2022-04-04 00:57:01 UTC,9301,0,1,,0,0,0,0,310
2022-04-04 01:57:01 UTC,9302,0,1,,0,0,0,0,310
2022-04-04 02:57:01 UTC,9303,1,2,,3.9,0,0,0,310
2022-04-04 03:57:01 UTC,9304,4,8,,0,0,0,0,310
2022-04-04 04:57:01 UTC,9305,5,13,,0,0,0,0,310
2022-04-04 05:57:01 UTC,9306,18,31,,0,0,0,0,310
2022-04-04 06:57:01 UTC,9307,24,55,,3.9,0,0,0,310
2022-04-04 07:57:01 UTC,9308,20,78,,0,0,0,0,310
2022-04-04 08:57:01 UTC,9309,22,100,,0,0,0,0,310
2022-04-04 09:57:01 UTC,9310,25,125,,0,0,0,0,310
2022-04-04 10:57:01 UTC,9311,15,140,,3.9,0,0,0,310
2022-04-04 11:57:01 UTC,9312,15,158,,0,0,0,0,310
2022-04-04 12:57:01 UTC,9313,19,177,,0,0,0,0,310
2022-04-04 13:57:01 UTC,9314,10,187,,0,0,0,0,310
2022-04-04 14:57:01 UTC,9315,19,206,,3.9,0,0,0,310
2022-04-04 15:57:01 UTC,9316,11,218,,0,0,0,0,310
2022-04-04 16:57:01 UTC,9317,23,241,,0,0,0,0,310
2022-04-04 17:57:01 UTC,9318,13,254,,0,0,0,0,310
2022-04-04 18:57:01 UTC,9319,11,265,,3.9,0,0,0,310
2022-04-04 19:57:01 UTC,9320,8,273,,0,0,0,0,310
2022-04-04 20:57:01 UTC,9321,6,279,,3.9,0,0,0,310
2022-04-04 21:57:01 UTC,9322,,,279,,,,,
2022-04-04 22:57:01 UTC,9323,0,0,,0,0,0,0,280
2022-04-04 23:57:01 UTC,9324,1,1,,0,0,0,0,280
2022-04-05 00:57:01 UTC,9325,0,1,,0,0,0,0,280
2022-04-05 01:57:01 UTC,9326,0,1,,0,0,0,0,280
2022-04-05 02:57:01 UTC,9327,3,4,,3.9,0,0,0,280
2022-04-05 03:57:01 UTC,9328,3,9,,0,0,0,0,280
2022-04-05 04:57:01 UTC,9329,2,11,,0,0,0,0,280
2022-04-05 05:57:01 UTC,9330,24,35,,0,0,0,0,280
2022-04-05 06:57:01 UTC,9331,33,68,,3.9,0,0,0,280
2022-04-05 07:57:01 UTC,9332,52,129,,0,0,0,0,280
2022-04-05 08:57:01 UTC,9333,49,178,,0,0,0,0,280
2022-04-05 09:57:01 UTC,9334,36,214,,0,0,0,0,280
2022-04-05 10:57:01 UTC,9335,26,240,,3.9,0,0,0,280
2022-04-05 11:57:01 UTC,9336,32,273,,0,0,0,0,280
2022-04-05 12:57:01 UTC,9337,29,302,,0,0,0,0,280
2022-04-05 13:57:01 UTC,9338,35,337,,0,0,0,0,280
2022-04-05 14:57:01 UTC,9339,32,369,,3.9,0,0,0,280
2022-04-05 15:57:01 UTC,9340,24,393,,0,0,0,0,280
2022-04-05 16:57:01 UTC,9341,49,442,,0,0,0,0,280
2022-04-05 17:57:01 UTC,9342,38,480,,0,0,0,0,280
2022-04-05 18:57:01 UTC,9343,11,491,,3.9,0,0,0,280
2022-04-05 19:57:01 UTC,9344,12,503,,0,0,0,0,280
2022-04-05 20:57:01 UTC,9345,4,507,,3.9,0,0,0,280
2022-04-05 21:57:01 UTC,9346,,,507,,,,,
2022-04-05 22:57:01 UTC,9347,1,1,,0,0,0,0,507
2022-04-05 23:57:01 UTC,9348,1,2,,0,0,0,0,507
2022-04-06 00:57:01 UTC,9349,0,2,,0,0,0,0,507
2022-04-06 01:57:01 UTC,9350,0,2,,0,0,0,0,507
2022-04-06 02:57:01 UTC,9351,3,5,,3.9,0,0,0,507
2022-04-06 03:57:01 UTC,9352,1,8,,0,0,0,0,507
2022-04-06 04:57:01 UTC,9353,6,14,,0,0,0,0,507
2022-04-06 05:57:01 UTC,9354,11,25,,0,0,0,0,507
2022-04-06 06:57:01 UTC,9355,33,58,,3.9,0,0,0,507
2022-04-06 07:57:01 UTC,9356,23,87,,0,0,0,0,507
2022-04-06 08:57:01 UTC,9357,37,124,,0,0,0,0,507
2022-04-06 09:57:01 UTC,9358,29,153,,0,0,0,0,507
2022-04-06 10:57:01 UTC,9359,14,167,,3.9,0,0,0,507
2022-04-06 11:57:01 UTC,9360,4,172,,0,0,0,0,507
2022-04-06 12:57:01 UTC,9361,5,177,,0,0,0,0,507
2022-04-06 13:57:01 UTC,9362,1,178,,0,0,0,0,507
2022-04-06 14:57:01 UTC,9363,3,181,,3.9,0,0,0,507
2022-04-06 15:57:01 UTC,9364,15,196,,0,0,1,0,507
2022-04-06 16:57:01 UTC,9365,19,215,,0,0,1,0,507
2022-04-06 17:57:01 UTC,9366,23,238,,0,0,1,0,507
2022-04-06 18:57:01 UTC,9367,10,248,,3.9,0,1,0,507
2022-04-06 19:57:01 UTC,9368,4,254,,0,0,1,0,507
2022-04-06 20:57:01 UTC,9369,4,258,,3.9,0,1,0,507
2022-04-06 21:57:01 UTC,9370,,,258,,,,,
2022-04-06 22:57:01 UTC,9371,2,2,,0,0,0,0,258
2022-04-06 23:57:01 UTC,9372,0,2,,0,0,0,0,258
2022-04-07 00:57:01 UTC,9373,1,3,,0,0,0,0,258
2022-04-07 01:57:01 UTC,9374,0,3,,0,0,0,0,258
2022-04-07 02:57:01 UTC,9375,4,7,,3.9,0,0,0,258
2022-04-07 03:57:01 UTC,9376,2,11,,0,0,0,0,258
2022-04-07 04:57:01 UTC,9377,6,17,,0,0,0,0,258
2022-04-07 05:57:01 UTC,9378,18,35,,0,0,0,0,258
2022-04-07 06:57:01 UTC,9379,23,58,,3.9,0,0,0,258
2022-04-07 07:57:01 UTC,9380,28,91,,0,0,0,0,258
2022-04-07 08:57:01 UTC,9381,28,119,,0,0,0,0,258
2022-04-07 09:57:01 UTC,9382,20,139,,0,0,0,0,258
2022-04-07 10:57:01 UTC,9383,24,163,,3.9,0,0,0,258
2022-04-07 11:57:01 UTC,9384,20,183,,0,0,0,0,258
2022-04-07 12:57:01 UTC,9385,9,192,,0,0,0,0,258
2022-04-07 13:57:01 UTC,9386,20,212,,0,0,0,0,258
2022-04-07 14:57:01 UTC,9387,39,251,,3.9,0,0,0,258
2022-04-07 15:57:01 UTC,9388,21,276,,0,0,0,0,258
2022-04-07 16:57:01 UTC,9389,23,299,,0,0,0,0,258
2022-04-07 17:57:01 UTC,9390,28,327,,0,0,0,0,258
2022-04-07 18:57:01 UTC,9391,13,340,,3.9,0,0,0,258
2022-04-07 19:57:01 UTC,9392,5,346,,0,0,0,0,258
2022-04-07 20:57:01 UTC,9393,2,348,,3.9,0,0,0,258
2022-04-07 21:57:01 UTC,9394,,,348,,,,,
2022-04-07 22:57:01 UTC,9395,1,1,,0,0,0,0,348
2022-04-07 23:57:01 UTC,9396,1,2,,0,0,0,0,348
2022-04-08 00:57:01 UTC,9397,1,3,,0,0,0,0,348
2022-04-08 01:57:01 UTC,9398,0,3,,0,0,0,0,348
2022-04-08 02:57:01 UTC,9399,4,7,,3.9,0,0,0,348
2022-04-08 03:57:01 UTC,9400,3,12,,0,0,0,0,348
2022-04-08 04:57:01 UTC,9401,6,18,,0,0,0,0,348
2022-04-08 05:57:01 UTC,9402,23,41,,0,0,0,0,348
2022-04-08 06:57:01 UTC,9403,30,71,,3.9,0,0,0,348
2022-04-08 07:57:01 UTC,9404,24,97,,0,0,0,0,348
2022-04-08 08:57:01 UTC,9405,23,120,,0,0,0,0,348
2022-04-08 09:57:01 UTC,9406,23,143,,0,0,0,0,348
2022-04-08 10:57:01 UTC,9407,20,163,,3.9,0,0,0,348
2022-04-08 11:57:01 UTC,9408,18,181,,0,0,0,0,348
2022-04-08 12:57:01 UTC,9409,14,195,,0,0,0,0,348
2022-04-08 13:57:01 UTC,9410,9,204,,0,0,0,0,348
2022-04-08 14:57:01 UTC,9411,11,215,,3.9,0,0,0,348
2022-04-08 15:57:01 UTC,9412,14,233,,0,0,1,0,348
2022-04-08 16:57:01 UTC,9413,26,259,,0,0,1,0,348
2022-04-08 17:57:01 UTC,9414,32,291,,0,0,1,0,348
2022-04-08 18:57:01 UTC,9415,17,308,,3.9,0,1,0,348
2022-04-08 19:57:01 UTC,9416,4,312,,0,0,1,0,348
2022-04-08 20:57:01 UTC,9417,3,315,,3.9,0,1,0,348
2022-04-08 21:57:01 UTC,9418,,,315,,,,,
2022-04-08 22:57:01 UTC,9419,2,2,,0,0,0,0,318
2022-04-08 23:57:01 UTC,9420,2,4,,0,0,0,0,318
2022-04-09 00:57:01 UTC,9421,6,10,,0,0,0,0,318
2022-04-09 01:57:01 UTC,9422,0,10,,0,0,0,0,318
2022-04-09 02:57:01 UTC,9423,3,13,,3.9,0,0,0,318
2022-04-09 03:57:01 UTC,9424,3,18,,0,0,0,0,318
2022-04-09 04:57:01 UTC,9425,1,19,,0,0,0,0,318
2022-04-09 05:57:01 UTC,9426,10,29,,0,0,0,0,318
2022-04-09 06:57:01 UTC,9427,5,34,,3.9,0,0,0,318
2022-04-09 07:57:01 UTC,9428,15,51,,0,0,0,0,318
2022-04-09 08:57:01 UTC,9429,23,74,,0,0,0,0,318
2022-04-09 09:57:01 UTC,9430,43,117,,0,0,0,0,318
2022-04-09 10:57:01 UTC,9431,46,163,,3.9,0,0,0,318
2022-04-09 11:57:01 UTC,9432,13,178,,0,0,0,0,318
2022-04-09 12:57:01 UTC,9433,8,186,,0,0,0,0,318
2022-04-09 13:57:01 UTC,9434,13,199,,0,0,0,0,318
2022-04-09 14:57:01 UTC,9435,8,207,,3.9,0,0,0,318
2022-04-09 15:57:01 UTC,9436,15,223,,0,0,0,0,318
2022-04-09 16:57:01 UTC,9437,17,240,,0,0,0,0,318
2022-04-09 17:57:01 UTC,9438,15,255,,0,0,0,0,318
2022-04-09 18:57:01 UTC,9439,9,264,,3.9,0,0,0,318
2022-04-09 19:57:01 UTC,9440,9,274,,0,0,0,0,318
2022-04-09 20:57:01 UTC,9441,2,276,,3.9,0,0,0,318
2022-04-09 21:57:01 UTC,9442,,,276,,,,,
2022-04-09 22:57:01 UTC,9443,0,0,,0,0,0,0,283
2022-04-09 23:57:01 UTC,9444,1,1,,0,0,0,0,283
2022-04-10 00:57:01 UTC,9445,0,1,,0,0,0,0,283
2022-04-10 01:57:01 UTC,9446,1,2,,0,0,0,0,283
2022-04-10 02:57:01 UTC,9447,0,2,,3.9,0,0,0,283
2022-04-10 03:57:01 UTC,9448,3,5,,0,0,0,0,283
2022-04-10 04:57:01 UTC,9449,6,11,,0,0,0,0,283
2022-04-10 05:57:01 UTC,9450,5,16,,0,0,0,0,283
2022-04-10 06:57:01 UTC,9451,11,27,,3.9,0,0,0,283
2022-04-10 07:57:01 UTC,9452,16,43,,0,0,0,0,283
2022-04-10 08:57:01 UTC,9453,59,102,,0,0,0,0,283
2022-04-10 09:57:01 UTC,9454,47,149,,0,0,0,0,283
2022-04-10 10:57:01 UTC,9455,19,168,,3.9,0,0,0,283
2022-04-10 11:57:01 UTC,9456,29,201,,0,0,0,0,283
2022-04-10 12:57:01 UTC,9457,9,210,,0,0,0,0,283
2022-04-10 13:57:01 UTC,9458,10,220,,0,0,0,0,283
2022-04-10 14:57:01 UTC,9459,14,234,,3.9,0,0,0,283
2022-04-10 15:57:01 UTC,9460,17,251,,0,0,0,0,283
2022-04-10 16:57:01 UTC,9461,18,269,,0,0,0,0,283
2022-04-10 17:57:01 UTC,9462,9,278,,0,0,0,0,283
2022-04-10 18:57:01 UTC,9463,5,283,,3.9,0,0,0,283
2022-04-10 19:57:01 UTC,9464,7,290,,0,0,0,0,283
2022-04-10 20:57:01 UTC,9465,8,298,,3.9,0,0,0,283
2022-04-10 21:57:01 UTC,9466,,,298,,,,,
