created_at,entry_id,field1,field2,field3,field4,field5,field6,field7,field8
2021-08-01 00:57:01 UTC,3458,0,1,,0,0,0,0,221
2021-08-01 01:57:01 UTC,3459,0,1,,0,0,0,0,221
2021-08-01 02:57:01 UTC,3460,0,1,,3.9,0,0,0,221
2021-08-01 03:57:01 UTC,3461,1,2,,0,0,0,0,221
2021-08-01 04:57:01 UTC,3462,2,4,,0,0,0,0,221
2021-08-01 05:57:01 UTC,3463,1,5,,0,0,0,0,221
2021-08-01 06:57:01 UTC,3464,2,7,,3.9,0,0,0,221
2021-08-01 07:57:01 UTC,3465,20,27,,0,0,0,0,221
2021-08-01 08:57:01 UTC,3466,62,89,,0,0,0,0,221
2021-08-01 09:57:01 UTC,3467,21,110,,0,0,0,0,221
2021-08-01 10:57:01 UTC,3468,19,129,,0,0,0,0,221
2021-08-01 11:57:01 UTC,3469,9,138,,0,0,0,0,221
2021-08-01 12:57:01 UTC,3470,5,143,,0,0,0,0,221
2021-08-01 13:57:01 UTC,3471,6,149,,0,0,0,0,221
2021-08-01 14:57:01 UTC,3472,5,154,,0,0,0,0,221
2021-08-01 15:57:01 UTC,3473,4,158,,0,0,0,0,221
2021-08-01 16:57:01 UTC,3474,5,163,,0,0,0,0,221
2021-08-01 17:57:01 UTC,3475,8,171,,0,0,0,0,221
2021-08-01 18:57:01 UTC,3476,5,176,,3.9,0,0,0,221
2021-08-01 19:57:01 UTC,3477,3,179,,0,0,0,0,221
2021-08-01 20:57:01 UTC,3478,4,183,,3.9,0,0,0,221
2021-08-01 21:57:01 UTC,3479,,,183,,,,,
2021-08-01 22:57:01 UTC,3480,3,3,,0,0,0,0,186
2021-08-01 23:57:01 UTC,3481,0,3,,0,0,0,0,186
2021-08-02 00:57:01 UTC,3482,0,3,,0,0,0,0,186
2021-08-02 01:57:01 UTC,3483,0,3,,0,0,0,0,186
2021-08-02 02:57:01 UTC,3484,0,3,,3.9,0,0,0,186
2021-08-02 03:57:01 UTC,3485,1,4,,0,0,0,0,186
2021-08-02 04:57:01 UTC,3486,3,7,,0,0,0,0,186
2021-08-02 05:57:01 UTC,3487,4,11,,0,0,0,0,186
2021-08-02 06:57:01 UTC,3488,11,22,,3.9,0,0,0,186
2021-08-02 07:57:01 UTC,3489,20,42,,0,0,0,0,186
2021-08-02 08:57:01 UTC,3490,19,61,,0,0,0,0,186
2021-08-02 09:57:01 UTC,3491,35,96,,0,0,0,0,186
2021-08-02 10:57:01 UTC,3492,9,105,,0,0,0,0,186
2021-08-02 11:57:01 UTC,3493,9,114,,0,0,0,0,186
2021-08-02 12:57:01 UTC,3494,10,124,,0,0,0,0,186
2021-08-02 13:57:01 UTC,3495,7,131,,0,0,0,0,186
2021-08-02 14:57:01 UTC,3496,3,134,,3.9,0,0,0,186
2021-08-02 15:57:01 UTC,3497,7,141,,0,0,0,0,186
2021-08-02 16:57:01 UTC,3498,17,158,,0,0,0,0,186
2021-08-02 17:57:01 UTC,3499,14,172,,0,0,0,0,186
2021-08-02 18:57:01 UTC,3500,9,181,,3.9,0,0,0,186
2021-08-02 19:57:01 UTC,3501,6,187,,0,0,0,0,186
2021-08-02 20:57:01 UTC,3502,0,187,,3.9,0,0,0,186
2021-08-02 21:57:01 UTC,3503,,,187,,,,,
2021-08-02 22:57:01 UTC,3504,0,0,,0,0,0,0,188
2021-08-02 23:57:01 UTC,3505,1,1,,0,0,0,0,188
2021-08-03 00:57:01 UTC,3506,1,2,,0,0,0,0,188
2021-08-03 01:57:01 UTC,3507,0,2,,0,0,0,0,188
2021-08-03 02:57:01 UTC,3508,0,2,,3.9,0,0,0,188
2021-08-03 03:57:01 UTC,3509,1,3,,0,0,0,0,188
2021-08-03 04:57:01 UTC,3510,2,5,,0,0,0,0,188
2021-08-03 05:57:01 UTC,3511,5,10,,0,0,0,0,188
2021-08-03 06:57:01 UTC,3512,10,20,,3.9,0,0,0,188
2021-08-03 07:57:01 UTC,3513,21,41,,0,0,0,0,188
2021-08-03 08:57:01 UTC,3514,33,74,,0,0,0,0,188
2021-08-03 09:57:01 UTC,3515,22,96,,0,0,0,0,188
2021-08-03 10:57:01 UTC,3516,27,123,,3.9,0,0,0,188
2021-08-03 11:57:01 UTC,3517,19,142,,0,0,0,0,188
2021-08-03 12:57:01 UTC,3518,2,144,,0,0,0,0,188
2021-08-03 13:57:01 UTC,3519,2,146,,0,0,0,0,188
2021-08-03 14:57:01 UTC,3520,19,165,,3.9,0,0,0,188
2021-08-03 15:57:01 UTC,3521,12,177,,0,0,0,0,188
2021-08-03 16:57:01 UTC,3522,11,188,,0,0,0,0,188
2021-08-03 17:57:01 UTC,3523,6,194,,0,0,0,0,188
2021-08-03 18:57:01 UTC,3524,11,205,,3.9,0,0,0,188
2021-08-03 19:57:01 UTC,3525,11,217,,0,0,0,0,188
2021-08-03 20:57:01 UTC,3526,5,222,,3.9,0,0,0,188
2021-08-03 21:57:01 UTC,3527,,,222,,,,,
2021-08-03 22:57:01 UTC,3528,0,0,,0,0,0,0,225
2021-08-03 23:57:01 UTC,3529,0,0,,0,0,0,0,225
2021-08-04 00:57:01 UTC,3530,0,0,,0,0,0,0,225
2021-08-04 01:57:01 UTC,3531,0,0,,0,0,0,0,225
2021-08-04 02:57:01 UTC,3532,0,0,,3.9,0,0,0,225
2021-08-04 03:57:01 UTC,3533,1,1,,0,0,0,0,225
2021-08-04 04:57:01 UTC,3534,3,4,,0,0,0,0,225
2021-08-04 05:57:01 UTC,3535,14,18,,0,0,0,0,225
2021-08-04 06:57:01 UTC,3536,10,28,,3.9,0,0,0,225
2021-08-04 07:57:01 UTC,3537,20,49,,0,0,0,0,225
2021-08-04 08:57:01 UTC,3538,29,78,,0,0,0,0,225
2021-08-04 09:57:01 UTC,3539,14,92,,0,0,0,0,225
2021-08-04 10:57:01 UTC,3540,14,106,,0,0,0,0,225
2021-08-04 11:57:01 UTC,3541,11,117,,0,0,0,0,225
2021-08-04 12:57:01 UTC,3542,5,122,,0,0,0,0,225
2021-08-04 13:57:01 UTC,3543,6,128,,0,0,0,0,225
2021-08-04 14:57:01 UTC,3544,13,141,,0,0,0,0,225
2021-08-04 15:57:01 UTC,3545,6,147,,0,0,0,0,225
2021-08-04 16:57:01 UTC,3546,4,151,,0,0,0,0,225
2021-08-04 17:57:01 UTC,3547,6,157,,0,0,0,0,225
2021-08-04 18:57:01 UTC,3548,4,161,,3.9,0,0,0,225
2021-08-04 19:57:01 UTC,3549,6,167,,0,0,0,0,225
2021-08-04 20:57:01 UTC,3550,0,167,,3.9,0,0,0,225
2021-08-04 21:57:01 UTC,3551,,,167,,,,,
2021-08-04 22:57:01 UTC,3552,0,0,,0,0,0,0,168
2021-08-04 23:57:01 UTC,3553,1,1,,0,0,0,0,168
2021-08-05 00:57:01 UTC,3554,0,1,,0,0,0,0,168
2021-08-05 01:57:01 UTC,3555,0,1,,0,0,0,0,168
2021-08-05 02:57:01 UTC,3556,0,1,,3.9,0,0,0,168
2021-08-05 03:57:01 UTC,3557,2,3,,0,0,0,0,168
2021-08-05 04:57:01 UTC,3558,2,5,,0,0,0,0,168
2021-08-05 05:57:01 UTC,3559,4,9,,0,0,0,0,168
2021-08-05 06:57:01 UTC,3560,9,18,,3.9,0,0,0,168
2021-08-05 07:57:01 UTC,3561,24,42,,0,0,1,0,168
2021-08-05 08:57:01 UTC,3562,16,58,,0,0,1,0,168
2021-08-05 09:57:01 UTC,3563,53,111,,0,0,1,0,168
2021-08-05 10:57:01 UTC,3564,9,120,,0,0,1,0,168
2021-08-05 11:57:01 UTC,3565,19,139,,0,0,1,0,168
2021-08-05 12:57:01 UTC,3566,9,148,,0,0,1,0,168
2021-08-05 13:57:01 UTC,3567,8,156,,0,0,1,0,168
2021-08-05 14:57:01 UTC,3568,8,164,,3.9,0,1,0,168
2021-08-05 15:57:01 UTC,3569,14,178,,0,0,2,0,168
2021-08-05 16:57:01 UTC,3570,11,189,,0,0,2,0,168
2021-08-05 17:57:01 UTC,3571,9,198,,0,0,2,0,168
2021-08-05 18:57:01 UTC,3572,7,205,,3.9,0,2,0,168
2021-08-05 19:57:01 UTC,3573,5,210,,0,0,2,0,168
2021-08-05 20:57:01 UTC,3574,2,212,,3.9,0,2,0,168
2021-08-05 21:57:01 UTC,3575,,,212,,,,,
2021-08-05 22:57:01 UTC,3576,1,1,,0,0,0,0,216
2021-08-05 23:57:01 UTC,3577,0,1,,0,0,0,0,216
2021-08-06 00:57:01 UTC,3578,3,4,,0,0,0,0,216
2021-08-06 01:57:01 UTC,3579,0,4,,0,0,0,0,216
2021-08-06 02:57:01 UTC,3580,0,4,,3.9,0,0,0,216
2021-08-06 03:57:01 UTC,3581,2,6,,0,0,0,0,216
2021-08-06 04:57:01 UTC,3582,3,9,,0,0,0,0,216
2021-08-06 05:57:01 UTC,3583,5,14,,0,0,0,0,216
2021-08-06 06:57:01 UTC,3584,7,21,,3.9,0,0,0,216
2021-08-06 07:57:01 UTC,3585,19,40,,0,0,0,0,216
2021-08-06 08:57:01 UTC,3586,63,103,,0,0,0,0,216
2021-08-06 09:57:01 UTC,3587,12,115,,0,0,0,0,216
2021-08-06 10:57:01 UTC,3588,14,129,,0,0,0,0,216
2021-08-06 11:57:01 UTC,3589,9,138,,0,0,0,0,216
2021-08-06 12:57:01 UTC,3590,8,146,,0,0,0,0,216
2021-08-06 13:57:01 UTC,3591,6,152,,0,0,0,0,216
2021-08-06 14:57:01 UTC,3592,8,160,,3.9,0,0,0,216
2021-08-06 15:57:01 UTC,3593,19,179,,0,0,0,0,216
2021-08-06 16:57:01 UTC,3594,3,182,,0,0,0,0,216
2021-08-06 17:57:01 UTC,3595,11,193,,0,0,0,0,216
2021-08-06 18:57:01 UTC,3596,5,198,,3.9,0,0,0,216
2021-08-06 19:57:01 UTC,3597,4,203,,0,0,0,0,216
2021-08-06 20:57:01 UTC,3598,0,203,,3.9,0,0,0,216
2021-08-06 21:57:01 UTC,3599,,,203,,,,,
2021-08-06 22:57:01 UTC,3600,2,2,,0,0,0,0,203
2021-08-06 23:57:01 UTC,3601,0,2,,0,0,0,0,203
2021-08-07 00:57:01 UTC,3602,1,3,,0,0,0,0,203
2021-08-07 01:57:01 UTC,3603,0,3,,0,0,0,0,203
2021-08-07 02:57:01 UTC,3604,0,3,,3.9,0,0,0,203
2021-08-07 03:57:01 UTC,3605,1,4,,0,0,0,0,203
2021-08-07 04:57:01 UTC,3606,0,4,,0,0,0,0,203
2021-08-07 05:57:01 UTC,3607,3,7,,0,0,0,0,203
2021-08-07 06:57:01 UTC,3608,7,14,,3.9,0,0,0,203
2021-08-07 07:57:01 UTC,3609,16,31,,0,0,0,0,203
2021-08-07 08:57:01 UTC,3610,23,54,,0,0,0,0,203
2021-08-07 09:57:01 UTC,3611,15,69,,0,0,0,0,203
2021-08-07 10:57:01 UTC,3612,12,81,,0,0,0,0,203
2021-08-07 11:57:01 UTC,3613,4,85,,0,0,0,0,203
2021-08-07 12:57:01 UTC,3614,6,91,,0,0,0,0,203
2021-08-07 13:57:01 UTC,3615,3,94,,0,0,0,0,203
2021-08-07 14:57:01 UTC,3616,3,97,,0,0,0,0,203
2021-08-07 15:57:01 UTC,3617,6,103,,0,0,0,0,203
2021-08-07 16:57:01 UTC,3618,5,108,,0,0,0,0,203
2021-08-07 17:57:01 UTC,3619,8,116,,0,0,0,0,203
2021-08-07 18:57:01 UTC,3620,3,119,,3.9,0,0,0,203
2021-08-07 19:57:01 UTC,3621,2,121,,0,0,1,0,203
2021-08-07 20:57:01 UTC,3622,8,129,,3.9,0,1,0,203
2021-08-07 21:57:01 UTC,3623,,,129,,,,,
2021-08-07 22:57:01 UTC,3624,3,3,,0,0,0,0,131
2021-08-07 23:57:01 UTC,3625,0,3,,0,0,0,0,131
2021-08-08 00:57:01 UTC,3626,0,3,,0,0,0,0,131
2021-08-08 01:57:01 UTC,3627,0,3,,0,0,0,0,131
2021-08-08 02:57:01 UTC,3628,0,3,,3.9,0,0,0,131
2021-08-08 03:57:01 UTC,3629,1,4,,0,0,0,0,131
2021-08-08 04:57:01 UTC,3630,2,6,,0,0,0,0,131
2021-08-08 05:57:01 UTC,3631,4,10,,0,0,0,0,131
2021-08-08 06:57:01 UTC,3632,6,16,,3.9,0,0,0,131
2021-08-08 07:57:01 UTC,3633,15,32,,0,0,0,0,131
2021-08-08 08:57:01 UTC,3634,19,51,,0,0,0,0,131
2021-08-08 09:57:01 UTC,3635,16,67,,0,0,0,0,131
2021-08-08 10:57:01 UTC,3636,12,79,,0,0,0,0,131
2021-08-08 11:57:01 UTC,3637,10,89,,0,0,0,0,131
2021-08-08 12:57:01 UTC,3638,1,90,,0,0,0,0,131
2021-08-08 13:57:01 UTC,3639,1,91,,0,0,0,0,131
2021-08-08 14:57:01 UTC,3640,2,93,,0,0,0,0,131
2021-08-08 15:57:01 UTC,3641,4,97,,0,0,0,0,131
2021-08-08 16:57:01 UTC,3642,3,100,,0,0,0,0,131
2021-08-08 17:57:01 UTC,3643,1,101,,0,0,0,0,131
2021-08-08 18:57:01 UTC,3644,2,103,,3.9,0,0,0,131
2021-08-08 19:57:01 UTC,3645,5,108,,0,0,0,0,131
2021-08-08 20:57:01 UTC,3646,2,110,,3.9,0,0,0,131
2021-08-08 21:57:01 UTC,3647,,,110,,,,,
2021-08-08 22:57:01 UTC,3648,1,1,,0,0,0,0,110
2021-08-08 23:57:01 UTC,3649,2,3,,0,0,0,0,110
2021-08-09 00:57:01 UTC,3650,0,3,,0,0,0,0,110
2021-08-09 01:57:01 UTC,3651,0,3,,0,0,0,0,110
2021-08-09 02:57:01 UTC,3652,0,3,,3.9,0,0,0,110
2021-08-09 03:57:01 UTC,3653,0,3,,0,0,0,0,110
2021-08-09 04:57:01 UTC,3654,1,4,,0,0,0,0,110
2021-08-09 05:57:01 UTC,3655,6,10,,0,0,0,0,110
2021-08-09 06:57:01 UTC,3656,3,13,,3.9,0,0,0,110
2021-08-09 07:57:01 UTC,3657,5,18,,0,0,0,0,110
2021-08-09 08:57:01 UTC,3658,11,29,,0,0,0,0,110
2021-08-09 09:57:01 UTC,3659,18,47,,0,0,0,0,110
2021-08-09 10:57:01 UTC,3660,11,58,,0,0,0,0,110
2021-08-09 11:57:01 UTC,3661,8,66,,0,0,0,0,110
2021-08-09 12:57:01 UTC,3662,5,71,,0,0,0,0,110
2021-08-09 13:57:01 UTC,3663,10,81,,0,0,0,0,110
2021-08-09 14:57:01 UTC,3664,7,88,,0,0,0,0,110
2021-08-09 15:57:01 UTC,3665,5,93,,0,0,0,0,110
2021-08-09 16:57:01 UTC,3666,3,96,,0,0,0,0,110
2021-08-09 17:57:01 UTC,3667,2,98,,0,0,0,0,110
2021-08-09 18:57:01 UTC,3668,1,99,,3.9,0,0,0,110
2021-08-09 19:57:01 UTC,3669,1,100,,0,0,0,0,110
2021-08-09 20:57:01 UTC,3670,2,102,,3.9,0,0,0,110
2021-08-09 21:57:01 UTC,3671,,,102,,,,,
2021-08-09 22:57:01 UTC,3672,0,0,,0,0,0,0,102
2021-08-09 23:57:01 UTC,3673,0,0,,0,0,0,0,102
2021-08-10 00:57:01 UTC,3674,0,0,,0,0,0,0,102
2021-08-10 01:57:01 UTC,3675,0,0,,0,0,0,0,102
2021-08-10 02:57:01 UTC,3676,1,1,,3.9,0,0,0,102
2021-08-10 03:57:01 UTC,3677,1,2,,0,0,0,0,102
2021-08-10 04:57:01 UTC,3678,1,3,,0,0,0,0,102
2021-08-10 05:57:01 UTC,3679,5,8,,0,0,0,0,102
2021-08-10 06:57:01 UTC,3680,6,14,,3.9,0,0,0,102
2021-08-10 07:57:01 UTC,3681,13,28,,0,0,0,0,102
2021-08-10 08:57:01 UTC,3682,14,42,,0,0,0,0,102
2021-08-10 09:57:01 UTC,3683,17,59,,0,0,0,0,102
2021-08-10 10:57:01 UTC,3684,11,70,,0,0,0,0,102
2021-08-10 11:57:01 UTC,3685,13,83,,0,0,0,0,102
2021-08-10 12:57:01 UTC,3686,4,87,,0,0,0,0,102
2021-08-10 13:57:01 UTC,3687,4,91,,0,0,0,0,102
2021-08-10 14:57:01 UTC,3688,7,98,,0,0,0,0,102
2021-08-10 15:57:01 UTC,3689,5,103,,0,0,0,0,102
2021-08-10 16:57:01 UTC,3690,1,104,,0,0,0,0,102
2021-08-10 17:57:01 UTC,3691,2,106,,0,0,0,0,102
2021-08-10 18:57:01 UTC,3692,4,110,,3.9,0,0,0,102
2021-08-10 19:57:01 UTC,3693,5,115,,0,0,0,0,102
2021-08-10 20:57:01 UTC,3694,0,115,,3.9,0,0,0,102
2021-08-10 21:57:01 UTC,3695,,,115,,,,,
2021-08-10 22:57:01 UTC,3696,0,0,,0,0,0,0,116
2021-08-10 23:57:01 UTC,3697,2,2,,0,0,0,0,116
2021-08-11 00:57:01 UTC,3698,0,2,,0,0,0,0,116
2021-08-11 01:57:01 UTC,3699,0,2,,0,0,0,0,116
2021-08-11 02:57:01 UTC,3700,0,2,,3.9,0,0,0,116
2021-08-11 03:57:01 UTC,3701,1,3,,0,0,0,0,116
2021-08-11 04:57:01 UTC,3702,2,5,,0,0,0,0,116
2021-08-11 05:57:01 UTC,3703,8,13,,0,0,0,0,116
2021-08-11 06:57:01 UTC,3704,3,16,,3.9,0,0,0,116
2021-08-11 07:57:01 UTC,3705,2,18,,0,0,0,0,116
2021-08-11 08:57:01 UTC,3706,8,26,,0,0,0,0,116
2021-08-11 09:57:01 UTC,3707,9,35,,0,0,0,0,116
2021-08-11 10:57:01 UTC,3708,8,43,,0,0,0,0,116
2021-08-11 11:57:01 UTC,3709,2,45,,0,0,0,0,116
2021-08-11 12:57:01 UTC,3710,4,49,,0,0,0,0,116
2021-08-11 13:57:01 UTC,3711,6,55,,0,0,0,0,116
2021-08-11 14:57:01 UTC,3712,0,55,,0,0,0,0,116
2021-08-11 15:57:01 UTC,3713,2,57,,0,0,0,0,116
2021-08-11 16:57:01 UTC,3714,3,60,,0,0,0,0,116
2021-08-11 17:57:01 UTC,3715,3,63,,0,0,0,0,116
2021-08-11 18:57:01 UTC,3716,3,66,,0,0,0,0,116
2021-08-11 19:57:01 UTC,3717,3,69,,0,0,0,0,116
2021-08-11 20:57:01 UTC,3718,2,71,,3.9,0,0,0,116
2021-08-11 21:57:01 UTC,3719,,,71,,,,,
