created_at,entry_id,field1,field2,field3,field4,field5,field6,field7,field8
2021-07-01 00:57:01 UTC,2690,0,3,,0,0,0,0,223
2021-07-01 01:57:01 UTC,2691,0,3,,0,0,0,0,223
2021-07-01 02:57:01 UTC,2692,2,5,,4,0,0,0,223
2021-07-01 03:57:01 UTC,2693,2,7,,0,0,0,0,223
2021-07-01 04:57:01 UTC,2694,4,11,,0,0,0,0,223
2021-07-01 05:57:01 UTC,2695,13,24,,0,0,0,0,223
2021-07-01 06:57:01 UTC,2696,16,40,,4,0,0,0,223
2021-07-01 07:57:01 UTC,2697,38,78,,0,0,0,0,223
2021-07-01 08:57:01 UTC,2698,33,111,,0,0,0,0,223
2021-07-01 09:57:01 UTC,2699,28,139,,0,0,0,0,223
2021-07-01 10:57:01 UTC,2700,33,172,,0,0,0,0,223
2021-07-01 11:57:01 UTC,2701,18,190,,0,0,0,0,223
2021-07-01 12:57:01 UTC,2702,13,203,,0,0,0,0,223
2021-07-01 13:57:01 UTC,2703,14,217,,0,0,0,0,223
2021-07-01 14:57:01 UTC,2704,13,230,,0,0,0,0,223
2021-07-01 15:57:01 UTC,2705,7,237,,0,0,1,0,223
2021-07-01 16:57:01 UTC,2706,11,248,,0,0,1,0,223
2021-07-01 17:57:01 UTC,2707,21,269,,0,0,1,0,223
2021-07-01 18:57:01 UTC,2708,10,279,,0,0,1,0,223
2021-07-01 19:57:01 UTC,2709,8,287,,0,0,1,0,223
2021-07-01 20:57:01 UTC,2710,4,291,,4,0,1,0,223
2021-07-01 21:57:01 UTC,2711,,,291,,,,,
2021-07-01 22:57:01 UTC,2712,0,0,,0,0,0,0,296
2021-07-01 23:57:01 UTC,2713,0,0,,0,0,0,0,296
2021-07-02 00:57:01 UTC,2714,0,0,,0,0,0,0,296
2021-07-02 01:57:01 UTC,2715,0,0,,0,0,0,0,296
2021-07-02 02:57:01 UTC,2716,0,0,,4,0,0,0,296
2021-07-02 03:57:01 UTC,2717,5,5,,0,0,0,0,296
2021-07-02 04:57:01 UTC,2718,3,8,,0,0,0,0,296
2021-07-02 05:57:01 UTC,2719,8,16,,0,0,0,0,296
2021-07-02 06:57:01 UTC,2720,12,28,,3.9,0,0,0,296
2021-07-02 07:57:01 UTC,2721,37,66,,0,0,0,0,296
2021-07-02 08:57:01 UTC,2722,58,124,,0,0,0,0,296
2021-07-02 09:57:01 UTC,2723,27,151,,0,0,0,0,296
2021-07-02 10:57:01 UTC,2724,24,175,,0,0,0,0,296
2021-07-02 11:57:01 UTC,2725,20,195,,0,0,0,0,296
2021-07-02 12:57:01 UTC,2726,3,198,,0,0,0,0,296
2021-07-02 13:57:01 UTC,2727,6,204,,0,0,0,0,296
2021-07-02 14:57:01 UTC,2728,10,214,,0,0,0,0,296
2021-07-02 15:57:01 UTC,2729,6,220,,0,0,0,0,296
2021-07-02 16:57:01 UTC,2730,8,228,,0,0,0,0,296
2021-07-02 17:57:01 UTC,2731,12,240,,0,0,0,0,296
2021-07-02 18:57:01 UTC,2732,6,246,,0,0,0,0,296
2021-07-02 19:57:01 UTC,2733,4,250,,0,0,0,0,296
2021-07-02 20:57:01 UTC,2734,1,251,,4,0,0,0,296
2021-07-02 21:57:01 UTC,2735,,,251,,,,,
2021-07-02 22:57:01 UTC,2736,1,1,,0,0,0,0,257
2021-07-02 23:57:01 UTC,2737,1,2,,0,0,0,0,257
2021-07-03 00:57:01 UTC,2738,0,2,,0,0,0,0,257
2021-07-03 01:57:01 UTC,2739,1,3,,0,0,0,0,257
2021-07-03 02:57:01 UTC,2740,0,3,,4,0,0,0,257
2021-07-03 03:57:01 UTC,2741,2,5,,0,0,0,0,257
2021-07-03 04:57:01 UTC,2742,1,6,,0,0,0,0,257
2021-07-03 05:57:01 UTC,2743,7,13,,0,0,0,0,257
2021-07-03 06:57:01 UTC,2744,11,24,,4,0,0,0,257
2021-07-03 07:57:01 UTC,2745,14,38,,0,0,0,0,257
2021-07-03 08:57:01 UTC,2746,22,60,,0,0,0,0,257
2021-07-03 09:57:01 UTC,2747,44,104,,0,0,0,0,257
2021-07-03 10:57:01 UTC,2748,45,149,,0,0,0,0,257
2021-07-03 11:57:01 UTC,2749,18,167,,0,0,0,0,257
2021-07-03 12:57:01 UTC,2750,6,173,,0,0,0,0,257
2021-07-03 13:57:01 UTC,2751,12,185,,0,0,0,0,257
2021-07-03 14:57:01 UTC,2752,5,190,,0,0,0,0,257
2021-07-03 15:57:01 UTC,2753,6,196,,0,0,0,0,257
2021-07-03 16:57:01 UTC,2754,3,199,,0,0,0,0,257
2021-07-03 17:57:01 UTC,2755,8,207,,0,0,0,0,257
2021-07-03 18:57:01 UTC,2756,12,219,,0,0,0,0,257
2021-07-03 19:57:01 UTC,2757,5,224,,0,0,0,0,257
2021-07-03 20:57:01 UTC,2758,2,226,,4,0,0,0,257
2021-07-03 21:57:01 UTC,2759,,,226,,,,,
2021-07-03 22:57:01 UTC,2760,1,1,,0,0,0,0,228
2021-07-03 23:57:01 UTC,2761,0,1,,0,0,0,0,228
2021-07-04 00:57:01 UTC,2762,1,2,,0,0,0,0,228
2021-07-04 01:57:01 UTC,2763,0,2,,0,0,0,0,228
2021-07-04 02:57:01 UTC,2764,0,2,,4,0,0,0,228
2021-07-04 03:57:01 UTC,2765,1,3,,0,0,0,0,228
2021-07-04 04:57:01 UTC,2766,1,4,,0,0,0,0,228
2021-07-04 05:57:01 UTC,2767,9,13,,0,0,0,0,228
2021-07-04 06:57:01 UTC,2768,13,26,,4,0,0,0,228
2021-07-04 07:57:01 UTC,2769,23,49,,0,0,0,0,228
2021-07-04 08:57:01 UTC,2770,28,77,,0,0,0,0,228
2021-07-04 09:57:01 UTC,2771,15,92,,0,0,0,0,228
2021-07-04 10:57:01 UTC,2772,11,103,,0,0,0,0,228
2021-07-04 11:57:01 UTC,2773,9,112,,0,0,0,0,228
2021-07-04 12:57:01 UTC,2774,8,120,,0,0,0,0,228
2021-07-04 13:57:01 UTC,2775,9,129,,0,0,0,0,228
2021-07-04 14:57:01 UTC,2776,7,136,,0,0,0,0,228
2021-07-04 15:57:01 UTC,2777,9,145,,0,0,0,0,228
2021-07-04 16:57:01 UTC,2778,8,153,,0,0,0,0,228
2021-07-04 17:57:01 UTC,2779,12,165,,0,0,0,0,228
2021-07-04 18:57:01 UTC,2780,10,175,,0,0,0,0,228
2021-07-04 19:57:01 UTC,2781,9,184,,0,0,0,0,228
2021-07-04 20:57:01 UTC,2782,3,187,,4,0,0,0,228
2021-07-04 21:57:01 UTC,2783,,,187,,,,,
2021-07-04 22:57:01 UTC,2784,0,0,,0,0,0,0,189
2021-07-04 23:57:01 UTC,2785,0,0,,0,0,0,0,189
2021-07-05 00:57:01 UTC,2786,0,0,,0,0,0,0,189
2021-07-05 01:57:01 UTC,2787,0,0,,0,0,0,0,189
2021-07-05 02:57:01 UTC,2788,0,0,,4,0,0,0,189
2021-07-05 03:57:01 UTC,2789,2,2,,0,0,0,0,189
2021-07-05 04:57:01 UTC,2790,3,5,,0,0,0,0,189
2021-07-05 05:57:01 UTC,2791,14,19,,0,0,0,0,189
2021-07-05 06:57:01 UTC,2792,30,49,,4,0,0,0,189
2021-07-05 07:57:01 UTC,2793,25,74,,0,0,0,0,189
2021-07-05 08:57:01 UTC,2794,31,105,,0,0,0,0,189
2021-07-05 09:57:01 UTC,2795,12,117,,0,0,0,0,189
2021-07-05 10:57:01 UTC,2796,29,146,,0,0,0,0,189
2021-07-05 11:57:01 UTC,2797,14,160,,0,0,0,0,189
2021-07-05 12:57:01 UTC,2798,10,170,,0,0,0,0,189
2021-07-05 13:57:01 UTC,2799,2,172,,0,0,0,0,189
2021-07-05 14:57:01 UTC,2800,6,178,,0,0,0,0,189
2021-07-05 15:57:01 UTC,2801,4,182,,0,0,0,0,189
2021-07-05 16:57:01 UTC,2802,6,188,,0,0,0,0,189
2021-07-05 17:57:01 UTC,2803,13,201,,0,0,0,0,189
2021-07-05 18:57:01 UTC,2804,3,204,,0,0,0,0,189
2021-07-05 19:57:01 UTC,2805,2,206,,0,0,0,0,189
2021-07-05 20:57:01 UTC,2806,3,209,,4,0,0,0,189
2021-07-05 21:57:01 UTC,2807,,,209,,,,,
2021-07-05 22:57:01 UTC,2808,1,1,,0,0,0,0,210
2021-07-05 23:57:01 UTC,2809,0,1,,0,0,0,0,210
2021-07-06 00:57:01 UTC,2810,0,1,,0,0,0,0,210
2021-07-06 01:57:01 UTC,2811,0,1,,0,0,0,0,210
2021-07-06 02:57:01 UTC,2812,0,1,,4,0,0,0,210
2021-07-06 03:57:01 UTC,2813,4,5,,0,0,0,0,210
2021-07-06 04:57:01 UTC,2814,1,6,,0,0,0,0,210
2021-07-06 05:57:01 UTC,2815,11,17,,0,0,0,0,210
2021-07-06 06:57:01 UTC,2816,27,44,,4,0,0,0,210
2021-07-06 07:57:01 UTC,2817,31,75,,0,0,0,0,210
2021-07-06 08:57:01 UTC,2818,18,93,,0,0,0,0,210
2021-07-06 09:57:01 UTC,2819,20,113,,0,0,0,0,210
2021-07-06 10:57:01 UTC,2820,14,127,,0,0,0,0,210
2021-07-06 11:57:01 UTC,2821,7,134,,0,0,0,0,210
2021-07-06 12:57:01 UTC,2822,6,140,,0,0,0,0,210
2021-07-06 13:57:01 UTC,2823,14,154,,0,0,0,0,210
2021-07-06 14:57:01 UTC,2824,4,158,,0,0,0,0,210
2021-07-06 15:57:01 UTC,2825,3,161,,0,0,0,0,210
2021-07-06 16:57:01 UTC,2826,2,163,,0,0,0,0,210
2021-07-06 17:57:01 UTC,2827,12,175,,0,0,0,0,210
2021-07-06 18:57:01 UTC,2828,6,181,,0,0,0,0,210
2021-07-06 19:57:01 UTC,2829,6,187,,0,0,0,0,210
2021-07-06 20:57:01 UTC,2830,1,188,,4,0,0,0,210
2021-07-06 21:57:01 UTC,2831,,,188,,,,,
2021-07-06 22:56:01 UTC,2873,0,0,,0,0,0,0,0
2021-07-06 22:57:01 UTC,2832,2,2,,0,0,0,0,189
2021-07-06 23:56:01 UTC,2874,0,0,,0,0,0,0,0
2021-07-06 23:57:01 UTC,2833,0,2,,0,0,0,0,189
2021-07-07 00:56:01 UTC,2875,0,0,,0,0,0,0,0
2021-07-07 00:57:01 UTC,2834,0,2,,0,0,0,0,189
2021-07-07 01:56:01 UTC,2876,0,0,,0,0,0,0,0
2021-07-07 01:57:01 UTC,2835,0,2,,0,0,0,0,189
2021-07-07 02:56:01 UTC,2877,0,0,,0,0,0,0,0
2021-07-07 02:57:01 UTC,2836,0,2,,4,0,0,0,189
2021-07-07 03:56:01 UTC,2878,0,0,,0,0,0,0,0
2021-07-07 03:57:01 UTC,2837,3,5,,0,0,0,0,189
2021-07-07 04:56:01 UTC,2879,0,0,,0,0,0,0,0
2021-07-07 04:57:01 UTC,2838,0,5,,0,0,0,0,189
2021-07-07 05:56:01 UTC,2880,0,0,,0,0,0,0,0
2021-07-07 05:57:01 UTC,2839,13,18,,0,0,0,0,189
2021-07-07 06:56:01 UTC,2881,0,0,,0,0,0,0,0
2021-07-07 06:57:01 UTC,2840,19,37,,4,0,0,0,189
2021-07-07 07:56:01 UTC,2882,0,0,,0,0,0,0,0
2021-07-07 07:57:01 UTC,2841,23,60,,0,0,0,0,189
2021-07-07 08:56:01 UTC,2883,0,0,,0,0,0,0,0
2021-07-07 08:57:01 UTC,2842,25,85,,0,0,0,0,189
2021-07-07 09:56:01 UTC,2884,0,0,,0,0,0,0,0
2021-07-07 09:57:01 UTC,2843,11,96,,0,0,0,0,189
2021-07-07 10:56:01 UTC,2885,0,0,,0,0,0,0,0
2021-07-07 10:57:01 UTC,2844,15,111,,0,0,0,0,189
2021-07-07 11:56:01 UTC,2886,0,0,,0,0,0,0,0
2021-07-07 11:57:01 UTC,2845,15,126,,0,0,0,0,189
2021-07-07 12:56:01 UTC,2887,0,0,,0,0,0,0,0
2021-07-07 12:57:01 UTC,2846,10,136,,0,0,0,0,189
2021-07-07 13:56:01 UTC,2888,0,0,,0,0,0,0,0
2021-07-07 13:57:01 UTC,2847,9,145,,0,0,0,0,189
2021-07-07 14:56:01 UTC,2889,0,0,,0,0,0,0,0
2021-07-07 14:57:01 UTC,2848,6,151,,0,0,0,0,189
2021-07-07 15:56:01 UTC,2890,0,0,,0,0,0,0,0
2021-07-07 15:57:01 UTC,2849,10,161,,0,0,0,0,189
2021-07-07 16:56:01 UTC,2891,0,0,,4,0,0,0,0
2021-07-07 16:57:01 UTC,2850,11,172,,0,0,0,0,189
2021-07-07 17:56:01 UTC,2892,0,0,,0,0,0,0,0
2021-07-07 17:57:01 UTC,2851,13,185,,0,0,0,0,189
2021-07-07 18:56:01 UTC,2893,0,0,,0,0,0,0,0
2021-07-07 18:57:01 UTC,2852,9,194,,0,0,0,0,189
2021-07-07 19:56:01 UTC,2894,0,0,,0,0,0,0,0
2021-07-07 19:57:01 UTC,2853,3,197,,0,0,0,0,189
2021-07-07 20:56:01 UTC,2895,0,0,,0,0,0,0,0
2021-07-07 20:57:01 UTC,2854,1,198,,4,0,0,0,189
2021-07-07 21:56:01 UTC,2896,0,0,0,0,0,0,0,0
2021-07-07 21:57:01 UTC,2855,,,198,,,,,
2021-07-07 22:57:01 UTC,2856,1,1,,0,0,0,0,198
2021-07-07 23:57:01 UTC,2857,1,2,,0,0,0,0,198
2021-07-08 00:57:01 UTC,2858,1,3,,0,0,0,0,198
2021-07-08 01:57:01 UTC,2859,0,3,,0,0,0,0,198
2021-07-08 02:57:01 UTC,2860,0,3,,4,0,0,0,198
2021-07-08 03:57:01 UTC,2861,1,4,,0,0,0,0,198
2021-07-08 04:57:01 UTC,2862,2,6,,0,0,0,0,198
2021-07-08 05:57:01 UTC,2863,5,11,,0,0,0,0,198
2021-07-08 06:57:01 UTC,2864,12,23,,4,0,0,0,198
2021-07-08 07:57:01 UTC,2865,25,48,,0,0,0,0,198
2021-07-08 08:57:01 UTC,2866,28,76,,0,0,0,0,198
2021-07-08 09:57:01 UTC,2867,17,93,,0,0,0,0,198
2021-07-08 10:57:01 UTC,2868,9,102,,0,0,0,0,198
2021-07-08 11:57:01 UTC,2869,8,110,,0,0,0,0,198
2021-07-08 12:57:01 UTC,2870,7,117,,0,0,0,0,198
2021-07-08 13:57:01 UTC,2871,5,122,,0,0,0,0,198
2021-07-08 14:57:01 UTC,2872,13,135,,0,0,0,0,198
2021-07-08 15:57:01 UTC,2897,0,0,,0,0,0,0,0
2021-07-08 16:57:01 UTC,2898,0,0,,0,0,0,0,0
2021-07-08 17:57:01 UTC,2899,0,0,,0,0,0,0,0
2021-07-08 18:57:01 UTC,2900,68,68,,3.9,0,0,0,0
2021-07-08 19:57:01 UTC,2901,5,73,,0,0,0,0,0
2021-07-08 20:57:01 UTC,2902,2,75,,3.9,0,0,0,0
2021-07-08 21:57:01 UTC,2903,,,75,,,,,
