created_at,entry_id,field1,field2,field3,field4,field5,field6,field7,field8
2021-11-01 00:57:01 UTC,5662,3,6,,0,0,0,0,298
2021-11-01 01:57:01 UTC,5663,1,7,,0,0,0,0,298
2021-11-01 02:57:01 UTC,5664,0,7,,0,0,0,0,298
2021-11-01 03:57:01 UTC,5665,1,8,,3.7,0,0,0,298
2021-11-01 04:57:01 UTC,5666,0,8,,0,0,0,0,298
2021-11-01 05:57:01 UTC,5667,2,10,,0,0,0,0,298
2021-11-01 06:57:01 UTC,5668,7,17,,0,0,0,0,298
2021-11-01 07:57:01 UTC,5669,9,26,,3.7,0,0,0,298
2021-11-01 08:57:01 UTC,5670,15,41,,0,0,0,0,298
2021-11-01 09:57:01 UTC,5671,18,59,,0,0,0,0,298
2021-11-01 10:57:01 UTC,5672,8,67,,0,0,0,0,298
2021-11-01 11:57:01 UTC,5673,10,77,,3.7,0,0,0,298
2021-11-01 12:57:01 UTC,5674,11,90,,0,0,0,0,298
2021-11-01 13:57:01 UTC,5675,9,99,,0,0,0,0,298
2021-11-01 14:57:01 UTC,5676,9,108,,0,0,0,0,298
2021-11-01 15:57:01 UTC,5677,6,114,,3.7,0,0,0,298
2021-11-01 16:57:01 UTC,5678,4,118,,0,0,0,0,298
2021-11-01 17:57:01 UTC,5679,3,121,,0,0,0,0,298
2021-11-01 18:57:01 UTC,5680,0,121,,0,0,0,0,298
2021-11-01 19:57:01 UTC,5681,0,121,,3.8,0,0,0,298
2021-11-01 20:57:01 UTC,5682,0,121,,0,0,0,0,298
2021-11-01 21:57:01 UTC,5683,0,121,,3.7,0,0,0,298
2021-11-01 22:57:01 UTC,5684,,,121,,,,,
2021-11-01 23:57:01 UTC,5685,0,0,,0,0,0,0,121
2021-11-02 00:57:01 UTC,5686,0,0,,0,0,0,0,121
2021-11-02 01:57:01 UTC,5687,0,0,,0,0,0,0,121
2021-11-02 02:57:01 UTC,5688,0,0,,0,0,0,0,121
2021-11-02 03:57:01 UTC,5689,0,0,,3.7,0,0,0,121
2021-11-02 04:57:01 UTC,5690,1,1,,0,0,0,0,121
2021-11-02 05:57:01 UTC,5691,2,3,,0,0,0,0,121
2021-11-02 06:57:01 UTC,5692,12,15,,0,0,0,0,121
2021-11-02 07:57:01 UTC,5693,27,42,,3.7,0,0,0,121
2021-11-02 08:57:01 UTC,5694,38,87,,0,0,0,0,121
2021-11-02 09:57:01 UTC,5695,41,128,,0,0,0,0,121
2021-11-02 10:57:01 UTC,5696,44,172,,0,0,0,0,121
2021-11-02 11:57:01 UTC,5697,36,208,,3.7,0,0,0,121
2021-11-02 12:57:01 UTC,5698,21,232,,0,0,1,1,121
2021-11-02 13:57:01 UTC,5699,47,279,,0,0,1,1,121
2021-11-02 14:57:01 UTC,5700,22,301,,0,0,1,1,121
2021-11-02 15:57:01 UTC,5701,37,338,,3.7,0,1,1,121
2021-11-02 16:57:01 UTC,5702,20,359,,0,0,1,1,121
2021-11-02 17:57:01 UTC,5703,20,379,,0,0,1,1,121
2021-11-02 18:57:01 UTC,5704,27,406,,0,0,1,1,121
2021-11-02 19:57:01 UTC,5705,11,417,,3.7,0,1,1,121
2021-11-02 20:57:01 UTC,5706,6,423,,0,0,1,1,121
2021-11-02 21:57:01 UTC,5707,5,428,,3.7,0,1,1,121
2021-11-02 22:57:01 UTC,5708,,,428,,,,,
2021-11-02 23:57:01 UTC,5709,0,0,,0,0,0,0,430
2021-11-03 00:57:01 UTC,5710,0,0,,0,0,0,0,430
2021-11-03 01:57:01 UTC,5711,0,0,,0,0,0,0,430
2021-11-03 02:57:01 UTC,5712,0,0,,0,0,0,0,430
2021-11-03 03:57:01 UTC,5713,0,0,,3.7,0,0,0,430
2021-11-03 04:57:01 UTC,5714,0,0,,0,0,0,0,430
2021-11-03 05:57:01 UTC,5715,2,2,,0,0,0,0,430
2021-11-03 06:57:01 UTC,5716,23,25,,0,0,0,0,430
2021-11-03 07:57:01 UTC,5717,32,57,,3.7,0,0,0,430
2021-11-03 08:57:01 UTC,5718,10,68,,0,0,0,0,430
2021-11-03 09:57:01 UTC,5719,2,70,,0,0,0,0,430
2021-11-03 10:57:01 UTC,5720,12,82,,0,0,0,0,430
2021-11-03 11:57:01 UTC,5721,10,92,,3.8,0,0,0,430
2021-11-03 12:57:01 UTC,5722,6,98,,0,0,0,0,430
2021-11-03 13:57:01 UTC,5723,6,104,,0,0,0,0,430
2021-11-03 14:57:01 UTC,5724,3,107,,0,0,0,0,430
2021-11-03 15:57:01 UTC,5725,3,110,,3.7,0,0,0,430
2021-11-03 16:57:01 UTC,5726,11,121,,0,0,0,0,430
2021-11-03 17:57:01 UTC,5727,11,132,,0,0,0,0,430
2021-11-03 18:57:01 UTC,5728,7,139,,0,0,0,0,430
2021-11-03 19:57:01 UTC,5729,3,142,,3.7,0,0,0,430
2021-11-03 20:57:01 UTC,5730,1,143,,0,0,0,0,430
2021-11-03 21:57:01 UTC,5731,1,144,,3.7,0,0,0,430
2021-11-03 22:57:01 UTC,5732,,,144,,,,,
2021-11-03 23:57:01 UTC,5733,0,0,,0,0,0,0,144
2021-11-04 00:57:01 UTC,5734,0,0,,0,0,0,0,144
2021-11-04 01:57:01 UTC,5735,0,0,,0,0,0,0,144
2021-11-04 02:57:01 UTC,5736,0,0,,0,0,0,0,144
2021-11-04 03:57:01 UTC,5737,0,0,,3.7,0,0,0,144
2021-11-04 04:57:01 UTC,5738,1,1,,0,0,0,0,144
2021-11-04 05:57:01 UTC,5739,2,3,,0,0,0,0,144
2021-11-04 06:57:01 UTC,5740,18,21,,0,0,0,0,144
2021-11-04 07:57:01 UTC,5741,32,53,,3.7,0,0,0,144
2021-11-04 08:57:01 UTC,5742,29,88,,0,0,0,0,144
2021-11-04 09:57:01 UTC,5743,25,113,,0,0,0,0,144
2021-11-04 10:57:01 UTC,5744,24,137,,0,0,0,0,144
2021-11-04 11:57:01 UTC,5745,20,157,,3.7,0,0,0,144
2021-11-04 12:57:01 UTC,5746,20,177,,0,0,0,0,144
2021-11-04 13:57:01 UTC,5747,19,196,,0,0,0,0,144
2021-11-04 14:57:01 UTC,5748,30,226,,0,0,0,0,144
2021-11-04 15:57:01 UTC,5749,19,245,,3.7,0,0,0,144
2021-11-04 16:57:01 UTC,5750,22,267,,0,0,0,0,144
2021-11-04 17:57:01 UTC,5751,14,281,,0,0,0,0,144
2021-11-04 18:57:01 UTC,5752,14,295,,0,0,0,0,144
2021-11-04 19:57:01 UTC,5753,11,306,,3.7,0,0,0,144
2021-11-04 20:57:01 UTC,5754,6,312,,0,0,0,0,144
2021-11-04 21:57:01 UTC,5755,1,313,,3.7,0,0,0,144
2021-11-04 22:57:01 UTC,5756,,,313,,,,,
2021-11-04 23:57:01 UTC,5757,2,2,,0,0,0,0,318
2021-11-05 00:57:01 UTC,5758,2,4,,0,0,0,0,318
2021-11-05 01:57:01 UTC,5759,0,4,,0,0,0,0,318
2021-11-05 02:57:01 UTC,5760,0,4,,0,0,0,0,318
2021-11-05 03:57:01 UTC,5761,0,4,,3.7,0,0,0,318
2021-11-05 04:57:01 UTC,5762,1,5,,0,0,0,0,318
2021-11-05 05:57:01 UTC,5763,2,7,,0,0,0,0,318
2021-11-05 06:57:01 UTC,5764,16,23,,0,0,0,0,318
2021-11-05 07:57:01 UTC,5765,22,45,,3.7,0,0,0,318
2021-11-05 08:57:01 UTC,5766,19,71,,0,0,0,0,318
2021-11-05 09:57:01 UTC,5767,21,92,,0,0,0,0,318
2021-11-05 10:57:01 UTC,5768,21,113,,0,0,0,0,318
2021-11-05 11:57:01 UTC,5769,21,134,,3.8,0,0,0,318
2021-11-05 12:57:01 UTC,5770,20,156,,0,0,0,0,318
2021-11-05 13:57:01 UTC,5771,11,167,,0,0,0,0,318
2021-11-05 14:57:01 UTC,5772,19,186,,0,0,0,0,318
2021-11-05 15:57:01 UTC,5773,13,199,,3.7,0,0,0,318
2021-11-05 16:57:01 UTC,5774,21,221,,0,0,0,0,318
2021-11-05 17:57:01 UTC,5775,12,233,,0,0,0,0,318
2021-11-05 18:57:01 UTC,5776,20,253,,0,0,0,0,318
2021-11-05 19:57:01 UTC,5777,2,255,,3.7,0,0,0,318
2021-11-05 20:57:01 UTC,5778,6,261,,0,0,0,0,318
2021-11-05 21:57:01 UTC,5779,7,268,,3.7,0,0,0,318
2021-11-05 22:57:01 UTC,5780,,,268,,,,,
2021-11-05 23:57:01 UTC,5781,3,3,,0,0,0,0,269
2021-11-06 00:57:01 UTC,5782,0,3,,0,0,0,0,269
2021-11-06 01:57:01 UTC,5783,1,4,,0,0,0,0,269
2021-11-06 02:57:01 UTC,5784,0,4,,0,0,0,0,269
2021-11-06 03:57:01 UTC,5785,0,4,,3.7,0,0,0,269
2021-11-06 04:57:01 UTC,5786,1,5,,0,0,0,0,269
2021-11-06 05:57:01 UTC,5787,2,7,,0,0,0,0,269
2021-11-06 06:57:01 UTC,5788,8,15,,0,0,0,0,269
2021-11-06 07:57:01 UTC,5789,18,33,,3.7,0,0,0,269
2021-11-06 08:57:01 UTC,5790,18,54,,0,0,0,0,269
2021-11-06 09:57:01 UTC,5791,28,82,,0,0,0,0,269
2021-11-06 10:57:01 UTC,5792,44,126,,0,0,0,0,269
2021-11-06 11:57:01 UTC,5793,61,187,,3.7,0,0,0,269
2021-11-06 12:57:01 UTC,5794,21,208,,0,0,0,0,269
2021-11-06 13:57:01 UTC,5795,11,219,,0,0,0,0,269
2021-11-06 14:57:01 UTC,5796,14,233,,0,0,0,0,269
2021-11-06 15:57:01 UTC,5797,15,248,,3.7,0,0,0,269
2021-11-06 16:57:01 UTC,5798,7,256,,0,0,0,0,269
2021-11-06 17:57:01 UTC,5799,3,259,,0,0,0,0,269
2021-11-06 18:57:01 UTC,5800,0,259,,0,0,0,0,269
2021-11-06 19:57:01 UTC,5801,3,262,,3.7,0,0,0,269
2021-11-06 20:57:01 UTC,5802,1,263,,0,0,0,0,269
2021-11-06 21:57:01 UTC,5803,3,266,,3.7,0,0,0,269
2021-11-06 22:57:01 UTC,5804,,,266,,,,,
2021-11-06 23:57:01 UTC,5805,1,1,,0,0,0,0,267
2021-11-07 00:57:01 UTC,5806,1,2,,0,0,0,0,267
2021-11-07 01:57:01 UTC,5807,0,2,,0,0,0,0,267
2021-11-07 02:57:01 UTC,5808,0,2,,0,0,0,0,267
2021-11-07 03:57:01 UTC,5809,0,2,,3.7,0,0,0,267
2021-11-07 04:57:01 UTC,5810,0,2,,0,0,0,0,267
2021-11-07 05:57:01 UTC,5811,1,3,,0,0,0,0,267
2021-11-07 06:57:01 UTC,5812,6,9,,0,0,0,0,267
2021-11-07 07:57:01 UTC,5813,15,24,,3.7,0,0,0,267
2021-11-07 08:57:01 UTC,5814,19,43,,0,0,0,0,267
2021-11-07 09:57:01 UTC,5815,49,92,,0,0,0,0,267
2021-11-07 10:57:01 UTC,5816,45,137,,0,0,0,0,267
2021-11-07 11:57:01 UTC,5817,35,172,,3.7,0,0,0,267
2021-11-07 12:57:01 UTC,5818,18,193,,0,0,0,0,267
2021-11-07 13:57:01 UTC,5819,17,210,,0,0,0,0,267
2021-11-07 14:57:01 UTC,5820,24,234,,0,0,0,0,267
2021-11-07 15:57:01 UTC,5821,16,250,,3.7,0,0,0,267
2021-11-07 16:57:01 UTC,5822,21,274,,0,0,0,0,267
2021-11-07 17:57:01 UTC,5823,12,286,,0,0,0,0,267
2021-11-07 18:57:01 UTC,5824,8,294,,0,0,0,0,267
2021-11-07 19:57:01 UTC,5825,10,304,,3.7,0,0,0,267
2021-11-07 20:57:01 UTC,5826,5,309,,0,0,0,0,267
2021-11-07 21:57:01 UTC,5827,3,312,,3.7,0,0,0,267
2021-11-07 22:57:01 UTC,5828,,,312,,,,,
2021-11-07 23:57:01 UTC,5829,0,0,,0,0,0,0,316
2021-11-08 00:57:01 UTC,5830,0,0,,0,0,0,0,316
2021-11-08 01:57:01 UTC,5831,0,0,,0,0,0,0,316
2021-11-08 02:57:01 UTC,5832,0,0,,0,0,0,0,316
2021-11-08 03:57:01 UTC,5833,0,0,,3.7,0,0,0,316
2021-11-08 04:57:01 UTC,5834,0,0,,0,0,0,0,316
2021-11-08 05:57:01 UTC,5835,4,4,,0,0,0,0,316
2021-11-08 06:57:01 UTC,5836,19,23,,0,0,0,0,316
2021-11-08 07:57:01 UTC,5837,31,54,,3.7,0,0,0,316
2021-11-08 08:57:01 UTC,5838,81,137,,0,0,0,0,316
2021-11-08 09:57:01 UTC,5839,20,157,,0,0,0,0,316
2021-11-08 10:57:01 UTC,5840,21,178,,0,0,0,0,316
2021-11-08 11:57:01 UTC,5841,11,189,,3.7,0,0,0,316
2021-11-08 12:57:01 UTC,5842,0,189,,0,0,0,0,316
2021-11-08 13:57:01 UTC,5843,0,189,,0,0,0,0,316
2021-11-08 14:57:01 UTC,5844,11,200,,0,0,0,0,316
2021-11-08 15:57:01 UTC,5845,9,209,,3.7,0,0,0,316
2021-11-08 16:57:01 UTC,5846,25,234,,0,0,0,0,316
2021-11-08 17:57:01 UTC,5847,15,249,,0,0,0,0,316
2021-11-08 18:57:01 UTC,5848,10,259,,0,0,0,0,316
2021-11-08 19:57:01 UTC,5849,8,267,,3.7,0,0,0,316
2021-11-08 20:57:01 UTC,5850,8,275,,0,0,0,0,316
2021-11-08 21:57:01 UTC,5851,23,298,,3.7,0,0,0,316
2021-11-08 22:57:01 UTC,5852,,,298,,,,,
2021-11-08 23:57:01 UTC,5853,0,0,,0,0,0,0,300
2021-11-09 00:57:01 UTC,5854,0,0,,0,0,0,0,300
2021-11-09 01:57:01 UTC,5855,0,0,,0,0,0,0,300
2021-11-09 02:57:01 UTC,5856,0,0,,0,0,0,0,300
2021-11-09 03:57:01 UTC,5857,0,0,,3.7,0,0,0,300
2021-11-09 04:57:01 UTC,5858,0,0,,0,0,0,0,300
2021-11-09 05:57:01 UTC,5859,4,4,,0,0,0,0,300
2021-11-09 06:57:01 UTC,5860,13,17,,0,0,0,0,300
2021-11-09 07:57:01 UTC,5861,29,46,,3.7,0,0,0,300
2021-11-09 08:57:01 UTC,5862,19,69,,0,0,0,0,300
2021-11-09 09:57:01 UTC,5863,34,103,,0,0,0,0,300
2021-11-09 10:57:01 UTC,5864,26,129,,0,0,0,0,300
2021-11-09 11:57:01 UTC,5865,25,154,,3.7,0,0,0,300
2021-11-09 12:57:01 UTC,5866,22,177,,0,0,0,0,300
2021-11-09 13:57:01 UTC,5867,17,194,,0,0,0,0,300
2021-11-09 14:57:01 UTC,5868,17,211,,0,0,0,0,300
2021-11-09 15:57:01 UTC,5869,22,233,,3.7,0,0,0,300
2021-11-09 16:57:01 UTC,5870,28,261,,0,0,0,0,300
2021-11-09 17:57:01 UTC,5871,22,283,,0,0,0,0,300
2021-11-09 18:57:01 UTC,5872,8,291,,0,0,0,0,300
2021-11-09 19:57:01 UTC,5873,4,295,,3.7,0,0,0,300
2021-11-09 20:57:01 UTC,5874,3,298,,0,0,0,0,300
2021-11-09 21:57:01 UTC,5875,2,300,,3.7,0,0,0,300
2021-11-09 22:57:01 UTC,5876,,,300,,,,,
2021-11-09 23:57:01 UTC,5877,0,0,,0,0,0,0,304
2021-11-10 00:57:01 UTC,5878,2,2,,0,0,0,0,304
2021-11-10 01:57:01 UTC,5879,0,2,,0,0,0,0,304
2021-11-10 02:57:01 UTC,5880,0,2,,0,0,0,0,304
2021-11-10 03:57:01 UTC,5881,0,2,,3.8,0,0,0,304
2021-11-10 04:57:01 UTC,5882,0,2,,0,0,0,0,304
2021-11-10 05:57:01 UTC,5883,3,5,,0,0,0,0,304
2021-11-10 06:57:01 UTC,5884,23,28,,0,0,0,0,304
2021-11-10 07:57:01 UTC,5885,38,66,,3.7,0,0,0,304
2021-11-10 08:57:01 UTC,5886,44,113,,0,0,0,0,304
2021-11-10 09:57:01 UTC,5887,25,138,,0,0,0,0,304
2021-11-10 10:57:01 UTC,5888,30,168,,0,0,0,0,304
2021-11-10 11:57:01 UTC,5889,37,205,,3.7,0,0,0,304
2021-11-10 12:57:01 UTC,5890,18,226,,0,0,0,0,304
2021-11-10 13:57:01 UTC,5891,29,255,,0,0,0,0,304
2021-11-10 14:57:01 UTC,5892,36,291,,0,0,0,0,304
2021-11-10 15:57:01 UTC,5893,11,302,,3.8,0,0,0,304
2021-11-10 16:57:01 UTC,5894,5,307,,0,0,0,0,304
2021-11-10 17:57:01 UTC,5895,34,341,,0,0,0,0,304
2021-11-10 18:57:01 UTC,5896,5,346,,0,0,0,0,304
2021-11-10 19:57:01 UTC,5897,1,347,,3.7,0,0,0,304
2021-11-10 20:57:01 UTC,5898,4,351,,0,0,0,0,304
2021-11-10 21:57:01 UTC,5899,2,353,,3.7,0,0,0,304
2021-11-10 22:57:01 UTC,5900,,,353,,,,,
2021-11-10 23:57:01 UTC,5901,1,1,,0,0,0,0,354
2021-11-11 00:57:01 UTC,5902,0,1,,0,0,0,0,354
2021-11-11 01:57:01 UTC,5903,0,1,,0,0,0,0,354
2021-11-11 02:57:01 UTC,5904,0,1,,0,0,0,0,354
2021-11-11 03:57:01 UTC,5905,0,1,,3.7,0,0,0,354
2021-11-11 04:57:01 UTC,5906,0,1,,0,0,0,0,354
2021-11-11 05:57:01 UTC,5907,0,1,,0,0,0,0,354
2021-11-11 06:57:01 UTC,5908,4,5,,0,0,0,0,354
2021-11-11 07:57:01 UTC,5909,6,11,,3.7,0,0,0,354
2021-11-11 08:57:01 UTC,5910,25,36,,0,0,0,0,354
2021-11-11 09:57:01 UTC,5911,16,52,,0,0,0,0,354
2021-11-11 10:57:01 UTC,5912,21,73,,0,0,0,0,354
2021-11-11 11:57:01 UTC,5913,14,87,,3.7,0,0,0,354
2021-11-11 12:57:01 UTC,5914,10,98,,0,0,1,0,354
2021-11-11 13:57:01 UTC,5915,4,102,,0,0,1,0,354
2021-11-11 14:57:01 UTC,5916,8,110,,0,0,1,0,354
2021-11-11 15:57:01 UTC,5917,12,122,,3.7,0,1,0,354
2021-11-11 16:57:01 UTC,5918,16,139,,0,0,1,0,354
2021-11-11 17:57:01 UTC,5919,23,162,,0,0,1,0,354
2021-11-11 18:57:01 UTC,5920,13,175,,0,0,1,0,354
2021-11-11 19:57:01 UTC,5921,7,182,,3.7,0,1,0,354
2021-11-11 20:57:01 UTC,5922,10,193,,0,0,1,0,354
2021-11-11 21:57:01 UTC,5923,7,200,,3.7,0,1,0,354
2021-11-11 22:57:01 UTC,5924,,,200,,,,,
2021-11-11 23:57:01 UTC,5925,0,0,,0,0,0,0,203
2021-11-12 00:57:01 UTC,5926,0,0,,0,0,0,0,203
2021-11-12 01:57:01 UTC,5927,2,2,,0,0,0,0,203
2021-11-12 02:57:01 UTC,5928,0,2,,0,0,0,0,203
2021-11-12 03:57:01 UTC,5929,0,2,,3.7,0,0,0,203
2021-11-12 04:57:01 UTC,5930,0,2,,0,0,0,0,203
2021-11-12 05:57:01 UTC,5931,1,3,,0,0,0,0,203
2021-11-12 06:57:01 UTC,5932,16,19,,0,0,0,0,203
2021-11-12 07:57:01 UTC,5933,36,55,,3.7,0,0,0,203
2021-11-12 08:57:01 UTC,5934,28,84,,0,0,0,0,203
2021-11-12 09:57:01 UTC,5935,21,105,,0,0,0,0,203
2021-11-12 10:57:01 UTC,5936,25,130,,0,0,0,0,203
2021-11-12 11:57:01 UTC,5937,23,153,,3.8,0,0,0,203
2021-11-12 12:57:01 UTC,5938,15,169,,0,0,0,0,203
2021-11-12 13:57:01 UTC,5939,16,185,,0,0,0,0,203
2021-11-12 14:57:01 UTC,5940,14,199,,0,0,0,0,203
2021-11-12 15:57:01 UTC,5941,28,227,,3.7,0,0,0,203
2021-11-12 16:57:01 UTC,5942,25,252,,0,0,0,0,203
2021-11-12 17:57:01 UTC,5943,19,271,,0,0,0,0,203
2021-11-12 18:57:01 UTC,5944,24,295,,0,0,0,0,203
2021-11-12 19:57:01 UTC,5945,6,301,,3.8,0,0,0,203
2021-11-12 20:57:01 UTC,5946,5,306,,0,0,0,0,203
2021-11-12 21:57:01 UTC,5947,3,309,,3.7,0,0,0,203
2021-11-12 22:57:01 UTC,5948,,,309,,,,,
