created_at,entry_id,field1,field2,field3,field4,field5,field6,field7,field8
2022-03-01 00:57:01 UTC,8485,0,2,,0,0,0,0,379
2022-03-01 01:57:01 UTC,8486,0,2,,0,0,0,0,379
2022-03-01 02:57:01 UTC,8487,0,2,,0,0,0,0,379
2022-03-01 03:57:01 UTC,8488,0,2,,3.7,0,0,0,379
2022-03-01 04:57:01 UTC,8489,2,4,,0,0,0,0,379
2022-03-01 05:57:01 UTC,8490,5,9,,0,0,0,0,379
2022-03-01 06:57:01 UTC,8491,13,22,,0,0,0,0,379
2022-03-01 07:57:01 UTC,8492,22,44,,3.7,0,0,0,379
2022-03-01 08:57:01 UTC,8493,22,70,,0,0,0,0,379
2022-03-01 09:57:01 UTC,8494,37,107,,0,0,0,0,379
2022-03-01 10:57:01 UTC,8495,23,130,,0,0,0,0,379
2022-03-01 11:57:01 UTC,8496,16,146,,3.8,0,0,0,379
2022-03-01 12:57:01 UTC,8497,28,174,,0,0,0,0,379
2022-03-01 13:57:01 UTC,8498,21,195,,0,0,0,0,379
2022-03-01 14:57:01 UTC,8499,18,213,,0,0,0,0,379
2022-03-01 15:57:01 UTC,8500,14,227,,3.8,0,0,0,379
2022-03-01 16:57:01 UTC,8501,22,249,,0,0,0,0,379
2022-03-01 17:57:01 UTC,8502,12,261,,0,0,0,0,379
2022-03-01 18:57:01 UTC,8503,16,277,,0,0,0,0,379
2022-03-01 19:57:01 UTC,8504,17,294,,3.7,0,0,0,379
2022-03-01 20:57:01 UTC,8505,8,302,,0,0,0,0,379
2022-03-01 21:57:01 UTC,8506,2,304,,3.7,0,0,0,379
2022-03-01 22:57:01 UTC,8507,,,304,,,,,
2022-03-01 23:57:01 UTC,8508,1,1,,0,0,0,0,309
2022-03-02 00:57:01 UTC,8509,0,1,,0,0,0,0,309
2022-03-02 01:57:01 UTC,8510,0,1,,0,0,0,0,309
2022-03-02 02:57:01 UTC,8511,0,1,,0,0,0,0,309
2022-03-02 03:57:01 UTC,8512,0,1,,3.8,0,0,0,309
2022-03-02 04:57:01 UTC,8513,3,5,,0,0,0,0,309
2022-03-02 05:57:01 UTC,8514,5,10,,0,0,0,0,309
2022-03-02 06:57:01 UTC,8515,17,27,,0,0,0,0,309
2022-03-02 07:57:01 UTC,8516,35,62,,3.7,0,0,0,309
2022-03-02 08:57:01 UTC,8517,26,94,,0,0,0,0,309
2022-03-02 09:57:01 UTC,8518,36,130,,0,0,0,0,309
2022-03-02 10:57:01 UTC,8519,28,158,,0,0,0,0,309
2022-03-02 11:57:01 UTC,8520,46,204,,3.8,0,0,0,309
2022-03-02 12:57:01 UTC,8521,28,236,,0,0,0,0,309
2022-03-02 13:57:01 UTC,8522,27,263,,0,0,0,0,309
2022-03-02 14:57:01 UTC,8523,26,289,,0,0,0,0,309
2022-03-02 15:57:01 UTC,8524,34,323,,3.8,0,0,0,309
2022-03-02 16:57:01 UTC,8525,21,348,,0,0,0,0,309
2022-03-02 17:57:01 UTC,8526,18,366,,0,0,0,0,309
2022-03-02 18:57:01 UTC,8527,22,388,,0,0,0,0,309
2022-03-02 19:57:01 UTC,8528,24,412,,3.8,0,0,0,309
2022-03-02 20:57:01 UTC,8529,3,417,,0,0,0,0,309
2022-03-02 21:57:01 UTC,8530,1,418,,3.7,0,0,0,309
2022-03-02 22:57:01 UTC,8531,,,418,,,,,
2022-03-02 23:57:01 UTC,8532,2,2,,0,0,0,0,420
2022-03-03 00:57:01 UTC,8533,0,2,,0,0,0,0,420
2022-03-03 01:57:01 UTC,8534,0,2,,0,0,0,0,420
2022-03-03 02:57:01 UTC,8535,0,2,,0,0,0,0,420
2022-03-03 03:57:01 UTC,8536,0,2,,3.7,0,0,0,420
2022-03-03 04:57:01 UTC,8537,0,2,,0,0,0,0,420
2022-03-03 05:57:01 UTC,8538,5,7,,0,0,0,0,420
2022-03-03 06:57:01 UTC,8539,18,25,,0,0,0,0,420
2022-03-03 07:57:01 UTC,8540,40,65,,3.8,0,0,0,420
2022-03-03 08:57:01 UTC,8541,18,89,,0,0,0,0,420
2022-03-03 09:57:01 UTC,8542,21,110,,0,0,0,0,420
2022-03-03 10:57:01 UTC,8543,25,135,,0,0,0,0,420
2022-03-03 11:57:01 UTC,8544,19,154,,3.9,0,0,0,420
2022-03-03 12:57:01 UTC,8545,20,181,,0,0,0,0,420
2022-03-03 13:57:01 UTC,8546,27,208,,0,0,0,0,420
2022-03-03 14:57:01 UTC,8547,22,230,,0,0,0,0,420
2022-03-03 15:57:01 UTC,8548,16,246,,3.8,0,0,0,420
2022-03-03 16:57:01 UTC,8549,24,273,,0,0,0,0,420
2022-03-03 17:57:01 UTC,8550,18,291,,0,0,0,0,420
2022-03-03 18:57:01 UTC,8551,15,306,,0,0,0,0,420
2022-03-03 19:57:01 UTC,8552,11,317,,3.8,0,0,0,420
2022-03-03 20:57:01 UTC,8553,7,325,,0,0,0,0,420
2022-03-03 21:57:01 UTC,8554,8,333,,3.8,0,0,0,420
2022-03-03 22:57:01 UTC,8555,,,333,,,,,
2022-03-03 23:57:01 UTC,8556,0,0,,0,0,0,0,335
2022-03-04 00:57:01 UTC,8557,0,0,,0,0,0,0,335
2022-03-04 01:57:01 UTC,8558,0,0,,0,0,0,0,335
2022-03-04 02:57:01 UTC,8559,0,0,,0,0,0,0,335
2022-03-04 03:57:01 UTC,8560,0,0,,3.8,0,0,0,335
2022-03-04 04:57:01 UTC,8561,1,1,,0,0,0,0,335
2022-03-04 05:57:01 UTC,8562,4,5,,0,0,0,0,335
2022-03-04 06:57:01 UTC,8563,23,28,,0,0,0,0,335
2022-03-04 07:57:01 UTC,8564,37,65,,3.8,0,0,0,335
2022-03-04 08:57:01 UTC,8565,34,103,,0,0,0,0,335
2022-03-04 09:57:01 UTC,8566,42,145,,0,0,0,0,335
2022-03-04 10:57:01 UTC,8567,33,178,,0,0,0,0,335
2022-03-04 11:57:01 UTC,8568,29,207,,3.9,0,0,0,335
2022-03-04 12:57:01 UTC,8569,18,228,,0,0,0,0,335
2022-03-04 13:57:01 UTC,8570,9,237,,0,0,0,0,335
2022-03-04 14:57:01 UTC,8571,12,249,,0,0,0,0,335
2022-03-04 15:57:01 UTC,8572,5,254,,3.8,0,0,0,335
2022-03-04 16:57:01 UTC,8573,6,261,,0,0,0,0,335
2022-03-04 17:57:01 UTC,8574,9,270,,0,0,0,0,335
2022-03-04 18:57:01 UTC,8575,10,280,,0,0,0,0,335
2022-03-04 19:57:01 UTC,8576,8,288,,3.8,0,0,0,335
2022-03-04 20:57:01 UTC,8577,1,291,,0,0,0,0,335
2022-03-04 21:57:01 UTC,8578,1,292,,3.8,0,0,0,335
2022-03-04 22:57:01 UTC,8579,,,292,,,,,
2022-03-04 23:57:01 UTC,8580,4,4,,0,0,0,0,295
2022-03-05 00:57:01 UTC,8581,3,7,,0,0,0,0,295
2022-03-05 01:57:01 UTC,8582,1,8,,0,0,0,0,295
2022-03-05 02:57:01 UTC,8583,15,23,,0,0,0,0,295
2022-03-05 03:57:01 UTC,8584,0,23,,3.8,0,0,0,295
2022-03-05 04:57:01 UTC,8585,0,23,,0,0,0,0,295
2022-03-05 05:57:01 UTC,8586,5,28,,0,0,0,0,295
2022-03-05 06:57:01 UTC,8587,6,34,,0,0,0,0,295
2022-03-05 07:57:01 UTC,8588,18,52,,3.8,0,0,0,295
2022-03-05 08:57:01 UTC,8589,19,77,,0,0,0,0,295
2022-03-05 09:57:01 UTC,8590,53,130,,0,0,0,0,295
2022-03-05 10:57:01 UTC,8591,45,175,,0,0,0,0,295
2022-03-05 11:57:01 UTC,8592,53,228,,3.8,0,0,0,295
2022-03-05 12:57:01 UTC,8593,26,262,,0,0,0,0,295
2022-03-05 13:57:01 UTC,8594,25,287,,0,0,0,0,295
2022-03-05 14:57:01 UTC,8595,32,319,,0,0,0,0,295
2022-03-05 15:57:01 UTC,8596,15,334,,3.8,0,0,0,295
2022-03-05 16:57:01 UTC,8597,35,370,,0,0,0,0,295
2022-03-05 17:57:01 UTC,8598,12,382,,0,0,0,0,295
2022-03-05 18:57:01 UTC,8599,8,390,,0,0,0,0,295
2022-03-05 19:57:01 UTC,8600,9,399,,3.8,0,0,0,295
2022-03-05 20:57:01 UTC,8601,8,409,,0,0,0,0,295
2022-03-05 21:57:01 UTC,8602,2,411,,3.8,0,0,0,295
2022-03-05 22:57:01 UTC,8603,,,411,,,,,
2022-03-05 23:57:01 UTC,8604,3,3,,0,0,0,0,414
2022-03-06 00:57:01 UTC,8605,0,3,,0,0,0,0,414
2022-03-06 01:57:01 UTC,8606,0,3,,0,0,0,0,414
2022-03-06 02:57:01 UTC,8607,0,3,,0,0,0,0,414
2022-03-06 03:57:01 UTC,8608,0,3,,3.8,0,0,0,414
2022-03-06 04:57:01 UTC,8609,0,3,,0,0,0,0,414
2022-03-06 05:57:01 UTC,8610,2,5,,0,0,0,0,414
2022-03-06 06:57:01 UTC,8611,5,10,,0,0,0,0,414
2022-03-06 07:57:01 UTC,8612,15,25,,3.8,0,0,0,414
2022-03-06 08:57:01 UTC,8613,33,67,,0,0,0,0,414
2022-03-06 09:57:01 UTC,8614,33,100,,0,0,0,0,414
2022-03-06 10:57:01 UTC,8615,41,141,,0,0,0,0,414
2022-03-06 11:57:01 UTC,8616,47,188,,3.8,0,0,0,414
2022-03-06 12:57:01 UTC,8617,27,222,,0,0,0,0,414
2022-03-06 13:57:01 UTC,8618,16,238,,0,0,0,0,414
2022-03-06 14:57:01 UTC,8619,8,246,,0,0,0,0,414
2022-03-06 15:57:01 UTC,8620,11,257,,3.9,0,0,0,414
2022-03-06 16:57:01 UTC,8621,12,271,,0,0,0,0,414
2022-03-06 17:57:01 UTC,8622,27,298,,0,0,0,0,414
2022-03-06 18:57:01 UTC,8623,10,308,,0,0,0,0,414
2022-03-06 19:57:01 UTC,8624,11,319,,3.8,0,0,0,414
2022-03-06 20:57:01 UTC,8625,3,323,,0,0,0,0,414
2022-03-06 21:57:01 UTC,8626,4,327,,3.8,0,0,0,414
2022-03-06 22:57:01 UTC,8627,,,327,,,,,
2022-03-06 23:57:01 UTC,8628,2,2,,0,0,0,0,330
2022-03-07 00:57:01 UTC,8629,0,2,,0,0,0,0,330
2022-03-07 01:57:01 UTC,8630,1,3,,0,0,0,0,330
2022-03-07 02:57:01 UTC,8631,0,3,,0,0,0,0,330
2022-03-07 03:57:01 UTC,8632,0,3,,3.8,0,0,0,330
2022-03-07 04:57:01 UTC,8633,1,4,,0,0,0,0,330
2022-03-07 05:57:01 UTC,8634,5,9,,0,0,0,0,330
2022-03-07 06:57:01 UTC,8635,11,20,,0,0,0,0,330
2022-03-07 07:57:01 UTC,8636,27,47,,3.8,0,0,0,330
2022-03-07 08:57:01 UTC,8637,27,82,,0,0,0,0,330
2022-03-07 09:57:01 UTC,8638,34,116,,0,0,0,0,330
2022-03-07 10:57:01 UTC,8639,25,141,,0,0,0,0,330
2022-03-07 11:57:01 UTC,8640,35,176,,3.9,0,0,0,330
2022-03-07 12:57:01 UTC,8641,21,203,,0,0,0,0,330
2022-03-07 13:57:01 UTC,8642,11,214,,0,0,0,0,330
2022-03-07 14:57:01 UTC,8643,14,228,,0,0,0,0,330
2022-03-07 15:57:01 UTC,8644,29,257,,3.9,0,0,0,330
2022-03-07 16:57:01 UTC,8645,32,293,,0,0,0,0,330
2022-03-07 17:57:01 UTC,8646,22,315,,0,0,0,0,330
2022-03-07 18:57:01 UTC,8647,24,339,,0,0,0,0,330
2022-03-07 19:57:01 UTC,8648,16,355,,3.8,0,0,0,330
2022-03-07 20:57:01 UTC,8649,7,362,,0,0,0,0,330
2022-03-07 21:57:01 UTC,8650,12,374,,3.8,0,0,0,330
2022-03-07 22:57:01 UTC,8651,,,374,,,,,
2022-03-07 23:57:01 UTC,8652,1,1,,0,0,0,0,375
2022-03-08 00:57:01 UTC,8653,0,1,,0,0,0,0,375
2022-03-08 01:57:01 UTC,8654,0,1,,0,0,0,0,375
2022-03-08 02:57:01 UTC,8655,0,1,,0,0,0,0,375
2022-03-08 03:57:01 UTC,8656,0,1,,3.8,0,0,0,375
2022-03-08 04:57:01 UTC,8657,5,6,,0,0,0,0,375
2022-03-08 05:57:01 UTC,8658,3,9,,0,0,0,0,375
2022-03-08 06:57:01 UTC,8659,18,27,,0,0,0,0,375
2022-03-08 07:57:01 UTC,8660,29,56,,3.8,0,0,0,375
2022-03-08 08:57:01 UTC,8661,45,109,,0,0,0,0,375
2022-03-08 09:57:01 UTC,8662,26,135,,0,0,0,0,375
2022-03-08 10:57:01 UTC,8663,18,153,,0,0,0,0,375
2022-03-08 11:57:01 UTC,8664,35,188,,3.8,0,0,0,375
2022-03-08 12:57:01 UTC,8665,29,231,,0,0,0,0,375
2022-03-08 13:57:01 UTC,8666,31,262,,0,0,0,0,375
2022-03-08 14:57:01 UTC,8667,17,279,,0,0,0,0,375
2022-03-08 15:57:01 UTC,8668,32,311,,3.9,0,0,0,375
2022-03-08 16:57:01 UTC,8669,32,349,,0,0,0,0,375
2022-03-08 17:57:01 UTC,8670,27,376,,0,0,0,0,375
2022-03-08 18:57:01 UTC,8671,25,401,,0,0,0,0,375
2022-03-08 19:57:01 UTC,8672,12,413,,3.8,0,0,0,375
2022-03-08 20:57:01 UTC,8673,11,426,,0,0,0,0,375
2022-03-08 21:57:01 UTC,8674,2,428,,3.8,0,0,0,375
2022-03-08 22:57:01 UTC,8675,,,428,,,,,
2022-03-08 23:57:01 UTC,8676,4,4,,0,0,0,0,430
2022-03-09 00:57:01 UTC,8677,0,4,,0,0,0,0,430
2022-03-09 01:57:01 UTC,8678,0,4,,0,0,0,0,430
2022-03-09 02:57:01 UTC,8679,0,4,,0,0,0,0,430
2022-03-09 03:57:01 UTC,8680,0,4,,3.8,0,0,0,430
2022-03-09 04:57:01 UTC,8681,2,6,,0,0,0,0,430
2022-03-09 05:57:01 UTC,8682,4,10,,0,0,0,0,430
2022-03-09 06:57:01 UTC,8683,27,37,,0,0,0,0,430
2022-03-09 07:57:01 UTC,8684,56,93,,3.9,0,0,0,430
2022-03-09 08:57:01 UTC,8685,32,134,,0,0,0,0,430
2022-03-09 09:57:01 UTC,8686,32,166,,0,0,0,0,430
2022-03-09 10:57:01 UTC,8687,31,197,,0,0,0,0,430
2022-03-09 11:57:01 UTC,8688,22,219,,3.8,0,0,0,430
2022-03-09 12:57:01 UTC,8689,21,243,,0,0,0,0,430
2022-03-09 13:57:01 UTC,8690,30,273,,0,0,0,0,430
2022-03-09 14:57:01 UTC,8691,18,291,,0,0,0,0,430
2022-03-09 15:57:01 UTC,8692,19,310,,3.8,0,0,0,430
2022-03-09 16:57:01 UTC,8693,24,337,,0,0,0,0,430
2022-03-09 17:57:01 UTC,8694,29,366,,0,0,0,0,430
2022-03-09 18:57:01 UTC,8695,14,380,,0,0,0,0,430
2022-03-09 19:57:01 UTC,8696,19,399,,3.8,0,0,0,430
2022-03-09 20:57:01 UTC,8697,5,405,,0,0,0,0,430
2022-03-09 21:57:01 UTC,8698,3,408,,3.8,0,0,0,430
2022-03-09 22:57:01 UTC,8699,,,408,,,,,
2022-03-09 23:57:01 UTC,8700,1,1,,0,0,0,0,411
2022-03-10 00:57:01 UTC,8701,1,2,,0,0,0,0,411
2022-03-10 01:57:01 UTC,8702,0,2,,0,0,0,0,411
2022-03-10 02:57:01 UTC,8703,1,3,,0,0,0,0,411
2022-03-10 03:57:01 UTC,8704,0,3,,3.8,0,0,0,411
2022-03-10 04:57:01 UTC,8705,1,4,,0,0,0,0,411
2022-03-10 05:57:01 UTC,8706,7,11,,0,0,0,0,411
2022-03-10 06:57:01 UTC,8707,25,36,,0,0,0,0,411
2022-03-10 07:57:01 UTC,8708,37,73,,3.8,0,0,0,411
2022-03-10 08:57:01 UTC,8709,51,137,,0,0,0,0,411
2022-03-10 09:57:01 UTC,8710,35,172,,0,0,0,0,411
2022-03-10 10:57:01 UTC,8711,28,200,,0,0,0,0,411
2022-03-10 11:57:01 UTC,8712,48,248,,3.8,0,0,0,411
2022-03-10 12:57:01 UTC,8713,29,280,,0,0,0,0,411
2022-03-10 13:57:01 UTC,8714,58,338,,0,0,0,0,411
2022-03-10 14:57:01 UTC,8715,36,374,,0,0,0,0,411
2022-03-10 15:57:01 UTC,8716,30,404,,3.8,0,0,0,411
2022-03-10 16:57:01 UTC,8717,26,432,,0,0,0,0,411
2022-03-10 17:57:01 UTC,8718,29,461,,0,0,0,0,411
2022-03-10 18:57:01 UTC,8719,26,487,,0,0,0,0,411
2022-03-10 19:57:01 UTC,8720,10,497,,3.8,0,0,0,411
2022-03-10 20:57:01 UTC,8721,8,506,,0,0,0,0,411
2022-03-10 21:57:01 UTC,8722,5,511,,3.8,0,0,0,411
2022-03-10 22:57:01 UTC,8723,,,511,,,,,
2022-03-10 23:57:01 UTC,8724,2,2,,0,0,0,0,512
2022-03-11 00:57:01 UTC,8725,1,3,,0,0,0,0,512
2022-03-11 01:57:01 UTC,8726,4,7,,0,0,0,0,512
2022-03-11 02:57:01 UTC,8727,2,9,,0,0,0,0,512
2022-03-11 03:57:01 UTC,8728,0,9,,3.8,0,0,0,512
2022-03-11 04:57:01 UTC,8729,0,9,,0,0,0,0,512
2022-03-11 05:57:01 UTC,8730,6,15,,0,0,0,0,512
2022-03-11 06:57:01 UTC,8731,26,41,,0,0,0,0,512
2022-03-11 07:57:01 UTC,8732,41,82,,3.8,0,0,0,512
2022-03-11 08:57:01 UTC,8733,42,129,,0,0,0,0,512
2022-03-11 09:57:01 UTC,8734,34,163,,0,0,0,0,512
2022-03-11 10:57:01 UTC,8735,42,205,,0,0,0,0,512
2022-03-11 11:57:01 UTC,8736,19,224,,3.9,0,0,0,512
2022-03-11 12:57:01 UTC,8737,25,250,,0,0,0,0,512
2022-03-11 13:57:01 UTC,8738,31,281,,0,0,0,0,512
2022-03-11 14:57:01 UTC,8739,30,311,,0,0,0,0,512
2022-03-11 15:57:01 UTC,8740,21,332,,3.9,0,0,0,512
2022-03-11 16:57:01 UTC,8741,29,371,,0,0,0,0,512
2022-03-11 17:57:01 UTC,8742,20,391,,0,0,0,0,512
2022-03-11 18:57:01 UTC,8743,20,411,,0,0,0,0,512
2022-03-11 19:57:01 UTC,8744,18,429,,3.9,0,0,0,512
2022-03-11 20:57:01 UTC,8745,9,438,,0,0,1,0,512
2022-03-11 21:57:01 UTC,8746,5,443,,3.9,0,1,0,512
2022-03-11 22:57:01 UTC,8747,,,443,,,,,
2022-03-11 23:57:01 UTC,8748,1,1,,0,0,0,0,456
2022-03-12 00:57:01 UTC,8749,2,3,,0,0,0,0,456
2022-03-12 01:57:01 UTC,8750,1,4,,0,0,0,0,456
2022-03-12 02:57:01 UTC,8751,0,4,,0,0,0,0,456
2022-03-12 03:57:01 UTC,8752,0,4,,3.8,0,0,0,456
2022-03-12 04:57:01 UTC,8753,2,6,,0,0,0,0,456
2022-03-12 05:57:01 UTC,8754,3,9,,0,0,0,0,456
2022-03-12 06:57:01 UTC,8755,7,16,,0,0,0,0,456
2022-03-12 07:57:01 UTC,8756,10,26,,3.9,0,0,0,456
2022-03-12 08:57:01 UTC,8757,27,62,,0,0,0,0,456
2022-03-12 09:57:01 UTC,8758,47,109,,0,0,0,0,456
2022-03-12 10:57:01 UTC,8759,69,178,,0,0,0,0,456
2022-03-12 11:57:01 UTC,8760,52,230,,3.9,0,0,0,456
2022-03-12 12:57:01 UTC,8761,33,269,,0,0,0,0,456
2022-03-12 13:57:01 UTC,8762,20,289,,0,0,0,0,456
2022-03-12 14:57:01 UTC,8763,16,305,,0,0,0,0,456
2022-03-12 15:57:01 UTC,8764,21,326,,3.9,0,0,0,456
2022-03-12 16:57:01 UTC,8765,39,371,,0,0,0,0,456
2022-03-12 17:57:01 UTC,8766,16,387,,0,0,0,0,456
2022-03-12 18:57:01 UTC,8767,26,413,,0,0,0,0,456
2022-03-12 19:57:01 UTC,8768,13,426,,3.9,0,0,0,456
2022-03-12 20:57:01 UTC,8769,6,434,,0,0,0,0,456
2022-03-12 21:57:01 UTC,8770,5,439,,3.9,0,0,0,456
2022-03-12 22:57:01 UTC,8771,,,439,,,,,
