created_at,entry_id,field1,field2,field3,field4,field5,field6,field7,field8
2021-12-01 00:57:01 UTC,6382,0,1,,0,0,0,0,412
2021-12-01 01:57:01 UTC,6383,0,1,,0,0,0,0,412
2021-12-01 02:57:01 UTC,6384,0,1,,0,0,0,0,412
2021-12-01 03:57:01 UTC,6385,0,1,,3.6,0,0,0,412
2021-12-01 04:57:01 UTC,6386,0,1,,0,0,0,0,412
2021-12-01 05:57:01 UTC,6387,6,7,,0,0,0,0,412
2021-12-01 06:57:01 UTC,6388,21,28,,0,0,0,0,412
2021-12-01 07:57:01 UTC,6389,28,56,,3.6,0,0,0,412
2021-12-01 08:57:01 UTC,6390,19,76,,0,0,0,0,412
2021-12-01 09:57:01 UTC,6391,18,94,,0,0,0,0,412
2021-12-01 10:57:01 UTC,6392,15,109,,0,0,0,0,412
2021-12-01 11:57:01 UTC,6393,21,130,,3.7,0,0,0,412
2021-12-01 12:57:01 UTC,6394,14,146,,0,0,0,0,412
2021-12-01 13:57:01 UTC,6395,16,162,,0,0,0,0,412
2021-12-01 14:57:01 UTC,6396,5,167,,0,0,0,0,412
2021-12-01 15:57:01 UTC,6397,13,180,,3.6,0,0,0,412
2021-12-01 16:57:01 UTC,6398,17,197,,0,0,0,0,412
2021-12-01 17:57:01 UTC,6399,9,206,,0,0,0,0,412
2021-12-01 18:57:01 UTC,6400,3,209,,0,0,0,0,412
2021-12-01 19:57:01 UTC,6401,1,210,,3.6,0,0,0,412
2021-12-01 20:57:01 UTC,6402,0,210,,0,0,0,0,412
2021-12-01 21:57:01 UTC,6403,2,212,,3.6,0,0,0,412
2021-12-01 22:57:01 UTC,6404,,,212,,,,,
2021-12-01 23:57:01 UTC,6405,4,4,,0,0,0,0,221
2021-12-02 00:57:01 UTC,6406,2,6,,0,0,0,0,221
2021-12-02 01:57:01 UTC,6407,0,6,,0,0,0,0,221
2021-12-02 02:57:01 UTC,6408,0,6,,0,0,0,0,221
2021-12-02 03:57:01 UTC,6409,0,6,,3.6,0,0,0,221
2021-12-02 04:57:01 UTC,6410,1,7,,0,0,0,0,221
2021-12-02 05:57:01 UTC,6411,3,10,,0,0,0,0,221
2021-12-02 06:57:01 UTC,6412,9,19,,0,0,0,0,221
2021-12-02 07:57:01 UTC,6413,31,50,,3.7,0,0,0,221
2021-12-02 08:57:01 UTC,6414,16,74,,0,0,0,0,221
2021-12-02 09:57:01 UTC,6415,9,83,,0,0,0,0,221
2021-12-02 10:57:01 UTC,6416,0,83,,0,0,0,0,221
2021-12-02 11:57:01 UTC,6417,6,89,,3.6,0,0,0,221
2021-12-02 12:57:01 UTC,6418,0,89,,0,0,0,0,221
2021-12-02 13:57:01 UTC,6419,0,89,,0,0,0,0,221
2021-12-02 14:57:01 UTC,6420,2,91,,0,0,0,0,221
2021-12-02 15:57:01 UTC,6421,4,95,,3.6,0,0,0,221
2021-12-02 16:57:01 UTC,6422,11,107,,0,0,0,0,221
2021-12-02 17:57:01 UTC,6423,6,113,,0,0,0,0,221
2021-12-02 18:57:01 UTC,6424,11,124,,0,0,0,0,221
2021-12-02 19:57:01 UTC,6425,5,129,,3.6,0,0,0,221
2021-12-02 20:57:01 UTC,6426,2,131,,0,0,0,0,221
2021-12-02 21:57:01 UTC,6427,1,132,,3.6,0,0,0,221
2021-12-02 22:57:01 UTC,6428,,,132,,,,,
2021-12-02 23:57:01 UTC,6429,0,0,,0,0,0,0,133
2021-12-03 00:57:01 UTC,6430,8,8,,0,0,0,0,133
2021-12-03 01:57:01 UTC,6431,0,8,,0,0,0,0,133
2021-12-03 02:57:01 UTC,6432,0,8,,0,0,0,0,133
2021-12-03 03:57:01 UTC,6433,1,9,,3.6,0,0,0,133
2021-12-03 04:57:01 UTC,6434,0,9,,0,0,0,0,133
2021-12-03 05:57:01 UTC,6435,7,16,,0,0,0,0,133
2021-12-03 06:57:01 UTC,6436,14,30,,0,0,0,0,133
2021-12-03 07:57:01 UTC,6437,25,55,,3.6,0,0,0,133
2021-12-03 08:57:01 UTC,6438,27,89,,0,0,0,0,133
2021-12-03 09:57:01 UTC,6439,23,112,,0,0,0,0,133
2021-12-03 10:57:01 UTC,6440,28,140,,0,0,0,0,133
2021-12-03 11:57:01 UTC,6441,25,165,,3.6,0,0,0,133
2021-12-03 12:57:01 UTC,6442,24,196,,0,0,0,0,133
2021-12-03 13:57:01 UTC,6443,29,225,,0,0,0,0,133
2021-12-03 14:57:01 UTC,6444,22,247,,0,0,0,0,133
2021-12-03 15:57:01 UTC,6445,29,276,,3.6,0,0,0,133
2021-12-03 16:57:01 UTC,6446,19,301,,0,0,0,0,133
2021-12-03 17:57:01 UTC,6447,21,322,,0,0,0,0,133
2021-12-03 18:57:01 UTC,6448,16,338,,0,0,0,0,133
2021-12-03 19:57:01 UTC,6449,11,349,,3.6,0,0,0,133
2021-12-03 20:57:01 UTC,6450,8,357,,0,0,0,0,133
2021-12-03 21:57:01 UTC,6451,5,362,,3.6,0,0,0,133
2021-12-03 22:57:01 UTC,6452,,,362,,,,,
2021-12-03 23:57:01 UTC,6453,2,2,,0,0,0,0,366
2021-12-04 00:57:01 UTC,6454,2,4,,0,0,0,0,366
2021-12-04 01:57:01 UTC,6455,0,4,,0,0,0,0,366
2021-12-04 02:57:01 UTC,6456,1,5,,0,0,0,0,366
2021-12-04 03:57:01 UTC,6457,0,5,,3.6,0,0,0,366
2021-12-04 04:57:01 UTC,6458,1,6,,0,0,0,0,366
2021-12-04 05:57:01 UTC,6459,5,11,,0,0,0,0,366
2021-12-04 06:57:01 UTC,6460,8,19,,0,0,0,0,366
2021-12-04 07:57:01 UTC,6461,16,35,,3.6,0,0,0,366
2021-12-04 08:57:01 UTC,6462,10,49,,0,0,0,0,366
2021-12-04 09:57:01 UTC,6463,31,80,,0,0,0,0,366
2021-12-04 10:57:01 UTC,6464,65,145,,0,0,0,0,366
2021-12-04 11:57:01 UTC,6465,76,221,,3.7,0,0,0,366
2021-12-04 12:57:01 UTC,6466,23,251,,0,0,0,0,366
2021-12-04 13:57:01 UTC,6467,20,271,,0,0,0,0,366
2021-12-04 14:57:01 UTC,6468,15,286,,0,0,0,0,366
2021-12-04 15:57:01 UTC,6469,12,298,,3.6,0,0,0,366
2021-12-04 16:57:01 UTC,6470,11,309,,0,0,0,0,366
2021-12-04 17:57:01 UTC,6471,5,314,,0,0,0,0,366
2021-12-04 18:57:01 UTC,6472,11,325,,0,0,0,0,366
2021-12-04 19:57:01 UTC,6473,10,335,,3.7,0,0,0,366
2021-12-04 20:57:01 UTC,6474,7,342,,0,0,0,0,366
2021-12-04 21:57:01 UTC,6475,3,345,,3.6,0,0,0,366
2021-12-04 22:57:01 UTC,6476,,,345,,,,,
2021-12-04 23:57:01 UTC,6477,0,0,,0,0,0,0,346
2021-12-05 00:57:01 UTC,6478,0,0,,0,0,0,0,346
2021-12-05 01:57:01 UTC,6479,0,0,,0,0,0,0,346
2021-12-05 02:57:01 UTC,6480,0,0,,0,0,0,0,346
2021-12-05 03:57:01 UTC,6481,0,0,,3.7,0,0,0,346
2021-12-05 04:57:01 UTC,6482,0,0,,0,0,0,0,346
2021-12-05 05:57:01 UTC,6483,0,0,,0,0,0,0,346
2021-12-05 06:57:01 UTC,6484,11,11,,0,0,0,0,346
2021-12-05 07:57:01 UTC,6485,11,22,,3.7,0,0,0,346
2021-12-05 08:57:01 UTC,6486,27,49,,0,0,0,0,346
2021-12-05 09:57:01 UTC,6487,36,85,,0,0,0,0,346
2021-12-05 10:57:01 UTC,6488,38,123,,0,0,0,0,346
2021-12-05 11:57:01 UTC,6489,16,139,,3.6,0,0,0,346
2021-12-05 12:57:01 UTC,6490,9,151,,0,0,0,0,346
2021-12-05 13:57:01 UTC,6491,14,165,,0,0,0,0,346
2021-12-05 14:57:01 UTC,6492,15,180,,0,0,0,0,346
2021-12-05 15:57:01 UTC,6493,11,191,,3.6,0,0,0,346
2021-12-05 16:57:01 UTC,6494,12,204,,0,0,0,0,346
2021-12-05 17:57:01 UTC,6495,4,208,,0,0,0,0,346
2021-12-05 18:57:01 UTC,6496,10,218,,0,0,0,0,346
2021-12-05 19:57:01 UTC,6497,2,220,,3.6,0,0,0,346
2021-12-05 20:57:01 UTC,6498,10,232,,0,0,0,0,346
2021-12-05 21:57:01 UTC,6499,3,235,,3.6,0,0,0,346
2021-12-05 22:57:01 UTC,6500,,,235,,,,,
2021-12-05 23:57:01 UTC,6501,0,0,,0,0,0,0,240
2021-12-06 00:57:01 UTC,6502,1,1,,0,0,0,0,240
2021-12-06 01:57:01 UTC,6503,0,1,,0,0,0,0,240
2021-12-06 02:57:01 UTC,6504,0,1,,0,0,0,0,240
2021-12-06 03:57:01 UTC,6505,0,1,,3.6,0,0,0,240
2021-12-06 04:57:01 UTC,6506,0,1,,0,0,0,0,240
2021-12-06 05:57:01 UTC,6507,8,9,,0,0,0,0,240
2021-12-06 06:57:01 UTC,6508,14,23,,0,0,0,0,240
2021-12-06 07:57:01 UTC,6509,22,45,,3.6,0,0,0,240
2021-12-06 08:57:01 UTC,6510,16,68,,0,0,0,0,240
2021-12-06 09:57:01 UTC,6511,14,82,,0,0,0,0,240
2021-12-06 10:57:01 UTC,6512,12,94,,0,0,0,0,240
2021-12-06 11:57:01 UTC,6513,19,113,,3.6,0,0,0,240
2021-12-06 12:57:01 UTC,6514,24,141,,0,0,0,0,240
2021-12-06 13:57:01 UTC,6515,11,152,,0,0,0,0,240
2021-12-06 14:57:01 UTC,6516,19,171,,0,0,0,0,240
2021-12-06 15:57:01 UTC,6517,24,195,,3.6,0,0,0,240
2021-12-06 16:57:01 UTC,6518,14,209,,0,0,0,0,240
2021-12-06 17:57:01 UTC,6519,29,238,,0,0,0,0,240
2021-12-06 18:57:01 UTC,6520,18,256,,0,0,0,0,240
2021-12-06 19:57:01 UTC,6521,7,263,,3.6,0,0,0,240
2021-12-06 20:57:01 UTC,6522,4,268,,0,0,0,0,240
2021-12-06 21:57:01 UTC,6523,1,269,,3.6,0,0,0,240
2021-12-06 22:57:01 UTC,6524,,,269,,,,,
2021-12-06 23:57:01 UTC,6525,2,2,,0,0,0,0,270
2021-12-07 00:57:01 UTC,6526,0,2,,0,0,0,0,270
2021-12-07 01:57:01 UTC,6527,0,2,,0,0,0,0,270
2021-12-07 02:57:01 UTC,6528,0,2,,0,0,0,0,270
2021-12-07 03:57:01 UTC,6529,0,2,,3.6,0,0,0,270
2021-12-07 04:57:01 UTC,6530,1,3,,0,0,0,0,270
2021-12-07 05:57:01 UTC,6531,6,9,,0,0,0,0,270
2021-12-07 06:57:01 UTC,6532,17,26,,0,0,0,0,270
2021-12-07 07:57:01 UTC,6533,37,63,,3.6,0,0,0,270
2021-12-07 08:57:01 UTC,6534,34,100,,0,0,0,0,270
2021-12-07 09:57:01 UTC,6535,20,120,,0,0,0,0,270
2021-12-07 10:57:01 UTC,6536,36,156,,0,0,0,0,270
2021-12-07 11:57:01 UTC,6537,27,183,,3.6,0,0,0,270
2021-12-07 12:57:01 UTC,6538,21,205,,0,0,0,0,270
2021-12-07 13:57:01 UTC,6539,18,223,,0,0,0,0,270
2021-12-07 14:57:01 UTC,6540,20,243,,0,0,0,0,270
2021-12-07 15:57:01 UTC,6541,24,267,,3.6,0,0,0,270
2021-12-07 16:57:01 UTC,6542,32,301,,0,0,0,0,270
2021-12-07 17:57:01 UTC,6543,9,310,,0,0,0,0,270
2021-12-07 18:57:01 UTC,6544,19,329,,0,0,0,0,270
2021-12-07 19:57:01 UTC,6545,11,340,,3.6,0,0,0,270
2021-12-07 20:57:01 UTC,6546,6,347,,0,0,0,0,270
2021-12-07 21:57:01 UTC,6547,0,347,,3.6,0,0,0,270
2021-12-07 22:57:01 UTC,6548,,,347,,,,,
2021-12-07 23:57:01 UTC,6549,1,1,,0,0,0,0,351
2021-12-08 00:57:01 UTC,6550,0,1,,0,0,0,0,351
2021-12-08 01:57:01 UTC,6551,0,1,,0,0,0,0,351
2021-12-08 02:57:01 UTC,6552,0,1,,0,0,0,0,351
2021-12-08 03:57:01 UTC,6553,0,1,,3.6,0,0,0,351
2021-12-08 04:57:01 UTC,6554,0,1,,0,0,0,0,351
2021-12-08 05:57:01 UTC,6555,2,3,,0,0,0,0,351
2021-12-08 06:57:01 UTC,6556,5,8,,0,0,0,0,351
2021-12-08 07:57:01 UTC,6557,6,14,,3.6,0,0,0,351
2021-12-08 08:57:01 UTC,6558,8,24,,0,0,0,0,351
2021-12-08 09:57:01 UTC,6559,20,44,,0,0,0,0,351
2021-12-08 10:57:01 UTC,6560,54,98,,0,0,0,0,351
2021-12-08 11:57:01 UTC,6561,9,107,,3.6,0,0,0,351
2021-12-08 12:57:01 UTC,6562,1,108,,0,0,0,0,351
2021-12-08 13:57:01 UTC,6563,6,114,,0,0,0,0,351
2021-12-08 14:57:01 UTC,6564,3,117,,0,0,0,0,351
2021-12-08 15:57:01 UTC,6565,1,118,,3.6,0,0,0,351
2021-12-08 16:57:01 UTC,6566,1,119,,0,0,0,0,351
2021-12-08 17:57:01 UTC,6567,3,122,,0,0,0,0,351
2021-12-08 18:57:01 UTC,6568,2,124,,0,0,0,0,351
2021-12-08 19:57:01 UTC,6569,3,127,,3.6,0,0,0,351
2021-12-08 20:57:01 UTC,6570,473,763,,0,0,0,0,351
2021-12-08 21:57:01 UTC,6571,20,783,,3.6,0,0,0,351
2021-12-08 22:57:01 UTC,6572,,,783,,,,,
