created_at,entry_id,field1,field2,field3,field4,field5,field6,field7,field8
2021-09-01 00:57:01 UTC,4202,0,4,,0,0,0,0,286
2021-09-01 01:57:01 UTC,4203,0,4,,0,0,0,0,286
2021-09-01 02:57:01 UTC,4204,0,4,,3.9,0,0,0,286
2021-09-01 03:57:01 UTC,4205,0,4,,0,0,0,0,286
2021-09-01 04:57:01 UTC,4206,12,16,,0,0,0,0,286
2021-09-01 05:57:01 UTC,4207,6,22,,0,0,0,0,286
2021-09-01 06:57:01 UTC,4208,20,42,,3.9,0,0,0,286
2021-09-01 07:57:01 UTC,4209,44,95,,0,0,0,0,286
2021-09-01 08:57:01 UTC,4210,28,123,,0,0,0,0,286
2021-09-01 09:57:01 UTC,4211,21,144,,0,0,0,0,286
2021-09-01 10:57:01 UTC,4212,24,168,,3.9,0,0,0,286
2021-09-01 11:57:01 UTC,4213,16,184,,0,0,0,0,286
2021-09-01 12:57:01 UTC,4214,8,192,,0,0,0,0,286
2021-09-01 13:57:01 UTC,4215,10,202,,0,0,0,0,286
2021-09-01 14:57:01 UTC,4216,19,221,,3.9,0,0,0,286
2021-09-01 15:57:01 UTC,4217,25,246,,0,0,0,0,286
2021-09-01 16:57:01 UTC,4218,35,281,,0,0,0,0,286
2021-09-01 17:57:01 UTC,4219,37,318,,0,0,0,0,286
2021-09-01 18:57:01 UTC,4220,14,332,,3.9,0,0,0,286
2021-09-01 19:57:01 UTC,4221,6,338,,0,0,0,0,286
2021-09-01 20:57:01 UTC,4222,4,342,,3.9,0,0,0,286
2021-09-01 21:57:01 UTC,4223,,,342,,,,,
2021-09-01 22:57:01 UTC,4224,1,1,,0,0,0,0,347
2021-09-01 23:57:01 UTC,4225,0,1,,0,0,0,0,347
2021-09-02 00:57:01 UTC,4226,0,1,,0,0,0,0,347
2021-09-02 01:57:01 UTC,4227,0,1,,0,0,0,0,347
2021-09-02 02:57:01 UTC,4228,0,1,,3.9,0,0,0,347
2021-09-02 03:57:01 UTC,4229,2,3,,0,0,0,0,347
2021-09-02 04:57:01 UTC,4230,4,7,,0,0,0,0,347
2021-09-02 05:57:01 UTC,4231,9,16,,0,0,0,0,347
2021-09-02 06:57:01 UTC,4232,17,33,,3.9,0,0,0,347
2021-09-02 07:57:01 UTC,4233,32,67,,0,0,0,0,347
2021-09-02 08:57:01 UTC,4234,27,94,,0,0,0,0,347
2021-09-02 09:57:01 UTC,4235,40,134,,0,0,0,0,347
2021-09-02 10:57:01 UTC,4236,16,150,,3.9,0,0,0,347
2021-09-02 11:57:01 UTC,4237,13,163,,0,0,0,0,347
2021-09-02 12:57:01 UTC,4238,11,174,,0,0,0,0,347
2021-09-02 13:57:01 UTC,4239,20,194,,0,0,0,0,347
2021-09-02 14:57:01 UTC,4240,13,207,,3.9,0,0,0,347
2021-09-02 15:57:01 UTC,4241,14,221,,0,0,0,0,347
2021-09-02 16:57:01 UTC,4242,21,242,,0,0,0,0,347
2021-09-02 17:57:01 UTC,4243,13,255,,0,0,0,0,347
2021-09-02 18:57:01 UTC,4244,9,264,,3.9,0,0,0,347
2021-09-02 19:57:01 UTC,4245,11,276,,0,0,0,0,347
2021-09-02 20:57:01 UTC,4246,1,277,,3.9,0,0,0,347
2021-09-02 21:57:01 UTC,4247,,,277,,,,,
2021-09-02 22:57:01 UTC,4248,0,0,,0,0,0,0,279
2021-09-02 23:57:01 UTC,4249,1,1,,0,0,0,0,279
2021-09-03 00:57:01 UTC,4250,1,2,,0,0,0,0,279
2021-09-03 01:57:01 UTC,4251,0,2,,0,0,0,0,279
2021-09-03 02:57:01 UTC,4252,0,2,,3.9,0,0,0,279
2021-09-03 03:57:01 UTC,4253,1,3,,0,0,0,0,279
2021-09-03 04:57:01 UTC,4254,3,6,,0,0,0,0,279
2021-09-03 05:57:01 UTC,4255,25,31,,0,0,0,0,279
2021-09-03 06:57:01 UTC,4256,11,42,,3.9,0,0,0,279
2021-09-03 07:57:01 UTC,4257,14,58,,0,0,0,0,279
2021-09-03 08:57:01 UTC,4258,33,91,,0,0,0,0,279
2021-09-03 09:57:01 UTC,4259,16,107,,0,0,0,0,279
2021-09-03 10:57:01 UTC,4260,4,111,,3.9,0,0,0,279
2021-09-03 11:57:01 UTC,4261,4,116,,0,0,0,0,279
2021-09-03 12:57:01 UTC,4262,9,125,,0,0,0,0,279
2021-09-03 13:57:01 UTC,4263,12,137,,0,0,0,0,279
2021-09-03 14:57:01 UTC,4264,12,149,,3.9,0,0,0,279
2021-09-03 15:57:01 UTC,4265,21,170,,0,0,0,0,279
2021-09-03 16:57:01 UTC,4266,11,181,,0,0,0,0,279
2021-09-03 17:57:01 UTC,4267,23,204,,0,0,0,0,279
2021-09-03 18:57:01 UTC,4268,6,210,,3.9,0,0,0,279
2021-09-03 19:57:01 UTC,4269,22,232,,0,0,0,0,279
2021-09-03 20:57:01 UTC,4270,5,237,,3.9,0,0,0,279
2021-09-03 21:57:01 UTC,4271,,,237,,,,,
2021-09-03 22:57:01 UTC,4272,1,1,,0,0,0,0,238
2021-09-03 23:57:01 UTC,4273,0,1,,0,0,0,0,238
2021-09-04 00:57:01 UTC,4274,0,1,,0,0,0,0,238
2021-09-04 01:57:01 UTC,4275,0,1,,0,0,0,0,238
2021-09-04 02:57:01 UTC,4276,0,1,,3.9,0,0,0,238
2021-09-04 03:57:01 UTC,4277,7,8,,0,0,0,0,238
2021-09-04 04:57:01 UTC,4278,12,20,,0,0,0,0,238
2021-09-04 05:57:01 UTC,4279,6,26,,0,0,0,0,238
2021-09-04 06:57:01 UTC,4280,7,33,,3.9,0,0,0,238
2021-09-04 07:57:01 UTC,4281,23,56,,0,0,0,0,238
2021-09-04 08:57:01 UTC,4282,41,97,,0,0,0,0,238
2021-09-04 09:57:01 UTC,4283,41,138,,0,0,0,0,238
2021-09-04 10:57:01 UTC,4284,20,158,,3.9,0,0,0,238
2021-09-04 11:57:01 UTC,4285,14,172,,0,0,0,0,238
2021-09-04 12:57:01 UTC,4286,3,175,,0,0,0,0,238
2021-09-04 13:57:01 UTC,4287,10,185,,0,0,0,0,238
2021-09-04 14:57:01 UTC,4288,24,209,,3.9,0,0,0,238
2021-09-04 15:57:01 UTC,4289,14,223,,0,0,0,0,238
2021-09-04 16:57:01 UTC,4290,19,242,,0,0,0,0,238
2021-09-04 17:57:01 UTC,4291,8,250,,0,0,0,0,238
2021-09-04 18:57:01 UTC,4292,10,260,,3.9,0,0,0,238
2021-09-04 19:57:01 UTC,4293,3,263,,0,0,0,0,238
2021-09-04 20:57:01 UTC,4294,7,270,,3.9,0,0,0,238
2021-09-04 21:57:01 UTC,4295,,,270,,,,,
2021-09-04 22:57:01 UTC,4296,3,3,,0,0,0,0,273
2021-09-04 23:57:01 UTC,4297,3,6,,0,0,0,0,273
2021-09-05 00:57:01 UTC,4298,0,6,,0,0,0,0,273
2021-09-05 01:57:01 UTC,4299,0,6,,0,0,0,0,273
2021-09-05 02:57:01 UTC,4300,0,6,,3.9,0,0,0,273
2021-09-05 03:57:01 UTC,4301,0,6,,0,0,0,0,273
2021-09-05 04:57:01 UTC,4302,4,10,,0,0,0,0,273
2021-09-05 05:57:01 UTC,4303,6,16,,0,0,0,0,273
2021-09-05 06:57:01 UTC,4304,9,25,,3.9,0,0,0,273
2021-09-05 07:57:01 UTC,4305,20,45,,0,0,0,0,273
2021-09-05 08:57:01 UTC,4306,28,73,,0,0,0,0,273
2021-09-05 09:57:01 UTC,4307,27,100,,0,0,0,0,273
2021-09-05 10:57:01 UTC,4308,19,119,,3.9,0,0,0,273
2021-09-05 11:57:01 UTC,4309,8,127,,0,0,0,0,273
2021-09-05 12:57:01 UTC,4310,6,133,,0,0,0,0,273
2021-09-05 13:57:01 UTC,4311,14,147,,0,0,0,0,273
2021-09-05 14:57:01 UTC,4312,5,152,,3.9,0,0,0,273
2021-09-05 15:57:01 UTC,4313,14,166,,0,0,0,0,273
2021-09-05 16:57:01 UTC,4314,7,173,,0,0,0,0,273
2021-09-05 17:57:01 UTC,4315,9,182,,0,0,0,0,273
2021-09-05 18:57:01 UTC,4316,9,191,,3.9,0,0,0,273
2021-09-05 19:57:01 UTC,4317,5,196,,0,0,0,0,273
2021-09-05 20:57:01 UTC,4318,3,199,,3.9,0,0,0,273
2021-09-05 21:57:01 UTC,4319,,,199,,,,,
2021-09-05 22:57:01 UTC,4320,3,3,,0,0,0,0,202
2021-09-05 23:57:01 UTC,4321,1,4,,0,0,0,0,202
2021-09-06 00:57:01 UTC,4322,0,4,,0,0,0,0,202
2021-09-06 01:57:01 UTC,4323,0,4,,0,0,0,0,202
2021-09-06 02:57:01 UTC,4324,0,4,,3.9,0,0,0,202
2021-09-06 03:57:01 UTC,4325,0,4,,0,0,0,0,202
2021-09-06 04:57:01 UTC,4326,4,8,,0,0,0,0,202
2021-09-06 05:57:01 UTC,4327,12,20,,0,0,0,0,202
2021-09-06 06:57:01 UTC,4328,29,49,,3.9,0,0,0,202
2021-09-06 07:57:01 UTC,4329,37,88,,0,0,0,0,202
2021-09-06 08:57:01 UTC,4330,22,110,,0,0,0,0,202
2021-09-06 09:57:01 UTC,4331,31,141,,0,0,0,0,202
2021-09-06 10:57:01 UTC,4332,24,165,,3.9,0,0,0,202
2021-09-06 11:57:01 UTC,4333,11,178,,0,0,0,0,202
2021-09-06 12:57:01 UTC,4334,11,189,,0,0,0,0,202
2021-09-06 13:57:01 UTC,4335,8,197,,0,0,0,0,202
2021-09-06 14:57:01 UTC,4336,12,209,,3.9,0,0,0,202
2021-09-06 15:57:01 UTC,4337,29,238,,0,0,0,0,202
2021-09-06 16:57:01 UTC,4338,13,251,,0,0,0,0,202
2021-09-06 17:57:01 UTC,4339,14,265,,0,0,0,0,202
2021-09-06 18:57:01 UTC,4340,13,278,,3.9,0,0,0,202
2021-09-06 19:57:01 UTC,4341,7,286,,0,0,0,0,202
2021-09-06 20:57:01 UTC,4342,4,290,,3.9,0,0,0,202
2021-09-06 21:57:01 UTC,4343,,,290,,,,,
2021-09-06 22:57:01 UTC,4344,2,2,,0,0,0,0,292
2021-09-06 23:57:01 UTC,4345,1,3,,0,0,0,0,292
2021-09-07 00:57:01 UTC,4346,0,3,,0,0,0,0,292
2021-09-07 01:57:01 UTC,4347,0,3,,0,0,0,0,292
2021-09-07 02:57:01 UTC,4348,0,3,,3.9,0,0,0,292
2021-09-07 03:57:01 UTC,4349,1,4,,0,0,0,0,292
2021-09-07 04:57:01 UTC,4350,6,10,,0,0,0,0,292
2021-09-07 05:57:01 UTC,4351,22,32,,0,0,0,0,292
2021-09-07 06:57:01 UTC,4352,36,68,,3.9,0,0,0,292
2021-09-07 07:57:01 UTC,4353,51,124,,0,0,0,0,292
2021-09-07 08:57:01 UTC,4354,43,167,,0,0,0,0,292
2021-09-07 09:57:01 UTC,4355,22,189,,0,0,0,0,292
2021-09-07 10:57:01 UTC,4356,14,203,,3.9,0,0,0,292
2021-09-07 11:57:01 UTC,4357,13,217,,0,0,0,0,292
2021-09-07 12:57:01 UTC,4358,18,235,,0,0,0,0,292
2021-09-07 13:57:01 UTC,4359,14,249,,0,0,0,0,292
2021-09-07 14:57:01 UTC,4360,4,253,,3.9,0,0,0,292
2021-09-07 15:57:01 UTC,4361,10,264,,0,0,0,0,292
2021-09-07 16:57:01 UTC,4362,10,274,,0,0,0,0,292
2021-09-07 17:57:01 UTC,4363,20,294,,0,0,0,0,292
2021-09-07 18:57:01 UTC,4364,9,303,,3.9,0,0,0,292
2021-09-07 19:57:01 UTC,4365,4,307,,0,0,0,0,292
2021-09-07 20:57:01 UTC,4366,5,312,,3.9,0,0,0,292
2021-09-07 21:57:01 UTC,4367,,,312,,,,,
2021-09-07 22:57:01 UTC,4368,4,4,,0,0,0,0,315
2021-09-07 23:57:01 UTC,4369,1,5,,0,0,0,0,315
2021-09-08 00:57:01 UTC,4370,1,6,,0,0,0,0,315
2021-09-08 01:57:01 UTC,4371,0,6,,0,0,0,0,315
2021-09-08 02:57:01 UTC,4372,1,7,,3.9,0,0,0,315
2021-09-08 03:57:01 UTC,4373,1,8,,0,0,0,0,315
2021-09-08 04:57:01 UTC,4374,1,9,,0,0,0,0,315
2021-09-08 05:57:01 UTC,4375,22,31,,0,0,0,0,315
2021-09-08 06:57:01 UTC,4376,19,50,,3.9,0,0,0,315
2021-09-08 07:57:01 UTC,4377,34,85,,0,0,0,0,315
2021-09-08 08:57:01 UTC,4378,51,136,,0,0,0,0,315
2021-09-08 09:57:01 UTC,4379,15,151,,0,0,0,0,315
2021-09-08 10:57:01 UTC,4380,17,168,,3.9,0,0,0,315
2021-09-08 11:57:01 UTC,4381,18,186,,0,0,0,0,315
2021-09-08 12:57:01 UTC,4382,13,199,,0,0,0,0,315
2021-09-08 13:57:01 UTC,4383,5,204,,0,0,0,0,315
2021-09-08 14:57:01 UTC,4384,5,209,,3.9,0,0,0,315
2021-09-08 15:57:01 UTC,4385,23,232,,0,0,0,0,315
2021-09-08 16:57:01 UTC,4386,20,252,,0,0,0,0,315
2021-09-08 17:57:01 UTC,4387,27,279,,0,0,0,0,315
2021-09-08 18:57:01 UTC,4388,12,291,,3.9,0,0,0,315
2021-09-08 19:57:01 UTC,4389,8,299,,0,0,0,0,315
2021-09-08 20:57:01 UTC,4390,8,307,,3.9,0,0,0,315
2021-09-08 21:57:01 UTC,4391,,,307,,,,,
2021-09-08 22:57:01 UTC,4392,1,1,,0,0,0,0,309
2021-09-08 23:57:01 UTC,4393,1,2,,0,0,0,0,309
2021-09-09 00:57:01 UTC,4394,0,2,,0,0,0,0,309
2021-09-09 01:57:01 UTC,4395,0,2,,0,0,0,0,309
2021-09-09 02:57:01 UTC,4396,0,2,,3.9,0,0,0,309
2021-09-09 03:57:01 UTC,4397,1,3,,0,0,0,0,309
2021-09-09 04:57:01 UTC,4398,4,7,,0,0,0,0,309
2021-09-09 05:57:01 UTC,4399,14,21,,0,0,0,0,309
2021-09-09 06:57:01 UTC,4400,23,44,,3.9,0,0,0,309
2021-09-09 07:57:01 UTC,4401,45,95,,0,0,0,0,309
2021-09-09 08:57:01 UTC,4402,31,126,,0,0,0,0,309
2021-09-09 09:57:01 UTC,4403,29,155,,0,0,0,0,309
2021-09-09 10:57:01 UTC,4404,33,188,,3.9,0,0,0,309
2021-09-09 11:57:01 UTC,4405,15,204,,0,0,0,0,309
2021-09-09 12:57:01 UTC,4406,13,217,,0,0,0,0,309
2021-09-09 13:57:01 UTC,4407,21,238,,0,0,0,0,309
2021-09-09 14:57:01 UTC,4408,14,252,,3.9,0,0,0,309
2021-09-09 15:57:01 UTC,4409,30,283,,0,0,0,0,309
2021-09-09 16:57:01 UTC,4410,35,318,,0,0,0,0,309
2021-09-09 17:57:01 UTC,4411,11,329,,0,0,0,0,309
2021-09-09 18:57:01 UTC,4412,12,341,,3.9,0,0,0,309
2021-09-09 19:57:01 UTC,4413,9,350,,0,0,0,0,309
2021-09-09 20:57:01 UTC,4414,7,357,,3.9,0,0,0,309
2021-09-09 21:57:01 UTC,4415,,,357,,,,,
2021-09-09 22:57:01 UTC,4416,0,0,,0,0,0,0,362
2021-09-09 23:57:01 UTC,4417,0,0,,0,0,0,0,362
2021-09-10 00:57:01 UTC,4418,0,0,,0,0,0,0,362
2021-09-10 01:57:01 UTC,4419,0,0,,0,0,0,0,362
2021-09-10 02:57:01 UTC,4420,0,0,,3.9,0,0,0,362
2021-09-10 03:57:01 UTC,4421,2,2,,0,0,0,0,362
2021-09-10 04:57:01 UTC,4422,2,4,,0,0,0,0,362
2021-09-10 05:57:01 UTC,4423,16,20,,0,0,0,0,362
2021-09-10 06:57:01 UTC,4424,15,35,,3.9,0,0,0,362
2021-09-10 07:57:01 UTC,4425,29,66,,0,0,0,0,362
2021-09-10 08:57:01 UTC,4426,24,90,,0,0,0,0,362
2021-09-10 09:57:01 UTC,4427,26,116,,0,0,0,0,362
2021-09-10 10:57:01 UTC,4428,4,120,,3.9,0,0,0,362
2021-09-10 11:57:01 UTC,4429,4,124,,0,0,0,0,362
2021-09-10 12:57:01 UTC,4430,5,129,,0,0,0,0,362
2021-09-10 13:57:01 UTC,4431,6,135,,0,0,0,0,362
2021-09-10 14:57:01 UTC,4432,7,142,,3.9,0,0,0,362
2021-09-10 15:57:01 UTC,4433,13,155,,0,0,0,0,362
2021-09-10 16:57:01 UTC,4434,17,172,,0,0,0,0,362
2021-09-10 17:57:01 UTC,4435,29,201,,0,0,0,0,362
2021-09-10 18:57:01 UTC,4436,4,205,,3.9,0,0,0,362
2021-09-10 19:57:01 UTC,4437,5,210,,0,0,0,0,362
2021-09-10 20:57:01 UTC,4438,4,214,,3.9,0,0,0,362
2021-09-10 21:57:01 UTC,4439,,,214,,,,,
2021-09-10 22:57:01 UTC,4440,3,3,,0,0,0,0,219
2021-09-10 23:57:01 UTC,4441,0,3,,0,0,0,0,219
2021-09-11 00:57:01 UTC,4442,0,3,,0,0,0,0,219
2021-09-11 01:57:01 UTC,4443,0,3,,0,0,0,0,219
2021-09-11 02:57:01 UTC,4444,0,3,,3.9,0,0,0,219
2021-09-11 03:57:01 UTC,4445,1,4,,0,0,0,0,219
2021-09-11 04:57:01 UTC,4446,3,7,,0,0,0,0,219
2021-09-11 05:57:01 UTC,4447,10,17,,0,0,0,0,219
2021-09-11 06:57:01 UTC,4448,18,35,,3.9,0,0,0,219
2021-09-11 07:57:01 UTC,4449,30,66,,0,0,0,0,219
2021-09-11 08:57:01 UTC,4450,27,93,,0,0,0,0,219
2021-09-11 09:57:01 UTC,4451,43,136,,0,0,0,0,219
2021-09-11 10:57:01 UTC,4452,44,180,,3.9,0,0,0,219
2021-09-11 11:57:01 UTC,4453,31,217,,0,0,0,0,219
2021-09-11 12:57:01 UTC,4454,11,228,,0,0,0,0,219
2021-09-11 13:57:01 UTC,4455,12,240,,0,0,0,0,219
2021-09-11 14:57:01 UTC,4456,5,245,,3.9,0,0,0,219
2021-09-11 15:57:01 UTC,4457,14,259,,0,0,0,0,219
2021-09-11 16:57:01 UTC,4458,35,294,,0,0,0,0,219
2021-09-11 17:57:01 UTC,4459,9,303,,0,0,0,0,219
2021-09-11 18:57:01 UTC,4460,6,309,,3.9,0,0,0,219
2021-09-11 19:57:01 UTC,4461,6,315,,0,0,0,0,219
2021-09-11 20:57:01 UTC,4462,7,322,,3.9,0,0,0,219
2021-09-11 21:57:01 UTC,4463,,,322,,,,,
2021-09-11 22:57:01 UTC,4464,2,2,,0,0,0,0,326
2021-09-11 23:57:01 UTC,4465,2,4,,0,0,0,0,326
2021-09-12 00:57:01 UTC,4466,0,4,,0,0,0,0,326
2021-09-12 01:57:01 UTC,4467,3,7,,0,0,0,0,326
2021-09-12 02:57:01 UTC,4468,0,7,,3.9,0,0,0,326
2021-09-12 03:57:01 UTC,4469,3,10,,0,0,0,0,326
2021-09-12 04:57:01 UTC,4470,2,12,,0,0,0,0,326
2021-09-12 05:57:01 UTC,4471,7,19,,0,0,0,0,326
2021-09-12 06:57:01 UTC,4472,10,29,,3.9,0,0,0,326
2021-09-12 07:57:01 UTC,4473,24,54,,0,0,0,0,326
2021-09-12 08:57:01 UTC,4474,25,79,,0,0,0,0,326
2021-09-12 09:57:01 UTC,4475,31,110,,0,0,0,0,326
2021-09-12 10:57:01 UTC,4476,29,139,,3.9,0,0,0,326
2021-09-12 11:57:01 UTC,4477,11,150,,0,0,0,0,326
2021-09-12 12:57:01 UTC,4478,11,161,,0,0,0,0,326
2021-09-12 13:57:01 UTC,4479,14,175,,0,0,0,0,326
2021-09-12 14:57:01 UTC,4480,18,193,,3.9,0,0,0,326
2021-09-12 15:57:01 UTC,4481,20,214,,0,0,0,0,326
2021-09-12 16:57:01 UTC,4482,19,233,,0,0,0,0,326
2021-09-12 17:57:01 UTC,4483,26,259,,0,0,0,0,326
2021-09-12 18:57:01 UTC,4484,7,266,,3.9,0,0,0,326
2021-09-12 19:57:01 UTC,4485,6,272,,0,0,0,0,326
2021-09-12 20:57:01 UTC,4486,5,277,,3.9,0,0,0,326
2021-09-12 21:57:01 UTC,4487,,,277,,,,,
