created_at,entry_id,field1,field2,field3,field4,field5,field6,field7,field8
2022-01-01 00:57:01 UTC,7126,0,2,,0,0,0,0,353
2022-01-01 01:57:01 UTC,7127,0,2,,0,0,0,0,353
2022-01-01 02:57:01 UTC,7128,0,2,,0,0,0,0,353
2022-01-01 03:57:01 UTC,7129,4,6,,3.6,0,0,0,353
2022-01-01 04:57:01 UTC,7130,0,6,,0,0,0,0,353
2022-01-01 05:57:01 UTC,7131,1,7,,0,0,0,0,353
2022-01-01 06:57:01 UTC,7132,5,12,,0,0,0,0,353
2022-01-01 07:57:01 UTC,7133,2,14,,3.6,0,0,0,353
2022-01-01 08:57:01 UTC,7134,8,23,,0,0,0,0,353
2022-01-01 09:57:01 UTC,7135,15,38,,0,0,0,0,353
2022-01-01 10:57:01 UTC,7136,12,50,,0,0,0,0,353
2022-01-01 11:57:01 UTC,7137,24,74,,3.6,0,0,0,353
2022-01-01 12:57:01 UTC,7138,25,100,,0,0,0,0,353
2022-01-01 13:57:01 UTC,7139,27,127,,0,0,0,0,353
2022-01-01 14:57:01 UTC,7140,21,148,,0,0,0,0,353
2022-01-01 15:57:01 UTC,7141,15,163,,3.6,0,0,0,353
2022-01-01 16:57:01 UTC,7142,15,178,,0,0,1,0,353
2022-01-01 17:57:01 UTC,7143,6,184,,0,0,1,0,353
2022-01-01 18:57:01 UTC,7144,17,201,,0,0,1,0,353
2022-01-01 19:57:01 UTC,7145,4,205,,3.6,0,1,0,353
2022-01-01 20:57:01 UTC,7146,2,207,,0,0,1,0,353
2022-01-01 21:57:01 UTC,7147,2,209,,3.6,0,1,0,353
2022-01-01 22:57:01 UTC,7148,,,209,,,,,
2022-01-01 23:57:01 UTC,7149,5,5,,0,0,0,0,209
2022-01-02 00:57:01 UTC,7150,0,5,,0,0,0,0,209
2022-01-02 01:57:01 UTC,7151,0,5,,0,0,0,0,209
2022-01-02 02:57:01 UTC,7152,0,5,,0,0,0,0,209
2022-01-02 03:57:01 UTC,7153,0,5,,3.6,0,0,0,209
2022-01-02 04:57:01 UTC,7154,1,6,,0,0,0,1,209
2022-01-02 05:57:01 UTC,7155,2,8,,0,0,0,1,209
2022-01-02 06:57:01 UTC,7156,2,10,,0,0,0,1,209
2022-01-02 07:57:01 UTC,7157,4,14,,0,0,0,1,209
2022-01-02 08:57:01 UTC,7158,18,32,,0,0,0,1,209
2022-01-02 09:57:01 UTC,7159,14,46,,0,0,0,1,209
2022-01-02 10:57:01 UTC,7160,27,73,,0,0,0,1,209
2022-01-02 11:57:01 UTC,7161,18,91,,3.6,0,0,1,209
2022-01-02 12:57:01 UTC,7162,6,100,,0,0,0,1,209
2022-01-02 13:57:01 UTC,7163,5,105,,0,0,0,1,209
2022-01-02 14:57:01 UTC,7164,16,121,,0,0,0,1,209
2022-01-02 15:57:01 UTC,7165,16,137,,3.6,0,0,1,209
2022-01-02 16:57:01 UTC,7166,12,149,,0,0,0,1,209
2022-01-02 17:57:01 UTC,7167,2,151,,0,0,0,1,209
2022-01-02 18:57:01 UTC,7168,7,158,,0,0,0,1,209
2022-01-02 19:57:01 UTC,7169,7,165,,3.6,0,0,1,209
2022-01-02 20:57:01 UTC,7170,1,166,,0,0,0,1,209
2022-01-02 21:57:01 UTC,7171,2,168,,3.6,0,0,1,209
2022-01-02 22:57:01 UTC,7172,,,168,,,,,
2022-01-02 23:57:01 UTC,7173,0,0,,0,0,0,0,169
2022-01-03 00:57:01 UTC,7174,0,0,,0,0,0,0,169
2022-01-03 01:57:01 UTC,7175,0,0,,0,0,0,0,169
2022-01-03 02:57:01 UTC,7176,0,0,,0,0,0,0,169
2022-01-03 03:57:01 UTC,7177,0,0,,3.6,0,0,0,169
2022-01-03 04:57:01 UTC,7178,0,0,,0,0,0,0,169
2022-01-03 05:57:01 UTC,7179,6,6,,0,0,0,0,169
2022-01-03 06:57:01 UTC,7180,9,15,,0,0,0,0,169
2022-01-03 07:57:01 UTC,7181,9,24,,3.6,0,0,0,169
2022-01-03 08:57:01 UTC,7182,18,46,,0,0,0,0,169
2022-01-03 09:57:01 UTC,7183,19,65,,0,0,0,0,169
2022-01-03 10:57:01 UTC,7184,35,100,,0,0,0,0,169
2022-01-03 11:57:01 UTC,7185,32,132,,3.6,0,0,0,169
2022-01-03 12:57:01 UTC,7186,15,152,,0,0,0,0,169
2022-01-03 13:57:01 UTC,7187,2,154,,0,0,0,0,169
2022-01-03 14:57:01 UTC,7188,11,165,,0,0,0,0,169
2022-01-03 15:57:01 UTC,7189,10,175,,3.6,0,0,0,169
2022-01-03 16:57:01 UTC,7190,20,195,,0,0,1,0,169
2022-01-03 17:57:01 UTC,7191,62,257,,0,0,1,0,169
2022-01-03 18:57:01 UTC,7192,7,264,,0,0,1,0,169
2022-01-03 19:57:01 UTC,7193,16,280,,3.6,0,1,0,169
2022-01-03 20:57:01 UTC,7194,3,283,,0,0,1,0,169
2022-01-03 21:57:01 UTC,7195,6,289,,3.6,0,1,0,169
2022-01-03 22:57:01 UTC,7196,,,289,,,,,
2022-01-03 23:57:01 UTC,7197,1,1,,0,0,0,0,293
2022-01-04 00:57:01 UTC,7198,1,2,,0,0,0,0,293
2022-01-04 01:57:01 UTC,7199,0,2,,0,0,0,0,293
2022-01-04 02:57:01 UTC,7200,0,2,,0,0,0,0,293
2022-01-04 03:57:01 UTC,7201,0,2,,3.6,0,0,0,293
2022-01-04 04:57:01 UTC,7202,1,3,,0,0,0,0,293
2022-01-04 05:57:01 UTC,7203,2,5,,0,0,0,0,293
2022-01-04 06:57:01 UTC,7204,11,16,,0,0,0,0,293
2022-01-04 07:57:01 UTC,7205,17,33,,3.6,0,0,0,293
2022-01-04 08:57:01 UTC,7206,18,56,,0,0,0,0,293
2022-01-04 09:57:01 UTC,7207,34,90,,0,0,0,0,293
2022-01-04 10:57:01 UTC,7208,17,107,,0,0,0,0,293
2022-01-04 11:57:01 UTC,7209,21,128,,3.6,0,0,0,293
2022-01-04 12:57:01 UTC,7210,18,146,,0,0,0,0,293
2022-01-04 13:57:01 UTC,7211,10,156,,0,0,0,0,293
2022-01-04 14:57:01 UTC,7212,13,169,,0,0,0,0,293
2022-01-04 15:57:01 UTC,7213,15,184,,3.6,0,0,0,293
2022-01-04 16:57:01 UTC,7214,20,204,,0,0,0,0,293
2022-01-04 17:57:01 UTC,7215,15,219,,0,0,0,0,293
2022-01-04 18:57:01 UTC,7216,9,228,,0,0,0,0,293
2022-01-04 19:57:01 UTC,7217,8,236,,3.6,0,0,0,293
2022-01-04 20:57:01 UTC,7218,1,238,,0,0,0,0,293
2022-01-04 21:57:01 UTC,7219,2,240,,3.6,0,0,0,293
2022-01-04 22:57:01 UTC,7220,,,240,,,,,
2022-01-04 23:57:01 UTC,7221,3,3,,0,0,0,0,241
2022-01-05 00:57:01 UTC,7222,0,3,,0,0,0,0,241
2022-01-05 01:57:01 UTC,7223,0,3,,0,0,0,0,241
2022-01-05 02:57:01 UTC,7224,0,3,,0,0,0,0,241
2022-01-05 03:57:01 UTC,7225,0,3,,3.6,0,0,0,241
2022-01-05 04:57:01 UTC,7226,2,5,,0,0,0,0,241
2022-01-05 05:57:01 UTC,7227,5,10,,0,0,0,0,241
2022-01-05 06:57:01 UTC,7228,14,24,,0,0,0,0,241
2022-01-05 07:57:01 UTC,7229,33,57,,3.6,0,0,0,241
2022-01-05 08:57:01 UTC,7230,17,75,,0,0,0,0,241
2022-01-05 09:57:01 UTC,7231,27,102,,0,0,0,0,241
2022-01-05 10:57:01 UTC,7232,39,141,,0,0,0,0,241
2022-01-05 11:57:01 UTC,7233,37,178,,3.6,0,0,0,241
2022-01-05 12:57:01 UTC,7234,23,204,,0,0,0,0,241
2022-01-05 13:57:01 UTC,7235,10,214,,0,0,0,0,241
2022-01-05 14:57:01 UTC,7236,10,224,,0,0,0,0,241
2022-01-05 15:57:01 UTC,7237,18,242,,3.6,0,0,0,241
2022-01-05 16:57:01 UTC,7238,12,257,,0,0,0,0,241
2022-01-05 17:57:01 UTC,7239,11,268,,0,0,0,0,241
2022-01-05 18:57:01 UTC,7240,8,276,,0,0,0,0,241
2022-01-05 19:57:01 UTC,7241,5,281,,3.6,0,0,0,241
2022-01-05 20:57:01 UTC,7242,5,288,,0,0,0,0,241
2022-01-05 21:57:01 UTC,7243,1,289,,3.6,0,0,0,241
2022-01-05 22:57:01 UTC,7244,,,289,,,,,
2022-01-05 23:57:01 UTC,7245,0,0,,0,0,0,0,291
2022-01-06 00:57:01 UTC,7246,0,0,,0,0,0,0,291
2022-01-06 01:57:01 UTC,7247,0,0,,0,0,0,0,291
2022-01-06 02:57:01 UTC,7248,0,0,,0,0,0,0,291
2022-01-06 03:57:01 UTC,7249,0,0,,3.6,0,0,0,291
2022-01-06 04:57:01 UTC,7250,0,0,,0,0,0,0,291
2022-01-06 05:57:01 UTC,7251,1,1,,0,0,0,0,291
2022-01-06 06:57:01 UTC,7252,8,9,,0,0,0,0,291
2022-01-06 07:57:01 UTC,7253,3,12,,3.6,0,0,0,291
2022-01-06 08:57:01 UTC,7254,7,19,,0,0,0,0,291
2022-01-06 09:57:01 UTC,7255,20,39,,0,0,0,0,291
2022-01-06 10:57:01 UTC,7256,21,60,,0,0,0,0,291
2022-01-06 11:57:01 UTC,7257,25,85,,3.6,0,0,0,291
2022-01-06 12:57:01 UTC,7258,13,99,,0,0,0,0,291
2022-01-06 13:57:01 UTC,7259,8,107,,0,0,0,0,291
2022-01-06 14:57:01 UTC,7260,18,125,,0,0,0,0,291
2022-01-06 15:57:01 UTC,7261,13,138,,3.6,0,0,0,291
2022-01-06 16:57:01 UTC,7262,22,163,,0,0,0,0,291
2022-01-06 17:57:01 UTC,7263,13,176,,0,0,0,0,291
2022-01-06 18:57:01 UTC,7264,7,183,,0,0,0,0,291
2022-01-06 19:57:01 UTC,7265,2,185,,3.6,0,0,0,291
2022-01-06 20:57:01 UTC,7266,5,193,,0,0,0,0,291
2022-01-06 21:57:01 UTC,7267,7,200,,3.6,0,0,0,291
2022-01-06 22:57:01 UTC,7268,,,200,,,,,
2022-01-06 23:57:01 UTC,7269,1,1,,0,0,0,0,200
2022-01-07 00:57:01 UTC,7270,1,2,,0,0,0,0,200
2022-01-07 01:57:01 UTC,7271,0,2,,0,0,0,0,200
2022-01-07 02:57:01 UTC,7272,0,2,,0,0,0,0,200
2022-01-07 03:57:01 UTC,7273,0,2,,3.6,0,0,0,200
2022-01-07 04:57:01 UTC,7274,0,2,,0,0,0,0,200
2022-01-07 05:57:01 UTC,7275,4,6,,0,0,0,0,200
2022-01-07 06:57:01 UTC,7276,15,21,,0,0,0,0,200
2022-01-07 07:57:01 UTC,7277,16,37,,3.6,0,0,0,200
2022-01-07 08:57:01 UTC,7278,20,59,,0,0,0,0,200
2022-01-07 09:57:01 UTC,7279,35,94,,0,0,0,0,200
2022-01-07 10:57:01 UTC,7280,53,147,,0,0,0,0,200
2022-01-07 11:57:01 UTC,7281,24,171,,3.6,0,0,0,200
2022-01-07 12:57:01 UTC,7282,22,198,,0,0,0,1,200
2022-01-07 13:57:01 UTC,7283,26,224,,0,0,0,1,200
2022-01-07 14:57:01 UTC,7284,18,242,,0,0,0,1,200
2022-01-07 15:57:01 UTC,7285,19,261,,3.6,0,0,1,200
2022-01-07 16:57:01 UTC,7286,28,290,,0,0,0,1,200
2022-01-07 17:57:01 UTC,7287,37,327,,0,0,0,1,200
2022-01-07 18:57:01 UTC,7288,12,339,,0,0,0,1,200
2022-01-07 19:57:01 UTC,7289,12,351,,3.6,0,0,1,200
2022-01-07 20:57:01 UTC,7290,3,354,,0,0,0,1,200
2022-01-07 21:57:01 UTC,7291,4,358,,3.6,0,0,1,200
2022-01-07 22:57:01 UTC,7292,,,358,,,,,
2022-01-07 23:57:01 UTC,7293,0,0,,0,0,0,0,359
2022-01-08 00:57:01 UTC,7294,0,0,,0,0,0,0,359
2022-01-08 01:57:01 UTC,7295,0,0,,0,0,0,0,359
2022-01-08 02:57:01 UTC,7296,2,2,,0,0,0,0,359
2022-01-08 03:57:01 UTC,7297,3,5,,3.6,0,0,0,359
2022-01-08 04:57:01 UTC,7298,0,5,,0,0,0,0,359
2022-01-08 05:57:01 UTC,7299,2,7,,0,0,0,0,359
2022-01-08 06:57:01 UTC,7300,4,11,,0,0,0,0,359
2022-01-08 07:57:01 UTC,7301,13,24,,3.6,0,0,0,359
2022-01-08 08:57:01 UTC,7302,27,58,,0,0,0,0,359
2022-01-08 09:57:01 UTC,7303,40,98,,0,0,0,0,359
2022-01-08 10:57:01 UTC,7304,55,153,,0,0,0,0,359
2022-01-08 11:57:01 UTC,7305,67,220,,3.6,0,0,0,359
2022-01-08 12:57:01 UTC,7306,22,247,,0,0,0,0,359
2022-01-08 13:57:01 UTC,7307,24,271,,0,0,0,0,359
2022-01-08 14:57:01 UTC,7308,16,287,,0,0,0,0,359
2022-01-08 15:57:01 UTC,7309,28,315,,3.6,0,0,0,359
2022-01-08 16:57:01 UTC,7310,37,356,,0,0,0,0,359
2022-01-08 17:57:01 UTC,7311,35,391,,0,0,0,0,359
2022-01-08 18:57:01 UTC,7312,10,401,,0,0,0,0,359
2022-01-08 19:57:01 UTC,7313,8,409,,3.6,0,0,0,359
2022-01-08 20:57:01 UTC,7314,10,419,,0,0,0,0,359
2022-01-08 21:57:01 UTC,7315,4,423,,3.6,0,0,0,359
2022-01-08 22:57:01 UTC,7316,,,423,,,,,
2022-01-08 23:57:01 UTC,7317,3,3,,0,0,0,0,423
2022-01-09 00:57:01 UTC,7318,0,3,,0,0,0,0,423
2022-01-09 01:57:01 UTC,7319,0,3,,0,0,0,0,423
2022-01-09 02:57:01 UTC,7320,0,3,,0,0,0,0,423
2022-01-09 03:57:01 UTC,7321,0,3,,3.6,0,0,0,423
2022-01-09 04:57:01 UTC,7322,0,4,,0,0,0,0,423
2022-01-09 05:57:01 UTC,7323,1,5,,0,0,0,0,423
2022-01-09 06:57:01 UTC,7324,5,10,,0,0,0,0,423
2022-01-09 07:57:01 UTC,7325,8,18,,3.6,0,0,0,423
2022-01-09 08:57:01 UTC,7326,8,26,,0,0,0,0,423
2022-01-09 09:57:01 UTC,7327,9,35,,0,0,0,0,423
2022-01-09 10:57:01 UTC,7328,13,48,,0,0,0,0,423
2022-01-09 11:57:01 UTC,7329,6,54,,3.6,0,0,0,423
2022-01-09 12:57:01 UTC,7330,0,57,,0,0,0,0,423
2022-01-09 13:57:01 UTC,7331,3,60,,0,0,0,0,423
2022-01-09 14:57:01 UTC,7332,2,62,,0,0,0,0,423
2022-01-09 15:57:01 UTC,7333,3,65,,3.6,0,0,0,423
2022-01-09 16:57:01 UTC,7334,10,80,,0,0,0,1,423
2022-01-09 17:57:01 UTC,7335,0,80,,0,0,0,1,423
2022-01-09 18:57:01 UTC,7336,10,90,,0,0,0,1,423
2022-01-09 19:57:01 UTC,7337,2,92,,3.6,0,0,1,423
2022-01-09 23:57:01 UTC,7338,0,0,,0,0,0,0,100
2022-01-10 00:57:01 UTC,7339,1,1,,0,0,0,0,100
2022-01-10 01:57:01 UTC,7340,0,1,,0,0,0,0,100
2022-01-10 02:57:01 UTC,7341,0,1,,0,0,0,0,100
2022-01-10 03:57:01 UTC,7342,0,1,,3.6,0,0,0,100
2022-01-10 04:57:01 UTC,7343,1,2,,0,0,0,0,100
2022-01-10 05:57:01 UTC,7344,2,4,,0,0,0,0,100
2022-01-10 06:57:01 UTC,7345,15,19,,0,0,0,0,100
2022-01-10 07:57:01 UTC,7346,28,47,,3.6,0,0,0,100
2022-01-10 08:57:01 UTC,7347,24,79,,0,0,0,0,100
2022-01-10 09:57:01 UTC,7348,14,93,,0,0,0,0,100
2022-01-10 10:57:01 UTC,7349,24,117,,0,0,0,0,100
2022-01-10 11:57:01 UTC,7350,25,142,,3.6,0,0,0,100
2022-01-10 12:57:01 UTC,7351,19,165,,0,0,0,0,100
2022-01-10 13:57:01 UTC,7352,12,177,,0,0,0,0,100
2022-01-10 14:57:01 UTC,7353,21,198,,0,0,0,0,100
2022-01-10 15:57:01 UTC,7354,25,223,,3.6,0,0,0,100
2022-01-10 16:57:01 UTC,7355,18,243,,0,0,0,0,100
2022-01-10 17:57:01 UTC,7356,19,262,,0,0,0,0,100
2022-01-10 18:57:01 UTC,7357,9,271,,0,0,0,0,100
2022-01-10 19:57:01 UTC,7358,18,289,,3.6,0,0,0,100
2022-01-10 20:57:01 UTC,7359,5,295,,0,0,0,0,100
2022-01-10 21:57:01 UTC,7360,2,297,,3.6,0,0,0,100
2022-01-10 22:57:01 UTC,7361,,,297,,,,,
2022-01-10 23:57:01 UTC,7362,1,1,,0,0,0,0,299
2022-01-11 00:57:01 UTC,7363,0,1,,0,0,0,0,299
2022-01-11 01:57:01 UTC,7364,0,1,,0,0,0,0,299
2022-01-11 02:57:01 UTC,7365,0,1,,0,0,0,0,299
2022-01-11 03:57:01 UTC,7366,0,1,,3.6,0,0,0,299
2022-01-11 04:57:01 UTC,7367,0,1,,0,0,0,0,299
2022-01-11 05:57:01 UTC,7368,5,6,,0,0,0,0,299
2022-01-11 06:57:01 UTC,7369,15,21,,0,0,0,0,299
2022-01-11 07:57:01 UTC,7370,29,50,,3.6,0,0,0,299
2022-01-11 08:57:01 UTC,7371,22,79,,0,0,0,0,299
2022-01-11 09:57:01 UTC,7372,35,114,,0,0,0,0,299
2022-01-11 10:57:01 UTC,7373,22,136,,0,0,0,0,299
2022-01-11 11:57:01 UTC,7374,23,159,,3.6,0,0,0,299
2022-01-11 12:57:01 UTC,7375,13,175,,0,0,0,0,299
2022-01-11 13:57:01 UTC,7376,18,193,,0,0,0,0,299
2022-01-11 14:57:01 UTC,7377,13,206,,0,0,0,0,299
2022-01-11 15:57:01 UTC,7378,14,220,,3.6,0,0,0,299
2022-01-11 16:57:01 UTC,7379,22,245,,0,0,0,0,299
2022-01-11 17:57:01 UTC,7380,15,260,,0,0,0,0,299
2022-01-11 18:57:01 UTC,7381,13,273,,0,0,0,0,299
2022-01-11 19:57:01 UTC,7382,10,283,,3.6,0,0,0,299
2022-01-11 20:57:01 UTC,7383,3,287,,0,0,0,0,299
2022-01-11 21:57:01 UTC,7384,2,289,,3.6,0,0,0,299
2022-01-11 22:57:01 UTC,7385,,,289,,,,,
2022-01-11 23:57:01 UTC,7386,1,1,,0,0,0,0,291
2022-01-12 00:57:01 UTC,7387,0,1,,0,0,0,0,291
2022-01-12 01:57:01 UTC,7388,0,1,,0,0,0,0,291
2022-01-12 02:57:01 UTC,7389,0,1,,0,0,0,0,291
2022-01-12 03:57:01 UTC,7390,0,1,,3.6,0,0,0,291
2022-01-12 04:57:01 UTC,7391,0,1,,0,0,0,0,291
2022-01-12 05:57:01 UTC,7392,1,2,,0,0,0,0,291
2022-01-12 06:57:01 UTC,7393,15,17,,0,0,0,0,291
2022-01-12 07:57:01 UTC,7394,22,39,,3.6,0,0,0,291
2022-01-12 08:57:01 UTC,7395,32,77,,0,0,0,0,291
2022-01-12 09:57:01 UTC,7396,26,103,,0,0,0,0,291
2022-01-12 10:57:01 UTC,7397,66,169,,0,0,0,0,291
2022-01-12 11:57:01 UTC,7398,44,213,,3.6,0,0,0,291
2022-01-12 12:57:01 UTC,7399,20,234,,0,0,0,0,291
2022-01-12 13:57:01 UTC,7400,24,258,,0,0,0,0,291
2022-01-12 14:57:01 UTC,7401,10,268,,0,0,0,0,291
2022-01-12 15:57:01 UTC,7402,26,294,,3.6,0,0,0,291
2022-01-12 16:57:01 UTC,7403,30,329,,0,0,0,0,291
2022-01-12 17:57:01 UTC,7404,18,347,,0,0,0,0,291
2022-01-12 18:57:01 UTC,7405,28,375,,0,0,0,0,291
2022-01-12 19:57:01 UTC,7406,10,385,,3.6,0,0,0,291
2022-01-12 20:57:01 UTC,7407,4,390,,0,0,0,0,291
2022-01-12 21:57:01 UTC,7408,5,395,,3.6,0,0,0,291
2022-01-12 22:57:01 UTC,7409,,,395,,,,,
